81.6523
83.1124
83.6341
78.7707
78.6782
79.8828
79.3433
80.657
79.755
81.0959
81.9754
83.3437
83.479
84.1095
78.4792
75.0128
79.3479
81.2056
82.0887
82.4325
81.8301
82.1801
83.3406
84.3035
75.7822
78.6565
80.4909
80.2605
81.4299
81.7559
82.6634
81.4526
78.1252
78.7104
81.0675
76.9019
80.2302
82.1728
82.1081
81.7692
79.3601
79.1051
79.7259
81.889
81.9956
81.3112
80.5914
79.0772
78.9691
80.4077
81.9837
82.5637
80.8089
81.3081
80.8172
80.2575
82.0556
83.4397
81.0943
80.9793
80.9339
78.3179
79.8709
80.1746
81.1451
81.6471
78.2162
79.8182
79.8461
78.4652
79.3813
78.7156
80.5661
81.8529
82.6269
83.6544
79.3727
79.9635
82.1437
79.6842
78.7737
80.3395
81.371
79.5043
79.7955
80.6171
79.6615
78.3964
78.9657
80.3915
81.4392
