80.7856
80.6604
82.0891
82.9799
82.5776
83.1659
83.4469
84.2993
83.6432
84.7675
86.0202
84.1101
80.8772
81.8855
83.2239
84.4377
84.6944
84.8966
84.9287
79.641
80.0663
81.1535
82.0378
84.4354
83.9837
84.9025
86.648
87.7324
79.0613
77.7075
81.043
82.7067
84.42
82.4724
84.4727
85.7613
79.8191
82.1384
82.4596
84.4973
85.3658
81.0212
83.5354
81.7227
84.3442
85.1943
86.1033
80.4559
79.6444
82.1377
80.8888
80.9426
82.5862
83.764
84.6997
82.6675
84.1743
85.3112
86.0994
79.4433
80.8952
82.161
83.7321
85.5433
86.3006
85.7942
84.05
84.0122
80.6044
81.2681
82.5814
83.1631
83.8698
84.2773
80.769
81.1662
78.4439
81.5209
83.098
84.2828
85.4039
86.2749
87.2651
82.063
80.8196
82.9537
84.4744
83.9429
82.2789
