95.0341
94.9462
92.3228
92.0525
93.2872
92.8702
93.9847
95.7457
96.4855
93.4988
91.7722
93.6971
93.5741
94.0585
96.066
96.9528
96.5994
95.7651
93.9833
94.1715
93.9602
94.8338
94.6907
94.8536
94.2925
94.4495
93.7892
95.0162
96.0828
92.4263
92.5285
93.1934
95.4684
96.7146
97.2457
94.1184
93.7825
93.5402
94.2128
94.9228
95.6444
97.1057
95.4162
94.9976
93.6688
94.3238
94.7247
95.2903
94.7199
93.6298
93.6413
96.0243
96.9804
95.2178
96.3301
95.6376
96.2238
97.1698
93.3869
94.5899
95.4302
96.4463
97.7158
91.0378
93.3937
94.4632
93.646
94.9557
95.554
96.216
94.3394
90.554
90.9325
93.9847
94.1919
94.7653
95.1875
95.2812
95.3817
95.9179
94.3718
96.2786
96.8972
