91.1747
92.0706
86.4296
87.5762
88.9231
90.2507
89.2203
88.9798
90.2715
89.6694
86.3808
87.7546
89.9308
90.5709
89.3164
90.1046
91.7402
87.0649
86.7156
88.4021
89.9043
88.4781
88.7456
89.3626
90.5806
89.5902
87.3086
88.6931
90.1188
88.3757
87.7879
87.4235
89.5585
90.887
87.9086
88.959
90.6981
89.4564
89.4151
89.9846
91.5527
87.6619
84.3552
89.1141
90.9548
89.9132
89.5054
89.9861
91.2383
92.6412
86.9351
87.7876
88.9842
90.6181
92.0596
84.5743
87.943
89.9855
87.1664
87.2587
89.2213
90.264
90.7688
90.3571
89.2746
88.7152
86.1673
88.8327
88.1214
89.2237
90.411
86.6593
88.7815
90.1005
92.2545
88.2047
85.5273
88.8242
90.1456
90.0735
89.2204
89.6902
90.8709
92.4472
92.9216
87.9572
89.091
88.1454
88.8918
89.3046
