90.2911
91.3287
91.9402
88.26
88.1952
88.4717
89.1252
90.0381
90.751
89.9187
89.9298
90.1225
90.2707
91.2593
91.6772
88.2237
86.9915
87.0907
87.5451
88.4138
89.7568
88.7871
87.6595
87.7998
89.4125
89.2976
89.3042
89.6787
89.7653
90.1093
90.1714
90.5323
86.2071
85.6976
86.4671
86.8378
87.2714
87.3381
87.5517
87.744
85.8828
86.2697
86.6941
86.8497
87.0052
85.1407
84.648
85.8546
86.1471
86.0003
87.254
85.9304
85.7765
85.3444
86.0335
85.9504
86.3738
86.6031
86.6306
84.124
83.5779
84.5364
84.5455
84.5733
84.6312
85.0002
85.4048
85.4487
85.8336
85.8382
85.9032
83.3547
84.1079
82.8676
83.1537
83.1413
83.392
83.3612
83.4443
83.5491
83.5695
81.95
82.065
82.3177
82.0738
82.4088
82.3524
82.6505
82.7954
81.8518
82.6193
81.2196
80.6719
81.8438
81.5122
81.5463
82.3714
81.5747
80.6803
81.4401
81.5236
81.4182
82.4292
81.24
81.9501
80.5394
81.2408
80.7859
80.7744
81.161
80.5466
80.4395
