88.123
90.0739
82.5367
83.6564
85.1714
86.801
87.7256
88.1468
86.4047
88.4271
84.5644
85.5837
87.2667
88.1949
86.9422
86.6361
88.2757
83.8924
84.4346
86.2259
87.6459
88.6311
88.2884
88.5875
90.0068
81.7998
83.5131
84.7356
86.2379
87.8306
88.2414
88.0889
88.1885
86.5549
84.3278
85.7254
86.7282
86.549
86.9025
86.5198
88.0564
88.7309
89.5092
84.6603
85.0202
86.455
87.9929
87.8407
87.0064
86.9319
88.6154
85.8589
85.8225
87.2721
88.2024
83.2495
85.1614
85.159
86.0789
85.907
86.3075
85.846
85.9597
86.1396
87.0864
88.7716
87.3466
85.5646
86.7733
86.4495
87.626
85.401
86.7773
88.9612
83.7117
86.7409
88.1967
86.8943
87.497
86.099
86.1539
86.9123
86.2254
86.852
87.4426
87.0897
86.2399
