78.5836
78.8894
78.231
79.4342
79.2072
79.4441
79.9668
79.3221
81.428
77.6501
78.7171
79.3159
79.8261
80.9475
76.9554
77.1158
79.355
81.7297
82.9869
79.852
80.0411
80.9966
77.3282
79.7082
79.3017
80.2732
81.5097
81.9321
82.4596
80.747
75.0861
77.0962
78.2121
79.8954
81.941
80.5604
82.2526
82.943
84.0752
84.4099
77.4849
77.1748
78.2805
80.7027
81.073
81.1243
81.8099
80.6224
78.7815
76.5001
77.3369
78.5985
80.2046
81.7352
82.6376
82.005
78.9086
75.3004
78.4328
78.5128
79.5342
81.2252
81.3424
82.5104
81.1075
78.5487
79.0993
80.7638
82.4578
79.8755
80.6513
81.67
83.4334
78.7843
79.0861
80.5378
82.5265
80.9542
81.3203
77.9033
79.6149
79.1925
80.237
