82.9766
76.9028
77.1297
78.4229
79.4145
81.4781
83.2046
83.8389
82.6627
83.2625
84.655
77.0296
78.9596
80.1654
81.4927
80.5199
80.4883
82.8396
80.6164
76.272
76.5616
79.8459
80.223
80.6778
80.9112
81.3744
82.4809
84.224
85.1365
79.431
80.2727
80.4261
82.3816
82.674
84.2331
81.6667
78.7709
81.4858
82.9449
81.1847
81.4931
78.9107
81.1393
81.1665
79.3861
81.7343
83.1281
84.3046
84.6501
80.3828
79.3814
80.2865
79.9822
81.799
82.5443
83.8066
84.7696
84.4332
77.3427
80.4047
80.4585
81.8814
81.9867
82.8178
81.0251
79.1216
79.7925
80.5244
81.0584
82.8929
83.1363
81.8588
81.2774
81.2068
79.4581
81.067
79.0993
81.4333
82.7037
83.8957
83.8804
81.2683
81.0396
82.3263
79.8949
80.6792
81.1741
83.0566
82.29
79.7041
81.4823
81.1888
