94.4599
93.0464
96.9549
97.5305
97.8219
93.0983
90.645
91.9836
91.6303
93.1246
95.0936
95.4051
95.8603
96.8196
94.1892
92.0605
91.741
94.0066
94.8677
95.586
96.9719
91.6656
92.3485
94.3651
94.8591
93.7381
92.282
90.2399
94.0956
95.9334
94.6978
95.2507
91.8043
91.7333
92.4156
94.5862
96.2441
94.839
93.2816
95.9305
96.5424
97.7036
90.163
90.8006
92.8011
93.4638
90.1705
95.0024
95.5629
92.3925
93.5919
95.0153
96.1167
96.8544
93.1563
93.2726
92.7459
93.4405
94.0363
92.7266
93.3581
94.4603
95.8698
97.293
88.1906
92.2319
93.2912
93.4905
94.5489
95.1954
94.4614
94.5306
95.5102
96.9078
98.1943
89.0876
91.9588
93.7238
93.7524
93.4476
93.5484
94.9144
96.4152
93.8214
91.7634
93.0351
93.2337
93.2571
