90.824
88.0604
88.4527
89.8392
90.7536
91.7511
92.4038
92.5723
93.4798
89.3209
88.6226
89.6132
90.3207
91.6411
89.4991
89.052
90.705
91.6245
92.707
91.583
89.4245
88.7011
89.5192
90.4034
91.4153
91.8125
88.7116
89.8666
90.6701
91.4478
92.0147
87.6048
88.3296
88.8406
89.345
90.3417
90.4134
90.0161
90.0441
90.4891
91.5875
89.3309
87.3326
87.8987
87.0691
88.3543
89.2906
88.593
88.8885
89.3759
88.9891
89.4587
88.9914
89.3386
89.7625
90.0864
90.2278
90.529
85.691
86.8338
86.4645
86.6484
87.1088
87.028
87.4887
87.5211
87.7454
85.8946
86.4525
86.7132
86.9042
87.5152
85.5001
84.6483
85.7623
86.1999
85.3699
86.2493
85.8088
85.8839
85.2111
86.0588
86.0471
86.3123
86.411
86.7457
84.1314
83.4112
83.6374
84.3837
84.5165
84.5054
84.6019
85.005
85.3052
85.4265
85.5767
85.8445
85.8964
83.2278
83.6481
82.8608
83.3221
83.2421
83.2589
83.3262
83.3539
83.4625
83.4645
82.4026
81.9217
83.0319
82.2067
82.5269
82.0306
82.4673
82.4216
82.6405
