91.8086
93.7359
92.7045
92.5774
93.5303
95.3324
96.2681
97.0209
95.5243
95.096
96.3589
97.5512
91.8006
92.7612
94.0714
94.1382
94.1006
94.4563
96.0977
95.2818
92.9949
93.4799
94.3501
96.6904
92.9567
92.2741
94.4309
94.9157
94.529
93.7084
93.3607
94.1383
96.0151
97.1056
94.368
92.807
92.6996
94.7235
94.1405
95.1115
94.7085
95.2131
94.8142
91.9781
93.3527
95.3386
94.6511
93.7036
93.7695
96.53
97.3081
92.5046
92.7573
92.7104
94.3863
92.582
94.7537
97.1007
92.3547
93.4309
93.1835
92.1932
91.7169
93.7751
93.5705
93.6103
94.972
96.6565
97.9327
92.6791
93.5218
93.1534
93.7872
94.437
92.9963
94.8593
93.5046
92.2839
94.7567
96.0845
91.0748
95.0502
94.2499
94.588
95.6189
96.3151
91.6696
