87.4731
83.3247
84.8203
84.9666
84.7972
84.5357
85.3734
84.5005
83.8402
81.1329
83.2885
83.6501
83.7295
84.823
86.0173
87.0633
88.042
84.0002
84.6278
86.2266
88.0223
83.0992
82.5938
84.0949
86.0659
87.1639
87.2134
82.4009
82.6474
80.8154
81.7049
84.4239
84.7539
85.1785
86.2668
83.8028
83.8334
79.3246
82.545
82.176
84.0842
84.8181
84.4784
86.4756
87.4474
81.9788
80.874
84.2811
86.9481
88.105
88.057
84.2869
86.2763
82.1758
83.247
85.2924
86.2119
86.8558
83.4122
84.2338
82.6837
83.4384
85.532
86.1098
87.4001
82.6866
85.6227
85.3324
86.1217
87.6588
88.5799
83.7241
84.7092
85.0573
85.4064
85.9603
86.3815
86.2036
80.7766
83.0971
83.8369
84.8508
86.1584
86.9269
84.8353
84.4023
83.4856
85.0525
87.0807
87.2554
85.5235
86.6292
87.2607
88.6454
