27.1411
24.3746
25.0021
27.8713
27.9156
25.8546
25.617
24.9302
24.7502
27.5258
29.6061
23.6188
24.8099
24.2347
26.2132
27.8305
25.6076
25.6748
21.7914
25.2045
25.9636
27.7661
29.6394
30.5823
22.6584
24.2868
27.8524
28.6119
28.7728
29.0046
30.018
19.8474
23.0858
25.9028
28.8397
25.1623
23.503
27.1856
22.8007
24.7974
26.9489
27.4644
27.341
24.3623
27.3636
28.046
22.1459
24.6456
26.1059
27.1181
28.3848
28.0739
24.141
23.2727
25.672
28.1257
28.6173
24.8156
24.2833
23.4699
23.2846
26.1725
27.145
25.0749
25.8488
29.1492
21.3353
24.0494
26.3665
27.6672
26.7171
