21.3096
24.5137
27.0254
26.1484
26.8348
28.7194
24.771
23.1583
24.2612
26.2212
26.9996
26.5927
22.2346
19.8078
23.682
26.3854
27.4517
29.0238
26.9083
24.4395
24.3163
27.1803
28.356
28.692
23.1444
26.3365
18.7666
25.5567
27.3312
29.0712
29.6024
23.036
22.0148
25.1767
26.1638
28.9243
28.7999
27.4148
29.323
21.7511
22.9751
25.1416
27.6959
29.1597
25.6886
25.6844
22.3229
24.0633
26.4329
26.429
24.0432
23.5482
23.4077
22.865
23.4496
24.9726
26.1548
24.7007
26.1655
28.6578
26.9226
26.5031
26.691
26.3308
23.5886
25.7221
24.8433
