26.8256
24.9364
27.0564
29.2408
21.2568
26.1052
25.6333
25.6623
27.5061
23.6233
27.1243
25.211
25.8942
24.794
20.7793
26.9802
28.7663
25.1188
25.0436
25.9951
28.8089
29.9766
25.8606
26.2858
24.9909
25.2961
27.0915
27.1523
26.0478
24.1084
24.4519
25.5633
26.878
25.0518
25.5338
16.4733
22.4304
25.737
27.8753
28.1388
26.2565
25.9795
28.2377
24.918
26.5347
27.0095
26.7836
28.1343
25.6511
23.205
24.7163
27.2139
27.5246
29.0799
30.5012
22.5751
23.6929
24.8625
26.1397
26.5223
27.3058
24.9052
26.54
23.6925
24.8805
26.5845
26.5336
24.4065
25.6012
28.0155
24.6069
25.4407
26.2195
