22.5322
23.4021
24.3017
25.8504
24.9105
21.7621
21.5607
23.1389
19.0957
19.5335
22.3055
23.0844
23.9224
22.9628
24.889
24.7886
24.7955
25.8491
21.867
24.6414
23.5801
24.3966
21.7199
25.695
27.1601
23.5035
22.7846
23.9211
25.1772
27.4604
27.34
22.6519
25.0986
22.8045
23.9061
26.2733
23.5747
26.8426
24.6587
25.2145
26.0718
27.7082
21.8157
25.0511
25.4887
28.1352
28.222
24.7972
24.1903
25.6064
26.3113
28.5323
25.086
24.0751
27.1003
25.3398
25.7278
24.96
26.6985
27.2301
28.528
19.3544
24.5486
24.9891
25.4275
27.5333
28.4627
27.046
24.4853
26.4252
28.5397
23.9659
25.5391
28.0011
29.8044
25.4743
26.5507
22.9147
24.4989
