24.2724
26.3275
25.0346
26.7825
28.1989
25.1512
26.0471
27.4461
26.699
25.4543
26.7627
28.4643
28.6505
23.6254
25.607
22.67
25.5344
26.2449
26.5268
28.5921
24.4342
24.0646
26.1156
25.0054
25.3971
26.9501
28.4087
25.1586
25.3307
26.7272
26.2367
27.186
28.8399
29.2243
24.8055
26.7709
28.7988
22.2114
24.7831
26.1925
27.0789
24.6272
24.8004
25.0426
26.0693
27.5416
23.7212
25.7169
22.3416
20.6226
22.3956
25.8955
27.0511
25.8475
27.0436
28.837
24.9757
25.109
27.7115
21.8141
24.7128
27.0654
25.0483
21.1056
21.4449
23.1744
25.2906
27.0166
