25.2157
24.2773
25.7812
26.8743
28.6689
23.3485
23.2398
21.5819
23.675
26.3575
27.2227
27.8729
29.2979
22.762
25.1829
25.6401
27.2116
27.0158
26.5053
25.9263
23.2966
25.965
26.4667
26.5302
27.5757
26.9274
22.9426
24.121
27.1734
26.241
26.81
27.6704
30.5937
23.2615
25.4595
26.8498
27.7607
28.0267
24.4277
24.922
23.5764
25.4351
26.0984
27.2877
27.5613
28.9216
30.1884
23.9585
26.7531
21.933
25.5575
26.7106
25.8192
23.9767
27.0363
25.0598
24.5767
26.1997
26.1924
25.1044
27.5641
20.3278
25.1034
26.4884
25.5108
26.8757
28.0062
25.8272
25.0916
25.3703
27.5073
