27.0001
25.515
24.3332
24.0176
26.4083
28.1919
27.1971
27.4109
28.845
22.5163
20.3592
23.1407
27.0577
27.9042
28.8746
30.0055
24.0049
23.8935
26.784
27.3952
27.3361
28.7897
22.2946
21.7048
25.5999
27.8953
28.2618
29.2744
21.4596
24.497
27.1811
28.449
27.1024
26.9779
26.6339
22.1677
25.0243
23.3549
25.1406
25.1739
23.5172
21.2156
24.379
26.3275
25.3817
25.3437
28.04
24.2793
23.8746
26.2013
28.7202
27.7536
28.5813
23.4297
21.9103
24.5099
28.4238
28.6344
26.6829
28.4554
29.9001
20.7064
23.9833
26.6316
27.9284
26.4413
29.3958
30.1601
16.2564
22.7053
23.1238
24.1256
26.0041
