67
67
67
67
67
67
67
67
67
67
67
67
67
67
67
66
66
66
65
66
66
65
66
66
66
66
66
66
66
66
66
66
66
66
66
66
65
66
66
66
66
66
66
66
67
67
67
67
67
67
67
67
67
67
66
65
65
65
65
65
65
65
65
65
65
65
66
66
66
66
66
66
66
66
66
66
67
67
67
67
67
67
66
66
66
67
67
67
67
66
66
67
67
67
67
67
67
67
67
67
67
67
67
67
66
66
66
65
66
66
66
66
66
66
66
67
67
67
67
67
67
67
67
67
67
67
67
67
67
67
67
67
68
67
66
66
66
66
66
66
66
65
66
65
65
65
65
65
65
65
65
65
65
63
63
63
63
63
63
63
63
64
64
64
65
65
65
65
66
66
66
66
67
67
67
67
67
67
67
67
67
68
68
68
67
66
66
66
66
66
66
66
66
66
66
66
66
66
66
66
66
66
66
66
66
66
67
67
66
66
66
66
66
66
66
67
67
67
67
67
66
67
66
67
67
66
65
65
65
66
66
66
66
66
66
66
66
66
66
66
66
66
66
66
66
66
66
66
66
66
65
65
60
64
66
67
67
68
67
66
66
66
66
66
66
66
66
66
67
67
67
67
66
67
67
66
66
66
66
66
64
63
63
63
64
64
65
65
66
66
66
67
67
67
67
67
67
67
67
67
67
67
66
66
66
66
67
66
67
66
67
66
67
67
67
66
66
66
66
65
63
63
63
65
66
66
66
63
66
66
67
66
63
64
65
65
64
64
65
66
66
66
67
67
67
67
67
67
67
67
67
67
67
67
68
67
64
