48.7585
48.0007
47.8489
47.9749
48.1462
48.1022
47.2039
47.5185
47.4698
48.0607
48.3353
48.7094
48.926
49.0619
46.9643
45.9645
46.4256
46.3377
45.8363
46.1384
45.9864
46.3484
47.2414
46.7502
47.4882
48.2713
48.8266
49.0061
47.7667
46.7923
46.7004
46.4681
46.1852
46.912
47.1342
47.7812
48.0224
48.3709
47.4134
46.8828
46.9928
47.3369
46.1522
46.8984
47.1624
47.816
48.0908
48.6159
47.7477
48.5366
48.3984
46.4262
47.1972
48.1684
48.6656
49.0449
49.3597
49.8203
46.8037
47.3333
47.4461
47.4654
47.9682
48.1594
47.6972
47.4207
47.7335
48.3341
48.6629
48.0733
45.9938
46.6863
47.4549
47.4135
47.3922
47.8065
48.5835
48.9703
49.051
49.2679
48.0127
46.4192
48.5296
48.0031
47.7804
48.2019
48.6348
49.0032
46.2713
47.198
47.6887
48.1633
48.9024
49.3622
45.9435
47.8636
47.9855
48.605
48.9882
49.6133
50.0808
47.2133
47.5718
48.0439
48.6645
49.1387
49.6385
46.7814
47.3136
47.4377
48.0067
48.527
49.0917
49.5335
47.3642
47.4063
47.1507
48.2827
48.4668
49.0871
49.5826
47.1666
47.6742
48.0824
48.6461
48.999
49.636
47.9951
47.5183
45.4041
46.5946
46.8103
47.1375
47.4901
47.8468
45.2327
45.7748
46.2864
47.1961
47.7236
47.844
48.5776
48.9612
49.254
49.7197
48.4666
47.6821
48.2268
48.5987
48.9087
