65.682
65.0996
65.2969
65.8509
66.8598
65.81
65.0591
65.3551
65.5513
66.2476
67.1045
66.8273
65.755
65.9918
66.1559
66.8803
67.093
67.2978
65.5781
65.4409
65.4208
65.9983
66.6098
67.1539
67.7181
65.6001
65.8524
66.4799
67.0181
65.8136
67.7135
68.082
68.2574
68.5245
68.5414
64.5851
66.1077
65.9409
66.0077
65.2724
65.8502
66.5329
67.114
67.312
67.867
67.7865
67.9567
68.1468
68.5139
68.8196
68.9685
69.058
64.1129
65.0868
64.2165
65.1971
65.711
65.1571
66.8084
66.9681
67.343
67.6109
67.9346
68.0585
68.3475
68.855
69.067
69.108
64.0334
64.0704
64.5173
64.9048
65.359
65.6827
66.4558
66.2203
66.1755
66.6659
67.282
67.5908
67.9551
68.2986
68.6217
64.8104
63.0897
64.817
65.3829
65.3169
66.0996
66.5963
66.9517
65.0639
66.2985
66.9975
67.4902
68.0767
68.4921
68.8946
69.0341
64.1092
64.7724
65.3035
65.2705
66.0145
64.0693
66.0197
65.4069
66.0916
66.691
67.3945
67.9163
67.5954
66.3797
65.5052
65.2299
65.4034
65.7282
65.9489
66.6514
65.9785
65.5236
64.8673
66.0411
66.9751
67.2062
67.2675
67.5217
67.8715
68.0221
65.6451
64.4616
64.5951
64.3156
64.9767
64.8699
64.0621
64.7473
65.3545
66.1114
66.4669
67.0641
67.5309
67.1254
66.6275
67.3921
66.4856
66.9757
