64.6599
65.1157
65.6233
63.4915
62.6701
63.1379
61.8731
62.6654
62.6863
63.2282
63.8253
63.9223
64.1367
64.2017
64.336
64.9719
65.2651
65.5569
65.9539
61.594
61.4674
62.1708
62.4436
62.6469
62.7272
62.8785
63.444
63.4793
63.9596
64.5804
64.5859
63.309
62.6171
60.3066
62.1886
62.8325
63.4466
63.939
64.2923
64.6071
63.6628
64.8725
64.847
63.9069
63.467
62.7025
62.8205
63.4312
63.5552
64.0696
64.2383
64.5374
65.0824
65.4437
64.2677
63.7525
62.1477
61.8768
61.1314
62.1641
62.1479
61.5882
62.4934
63.6792
63.5618
64.6657
64.95
64.8786
64.3746
63.8546
64.0446
64.4005
64.7019
64.72
64.9538
61.5267
62.0838
62.3528
62.1536
62.3037
62.8705
63.4201
64.112
64.3024
62.6291
63.3268
63.6974
64.2083
64.6108
65.1492
61.8482
63.0065
63.5832
64.1153
64.7073
64.3181
63.5728
63.3268
63.7882
64.5463
64.8529
65.2923
63.5603
63.2617
62.8024
62.3464
62.4355
63.9476
64.0244
64.2836
63.6006
64.0754
64.6741
65.1391
65.6786
63.2253
63.0014
63.3283
63.0149
63.4381
63.946
64.5451
65.0009
65.2782
65.8035
66.0023
64.7479
63.397
62.7281
62.8185
63.3186
63.9067
63.2237
63.1514
63.6052
63.6663
64.0135
64.7213
65.0606
62.2843
62.5849
62.8582
63.3641
63.818
64.0136
