54.067
54.9073
53.9243
53.2067
53.6784
54.1778
54.6735
52.0572
52.6138
52.6595
53.1872
53.8838
54.5443
55.1284
52.6345
52.3326
52.7624
53.163
53.448
53.57
53.8129
53.3678
53.9084
52.6014
52.5771
53.2681
53.66
53.9155
52.0507
51.5926
50.5009
51.5769
52.105
53.251
53.6251
53.6219
53.3793
53.9769
52.8527
54.0032
52.8116
53.1915
53.2984
53.4747
54.2222
54.6104
55.0521
51.7381
53.4745
53.8391
54.4064
54.9069
55.2297
51.658
53.0401
53.3664
53.7966
54.2258
54.7322
51.8957
51.999
51.0123
50.7531
52.9425
53.448
54.2387
54.6119
54.924
53.0809
53.263
53.628
54.0544
52.407
52.6971
52.6991
53.0264
53.4723
54.0766
54.3695
54.6212
54.128
53.9486
53.3484
52.2417
51.4057
52.2037
51.5733
53.3913
53.2372
53.7045
54.0236
54.4496
54.5641
53.6897
54.1881
53.2594
53.2219
52.7248
53.2662
53.6091
54.3717
54.7945
53.0529
51.7029
53.274
52.636
53.5543
52.4285
53.3224
52.5895
52.591
52.8112
52.951
53.1392
53.4995
52.8244
53.4551
53.8752
53.6783
54.5808
54.9252
55.4976
55.827
52.3648
53.392
52.4999
52.8176
53.3445
54.2308
54.6428
54.2311
53.6063
52.8686
54.4302
54.7186
54.9151
52.2643
52.1978
52.2472
52.2854
