48.5048
49.199
49.605
50.1309
50.229
49.2206
47.7048
48.233
48.7338
49.171
48.8256
48.5834
48.7726
49.0991
49.5082
49.6327
49.8507
50.2604
48.3246
47.7986
48.7089
49.0208
47.7141
47.5546
48.0176
48.7228
49.2415
49.8025
50.3306
47.68
47.6574
47.876
48.7042
48.9053
49.7461
49.3148
49.5942
49.8695
50.6385
50.9486
51.2861
47.8176
46.5762
48.6909
48.772
48.1673
48.4254
49.0465
49.4943
49.6755
47.6174
49.4592
49.9311
49.8902
50.3655
49.6125
49.4608
49.0529
47.6899
46.261
47.4432
47.5719
47.8713
48.1754
48.5242
49.1717
48.9417
49.0679
50.0493
49.8305
50.5742
49.8607
48.1034
48.2581
48.7014
49.2373
49.8762
50.2287
48.253
49.5126
48.712
49.3391
49.7849
50.1586
49.8163
49.3416
48.8887
48.8785
49.5573
49.8831
50.3116
48.7965
48.3991
49.7382
49.905
49.6207
49.281
48.7907
48.8034
49.0926
49.5829
50.1872
50.5966
50.9351
48.6559
49.2363
49.412
49.3169
49.6391
48.8027
47.8219
48.2344
48.4696
48.7908
49.2431
49.3832
49.8499
49.2752
47.9423
47.3658
47.922
48.275
48.7265
49.2995
49.6661
47.4034
47.2698
49.0379
49.638
49.8751
50.537
50.9876
49.0153
48.6628
49.1601
48.7627
49.2003
49.0068
48.9812
48.6309
48.5418
48.7236
49.0805
49.4934
49.9851
