53.2006
50.8583
51.4898
51.6031
51.9123
52.4798
53.0711
50.3724
49.9216
51.4084
52.06
52.4303
51.5627
51.571
52.8704
51.2973
50.2104
50.379
50.9203
49.2561
51.0072
51.3888
52.0565
52.4806
53.1096
53.8463
54.2911
54.5242
54.8716
54.9533
55.0971
49.7975
49.0889
49.8753
50.4872
51.1065
51.6584
52.2273
52.1943
51.0519
52.4872
52.0471
53.6336
53.4474
52.2387
50.6992
50.2159
50.4731
50.852
51.2108
51.8227
52.2371
52.5517
52.6062
52.6039
53.0176
53.6811
53.9914
54.3934
50.2255
49.5825
49.683
49.1753
50.5698
50.9705
51.4223
52.0169
52.3367
52.7726
52.4928
51.8763
52.8572
53.0112
51.542
50.251
50.8226
52.3011
52.1045
52.4562
53.0871
53.4076
53.6801
53.8589
52.1811
52.7459
51.9986
52.1367
52.5451
52.9697
53.1662
50.5784
51.0701
51.0712
50.7748
53.1651
53.541
53.7783
53.0634
52.8222
52.3757
52.1556
52.7773
53.0824
53.4204
53.7768
53.9738
49.521
51.5214
51.8764
52.2584
51.8811
52.0215
51.7152
52.1928
52.4412
52.8544
52.5978
53.4695
53.0612
53.0124
51.7405
51.8695
51.3403
51.8031
52.133
52.4554
52.852
53.2338
51.7858
51.8996
52.2607
52.3126
52.4255
51.9748
52.0734
51.321
51.5344
