57.4804
57.8703
58.1765
58.6365
58.9594
59.3343
59.4604
55.3426
55.4626
55.863
56.4719
56.3905
56.6591
57.2821
57.3901
58.0346
58.8227
58.7929
57.1359
55.5595
55.0824
55.4522
56.0946
56.6123
57.2965
56.6817
56.9993
57.2735
57.8163
58.4392
58.7577
59.0415
54.8054
54.6457
55.5796
55.9903
56.4526
57.0245
57.4865
57.878
56.2355
57.7378
57.7493
58.2366
58.7384
59.0621
59.2272
54.5596
54.0935
55.0167
54.9471
56.1319
56.6363
57.5746
57.8681
58.1334
56.8298
57.1205
56.6463
55.7653
55.8238
56.0534
55.1719
56.6916
57.0617
57.1155
57.7867
58.1906
54.047
56.1003
55.6154
56.3136
54.674
55.6636
55.7597
55.5449
56.5517
56.6976
56.8244
56.8572
58.8136
58.4371
57.0561
56.3094
56.4439
56.2109
56.7533
57.2015
57.6503
57.9632
58.5099
57.9321
58.0667
57.0416
57.206
57.8196
56.369
57.1557
56.2369
56.5678
57.1901
57.6117
58.4728
58.4517
57.3903
57.0335
56.1057
55.8842
57.4106
58.3229
57.3007
57.377
57.9437
56.7754
57.3363
57.1955
57.1625
56.4598
56.5734
56.9063
57.3247
57.5713
58.0096
55.907
55.0849
55.5589
56.4322
57.1891
57.9878
58.4343
58.426
58.8697
59.2375
56.8526
57.1829
56.3757
54.6929
