52.3227
52.2725
52.6575
52.9976
49.0613
49.0133
51.0591
51.6951
51.9514
52.5806
53.095
53.6698
51.6735
50.358
51.5744
51.9927
52.5142
52.8726
53.1577
53.2798
50.1771
51.073
50.2794
50.6488
51.3741
51.4377
50.6678
50.2135
52.043
51.8269
53.0608
53.5611
53.4598
53.6134
53.7799
54.1156
53.9907
54.3658
51.8954
50.2649
50.4093
50.3353
50.7274
51.3681
51.803
52.6044
52.4051
51.7274
52.0728
52.9136
53.1891
53.6043
54.0601
49.9194
50.6208
50.1847
50.7868
51.3367
51.72
51.9754
52.5509
52.3348
52.9153
53.3457
53.8307
51.2317
50.0258
50.605
51.0673
51.4991
51.8475
52.6512
52.7544
53.1701
53.393
53.8564
54.1674
53.1343
51.8836
51.9898
52.4335
52.7113
53.1791
49.3682
51.5211
51.7816
52.5857
50.7553
52.6382
52.7586
52.7812
53.1172
53.0744
53.8077
50.6097
50.1611
50.974
51.6624
51.1863
51.6505
52.4072
52.8232
51.8627
52.0991
51.7744
51.9297
53.2732
52.7584
51.4999
51.8332
51.1213
50.0595
50.8579
51.2917
50.7131
51.6058
50.8002
51.0005
51.5382
52.2278
52.8357
51.299
51.4
52.0726
52.4498
53.2457
53.8888
51.9198
51.9619
51.223
52.3559
