56.756
56.9309
57.3419
57.7189
54.5555
55.7351
55.233
55.7005
56.0838
56.5225
57.1214
56.2174
55.7426
56.597
57.0269
57.1885
57.6936
55.484
55.3262
55.1602
55.943
55.9021
56.3524
57.4042
57.4631
55.5725
55.9815
56.9492
57.373
58.0046
58.3736
58.653
54.8441
55.5007
55.8199
56.2472
56.1617
56.3752
56.1826
56.6831
56.8694
57.4417
57.9453
56.8058
56.8922
55.8054
54.6105
54.3209
54.9636
55.1919
55.5459
55.9972
55.3224
54.2696
54.7069
56.0801
56.561
55.5703
56.3801
56.7022
57.0523
57.244
55.8463
55.6085
56.7633
55.0016
55.2151
55.6593
55.7656
55.7566
55.6211
55.7864
56.127
56.7122
57.0206
57.6118
56.1248
55.2623
57.1103
56.0336
56.444
56.8976
57.485
57.8234
55.5835
55.5104
56.9437
56.6401
56.8886
57.3138
57.7168
57.8485
58.1026
55.6156
54.451
55.8003
56.4043
56.0739
56.9496
55.9859
56.6492
56.8962
57.1992
57.7965
58.4102
55.1946
54.9487
54.7596
54.5349
55.8847
56.3213
56.8183
57.1399
57.4379
57.6883
58.0836
58.4741
55.1211
56.1249
56.3985
55.6813
55.9793
56.4855
56.9387
57.5077
56.3273
56.2815
56.0207
55.5107
56.9615
55.9678
57.5063
55.7262
57.2913
57.5189
57.6833
57.9368
58.0619
58.3588
55.7776
55.4673
54.5872
55.1711
55.8918
56.685
