26.975
28.2073
20.1346
24.7187
25.372
25.4332
27.8482
25.2877
22.7754
23.8244
24.9208
26.2853
27.0849
26.74
25.2183
26.4588
27.2936
23.1021
23.9817
26.2881
29.0463
22.6038
25.6709
28.3406
24.8339
25.4496
26.4769
26.9722
27.259
22.3908
23.4401
23.6162
25.7687
27.1248
28.65
29.9857
30.9171
22.8792
26.58
29.7053
28.7802
27.8469
29.6911
20.8852
22.3375
25.5245
28.7474
27.4598
28.9775
21.2372
19.6269
27.0725
28.9754
26.1652
27.1146
24.6234
23.8309
26.0376
25.4455
25.3548
25.9268
20.8717
21.9622
23.3099
25.2985
25.2706
