26.2264
26.874
26.211
22.2579
23.6412
27.5147
25.218
26.276
26.7895
25.7139
26.5654
27.6408
21.9201
24.4533
22.9107
24.7706
19.7481
24.0212
27.4314
25.727
25.2914
25.2183
24.716
26.5745
28.3777
24.4877
25.069
26.5556
28.415
23.0409
24.947
26.0009
25.2312
25.7019
27.349
28.7261
30.0987
26.1492
27.4898
23.1594
23.5376
26.6584
29.1765
22.1811
25.9692
24.1452
24.0092
22.5814
24.472
27.0451
26.3417
25.8368
25.3204
27.5574
27.726
26.2895
25.4265
26.3508
26.3588
27.8528
21.2649
25.1937
24.7672
25.845
27.3779
29.0071
27.2425
26.0893
25.0323
25.5251
26.0508
27.8305
