22.4499
19.4024
24.177
24.7874
26.3316
27.3725
28.851
24.6076
24.0102
24.9407
26.1187
26.8083
28.4389
24.551
25.1767
26.118
23.6525
24.745
25.3312
26.3593
24.2761
26.7797
26.1222
25.7488
26.3492
26.7832
26.227
26.6422
27.7642
21.7358
25.3068
25.5416
25.5187
27.2531
27.9499
24.1723
24.8905
25.1317
27.4723
20.023
23.9794
26.2933
27.2741
27.7929
25.2555
23.7546
24.8751
25.4204
26.4693
28.2124
29.5493
25.4122
23.0947
24.3508
24.6616
27.1172
26.5045
28.211
28.0735
29.1663
21.9064
23.5915
24.9976
27.2761
27.3556
27.3944
29.4689
23.002
24.0836
26.2442
25.2611
24.951
25.1584
22.0826
22.811
24.0585
26.4186
