27.2761
24.317
24.3898
26.4851
28.3631
28.9775
24.5488
24.7721
23.9371
22.8091
24.0009
25.535
23.4306
25.9397
28.3017
24.7757
26.087
25.0875
24.3325
26.794
23.5776
25.3105
25.5312
27.9134
23.3802
24.2461
23.4464
27.003
26.1713
26.587
27.9531
29.2316
22.9528
25.3972
29.1919
26.0939
27.0246
24.4289
24.4209
25.952
27.4516
26.8226
27.456
28.5132
23.7546
25.0482
27.8656
29.6507
26.6253
28.2625
30.5884
19.3531
21.0721
25.5349
26.2923
27.3928
30.3884
30.1281
20.4342
22.1945
23.2556
25.2228
26.1126
27.2554
21.828
20.2762
22.3755
23.6507
24.4287
