27.403
24.1757
25.3462
27.4467
23.5045
24.4452
24.9747
25.6674
27.1835
28.4084
25.5355
24.6921
25.9518
27.1105
28.0613
21.7374
24.7003
25.4936
26.3235
26.7756
27.7439
25.263
24.789
23.1212
22.7738
24.9425
25.4776
25.9098
28.6392
23.0709
24.4793
26.7598
26.9218
24.8126
27.5522
22.2021
24.0309
26.5388
29.2641
26.2791
25.4955
27.4968
29.2186
23.3293
25.6493
26.7847
26.1792
26.8388
27.3188
24.4014
27.0302
29.1061
27.7566
28.0458
29.4417
21.0412
23.6599
26.3196
26.7107
25.3834
21.7688
24.6794
25.7707
27.0357
26.4075
27.6532
22.8538
21.4753
22.2229
25.6278
