93.6606
92.1654
93.0704
94.321
94.9444
94.6666
95.7244
97.1517
97.8108
92.0777
91.0966
92.1367
93.4533
93.5341
92.0431
89.9435
94.6445
95.9041
95.0542
92.8483
93.7276
95.6693
94.2954
94.504
95.8946
93.9985
92.4173
91.8281
92.5797
94.0769
94.7153
92.9499
93.2681
88.6379
93.1596
92.8876
94.048
94.4469
95.0528
93.298
93.0016
93.4469
93.2855
95.1085
95.5144
93.4258
95.1266
93.3453
92.6723
93.0213
93.1927
94.5911
95.8396
96.3521
96.1939
94.6484
91.3241
92.2371
93.0439
94.427
95.4753
95.7073
96.2115
92.8548
92.4369
94.3753
96.0837
96.6768
94.9049
95.148
94.8645
93.6477
93.1758
93.8157
95.2284
96.9009
97.7944
96.612
97.6011
98.2678
90.9401
92.7671
95.8365
97.0003
97.2184
96.7769
93.9921
90.2015
91.2041
92.7131
93.7034
