89.8142
91.5028
93.1261
87.9413
89.0474
89.0765
89.3194
89.4442
89.6322
91.6202
92.7563
85.1154
87.9663
87.974
89.3253
91.1021
89.032
89.625
90.5308
91.8728
93.9955
87.6339
88.782
89.7977
87.9943
88.4595
89.0105
91.4219
88.8183
86.7085
89.6724
89.6001
90.8283
89.7013
90.6985
91.9817
92.9799
93.708
86.6029
87.7841
87.9646
87.1673
88.1547
90.5141
89.7223
89.2067
90.6628
91
91.8039
91.6708
87.6314
88.6601
89.7818
91.344
92.9728
87.9637
90.4783
91.2511
89.0664
90.3716
91.5843
89.1472
89.4144
88.341
88.5554
88.2498
88.0619
89.91
91.31
88.7211
86.0476
90.0675
91.4422
92.0234
88.1065
90.0778
90.8348
92.1167
86.6046
88.4247
89.7349
92.5076
90.0975
90.6403
90.841
92.6322
