76.2824
76.1309
76.1699
78.1435
79.2658
80.3071
81.79
81.5694
80.2852
76.392
76.6242
78.229
80.3693
80.8181
80.5693
80.8701
77.5768
74.2274
78.8735
80.9449
81.9561
82.5842
81.6271
81.1789
83.0438
83.6299
75.8177
77.5356
79.3216
80.6895
80.2521
79.5153
81.9108
80.4453
76.8876
78.7461
80.3939
80.7195
80.3253
81.0079
81.5228
81.0705
78.1328
77.1756
78.6145
80.1332
80.411
81.0931
81.2675
78.8685
79.7279
75.996
79.7951
80.0921
81.8797
82.7188
77.9856
79.0582
78.0364
76.0375
79.6465
77.5215
78.5178
80.2864
82.2827
83.0214
78.4477
78.1162
78.867
78.6536
79.1905
79.9269
79.9998
78.8743
80.9626
82.3278
78.714
78.9653
79.4574
80.4168
80.7032
76.797
77.4815
80.0774
82.6771
79.5948
77.3735
80.4171
81.4945
80.3056
