94.8832
95.6266
97.2667
98.2443
92.6882
92.725
93.5795
94.9904
94.6427
94.5438
94.253
95.4928
97.1226
98.0188
93.0171
92.9946
93.6767
93.9446
95.2585
96.3181
98.3356
92.6877
91.6421
93.545
94.9424
95.7475
92.1647
92.2705
94.0072
96.1035
93.8703
93.2977
94.2523
96.1957
97.6074
97.2234
92.3247
94.3354
91.2348
93.6103
93.2711
94.4704
96.0983
92.267
90.0799
92.0581
92.3686
92.0572
93.0221
93.4545
93.9583
90.8069
90.0083
91.2724
93.4665
95.3115
96.4031
96.7228
93.9547
92.5768
91.0238
92.5151
94.1347
95.599
95.5558
95.0861
92.4975
91.8155
93.2138
95.4182
96.2142
94.4953
95.6269
97.153
97.2192
90.2444
92.433
93.8372
95.087
95.6967
95.5166
96.4887
94.3701
88.915
90.6069
92.2131
93.9084
