94.1145
95.1871
98.1565
95.2097
94.472
96.1174
93.9747
95.2601
96.6293
90.7781
94.4452
93.5633
93.9116
95.3159
92.8856
94.9314
95.097
96.1178
96.6387
91.4911
92.9282
93.2656
94.0771
94.2682
95.5508
95.7727
92.2083
94.7192
95.9203
91.3825
93.2341
95.1054
95.7571
93.497
93.1093
92.8201
94.1801
95.6152
96.4996
94.1373
95.2374
96.8593
98.0529
92.4489
92.8565
94.4278
94.8162
94.4413
94.7163
95.1203
93.5069
92.4381
93.7171
95.1334
96.1997
96.1479
93.4472
94.6119
93.5401
93.1405
93.6505
94.8926
95.1065
94.7342
92.761
94.7848
94.1975
93.7913
95.311
96.2154
97.0758
94.4087
93.0771
92.5077
94.2146
95.6219
95.7906
96.8462
97.9217
97.977
92.5707
92.8639
94.0592
96.0876
95.9729
96.2497
