94.0174
95.1307
96.3071
97.2779
92.8443
92.6079
93.778
95.2333
95.053
94.238
95.2113
95.2577
93.2591
93.1227
94.1124
95.3801
92.0119
93.2597
93.5835
95.2221
96.2463
93.1014
93.9483
94.3385
93.5474
96.2451
93.8064
91.8408
94.2439
95.8661
92.9809
93.2372
94.4933
92.9333
92.9546
93.2393
95.376
92.9215
94.0844
95.1231
96.4944
92.2286
93.9006
95.4029
94.1896
93.1407
93.7786
95.5337
92.7822
93.0746
94.522
96.5543
89.9673
93.4723
93.9398
94.8424
95.9628
93.7308
94.5362
95.9329
97.0496
90.6798
94.1195
95.5564
97.8216
92.4472
93.0179
94.6739
97.5002
91.6695
94.1575
94.2045
93.6036
95.3037
95.1324
94.853
95.7018
92.7242
93.0729
93.423
93.3086
94.3587
94.6778
95.8255
