83.58
84.5805
83.0758
82.9363
80.7084
79.5316
81.9436
83.4376
84.0876
83.2199
80.7767
83.4531
84.436
85.0356
78.8742
80.5599
82.3678
83.5524
84.547
81.7493
82.0197
84.4378
86.5609
77.8777
81.5113
83.8555
81.5477
81.0808
82.9521
83.6181
80.9969
81.5878
82.4391
84.5977
85.7569
79.6547
82.2628
82.8273
83.3269
82.3435
82.895
84.0009
85.4799
85.8757
81.5586
82.3127
81.4515
82.9638
83.4842
84.1412
84.852
81.7598
80.9106
83.2751
84.9243
80.8823
83.2179
84.4021
83.8278
81.3597
82.4012
83.5771
81.4611
81.4731
83.1307
83.671
83.178
82.3045
81.8139
81.2562
81.1746
81.5852
81.8798
82.3372
84.7978
84.8039
85.5528
81.8723
81.4498
82.5168
84.2698
82.3991
82.1849
79.9267
80.8113
82.3745
81.8433
