96.6535
95.456
95.8566
97.2328
91.1932
92.5985
93.3818
95.0562
94.5269
97.1127
93.3181
90.8257
92.6493
94.3645
94.3477
95.0616
96.1062
95.4439
93.2946
91.4271
93.3868
94.817
94.6376
92.9098
92.5201
93.1649
94.0847
95.6306
92.8454
91.0284
91.7409
92.6731
93.8719
95.6524
91.7732
93.8197
95.4409
94.0559
94.3551
93.9073
95.4302
92.37
92.5111
95.2171
94.8764
93.752
92.6016
92.1924
93.4641
92.1825
92.7633
94.2915
95.6577
95.48
94.2288
93.8889
95.4089
96.3936
91.5037
92.9939
93.9269
94.8154
94.8774
95.061
94.9914
92.4253
92.5672
93.3045
95.0663
96.954
95.0163
94.7902
93.7977
94.6972
92.7545
92.1275
94.2476
95.2211
94.8403
91.8476
95.0004
94.4814
91.2801
