95.5664
93.5415
92.9435
92.685
94.2499
94.848
93.0274
94.5865
93.9012
94.3905
95.1106
93.7562
92.8137
94.2637
94.5925
96.0187
96.699
94.8765
94.9536
93.518
92.638
93.6584
94.8082
95.5063
93.3985
94.6411
94.404
96.0803
97.3331
93.29
94.3795
95.9971
95.5488
95.0833
94.1434
89.8447
93.6767
95.1251
96.7523
97.8019
95.1767
95.0846
96.6321
97.7083
90.1657
91.8978
93.4017
94.8314
97.0568
95.0671
94.1046
96.189
97.9711
98.1884
91.6436
93.2356
94.5466
94.7226
94.434
95.1159
96.7916
93.0026
92.3138
92.7296
93.6284
93.9898
95.2246
95.2466
95.8624
94.2967
94.6449
95.916
91.2027
93.3307
93.826
94.1101
95.062
94.8989
94.0003
