94.0842
96.3446
92.2183
89.5366
92.7306
93.654
93.8787
94.2758
94.3777
93.5939
94.1982
91.583
93.132
94.0123
94.3282
95.4131
96.0953
89.2078
93.2319
94.6663
96.0637
92.6362
91.1313
92.4991
91.0701
92.2444
94.2701
93.2977
93.2489
94.897
95.9571
92.2369
93.6763
93.7042
95.0134
95.9218
93.2426
92.5305
92.4364
91.7612
92.4977
92.4368
92.1996
94.0039
95.6464
96.2036
97.6679
93.4156
93.1036
94.8981
94.2589
95.1663
96.5827
96.1685
94.1033
96.0039
92.2163
92.9056
93.531
93.9991
92.8759
92.1889
92.5205
94.9761
94.3641
93.6014
95.072
96.6851
91.8966
91.0072
92.4739
94.7593
95.1752
95.086
96.2927
91.6153
90.2452
92.008
94.9077
96.9103
95.0073
94.0009
94.6843
92.4421
94.117
95.1386
94.453
92.186
