90.5093
91.8472
91.0192
90.6299
90.9009
92.5562
93.3715
92.3832
92.4891
93.9759
95.132
90.2304
91.4265
94.0376
94.5588
92.495
93.7676
95.2396
88.9993
89.7377
90.3681
90.8335
90.8139
92.36
93.4636
94.263
93.4437
86.6615
89.7204
91.6388
92.647
94.2857
94.7061
95.1254
96.384
87.8968
89.9999
91.386
91.71
92.5829
90.2364
91.9639
93.5464
93.138
91.4274
91.1386
92.6778
94.0243
93.908
91.3506
92.2207
90.5017
90.3772
91.4687
91.8785
92.3254
92.4591
91.495
86.0954
89.9429
91.6638
93.1395
93.903
93.1016
92.3617
91.7602
90.2975
91.4051
92.4904
90.6226
93.8338
94.8977
93.6666
91.9809
91.9404
91.4721
93.5396
94.1675
94.4181
92.5982
90.6907
92.5256
94.9892
91.3012
