84.2778
85.6345
79.6791
81.1875
81.9951
83.9147
84.7604
85.2318
83.2846
83.5756
81.0653
83.914
85.2554
86.1571
82.933
81.2341
79.5489
83.017
81.8814
83.0101
83.9195
84.8106
84.6194
83.1967
84.6592
85.5297
78.5433
80.9098
81.0077
82.9097
84.0228
85.7775
86.1118
84.0225
80.6628
81.2657
81.4831
82.3038
83.3866
83.7431
84.9205
81.1887
81.1568
81.1294
81.783
82.9038
83.6146
84.7889
86.0466
87.0234
79.1495
78.878
81.7178
84.0975
84.3535
81.5856
82.4119
82.0594
78.6304
80.5128
79.9854
81.962
84.1736
84.7525
84.4562
84.5358
79.6239
80.9817
79.115
83.6278
85.0201
85.339
81.3353
81.9295
82.4249
80.4148
81.9961
84.2557
85.4384
84.5678
85.3217
86.641
81.1787
79.5446
82.7589
84.3536
