92.6142
93.041
94.7461
96.2023
96.1939
96.5909
93.8711
93.325
92.4404
94.8701
94.7885
95.5393
95.5362
97.2048
98.239
90.5699
93.0653
93.5315
95.3345
95.5114
96.4532
96.8502
94.526
92.0336
94.3802
95.9096
95.1099
94.0136
92.3623
94.2323
92.6449
92.4108
94.3626
95.7422
92.7675
94.5055
95.9676
96.262
97.6775
98.3806
90.7373
87.9135
92.6824
92.9409
93.5409
92.9044
94.7285
97.0078
90.8622
93.6705
94.7851
96.7419
94.8192
93.4817
93.6299
92.5625
91.6444
93.6123
94.1141
95.7661
97.2203
97.2089
93.1528
93.0474
91.8081
93.5901
94.9307
96.5052
96.6426
94.8315
95.8609
97.2148
90.4478
91.2049
92.9654
94.7044
96.2309
95.2811
95.1879
96.5562
94.8009
90.0539
92.2913
93.6399
96.0286
95.854
94.8639
95.9077
97.5067
98.3324
89.5317
89.63
91.1999
92.3901
