94.8668
96.4319
91.5603
92.2931
93.6651
95.9611
96.6906
93.6736
94.1875
93.9115
92.895
91.3427
93.8531
95.2711
95.9408
96.2637
96.7965
97.6624
92.3731
90.9788
91.5265
92.094
93.489
93.8746
91.9759
91.9939
94.1225
92.0253
93.0066
94.6922
95.7956
93.5434
92.8577
94.2556
95.5304
89.2072
88.1577
91.193
93.3885
95.947
95.5886
95.981
96.9934
98.3445
88.2402
91.8827
92.7799
93.4867
95.1574
94.5671
95.6056
97.5864
91.7914
92.2053
94.0007
95.5317
92.2909
92.2695
94.8983
96.5035
90.5605
90.2996
90.5
93.9471
91.9672
95.5506
94.1247
95.0451
94.7856
91.3156
92.4612
94.9635
95.1936
95.3396
95.6307
93.9073
93.4814
93.1843
95.2408
96.3507
94.8418
94.9653
93.9457
93.5473
94.062
95.4932
96.43
