97.7482
92.6241
93.4999
95.9041
94.8918
94.0741
94.8007
95.646
97.5667
97.5013
90.7237
89.7976
93.0792
94.6461
95.8428
95.3362
96.8751
98.0763
90.74
91.048
91.8565
92.735
92.4507
92.8398
93.4397
92.5951
92.6841
94.2047
94.8235
95.4453
95.3964
94.3544
93.5623
93.1447
95.0211
93.8599
94.0521
94.5001
95.7913
92.6827
91.5056
92.758
93.9624
94.4106
94.8016
95.457
95.9589
97.986
92.2068
91.9831
93.008
95.32
93.1567
94.994
94.9774
97.4598
92.8114
92.6874
95.0138
96.2334
93.9976
94.5281
95.108
96.0156
97.2667
92.6061
91.7141
93.5319
95.1481
96.0026
96.342
95.5396
95.9228
91.4639
92.891
94.2069
95.6734
96.594
95.3692
94.8016
93.248
91.6675
91.9611
93.2625
94.7099
