84.7409
84.1387
82.3168
83.7206
85.3454
86.2433
86.9567
85.2836
82.6138
85.6676
87.2169
88.7295
83.6793
84.4782
85.2924
84.6834
85.7427
86.0967
87.3124
85.6012
83.8869
83.5209
84.866
86.2134
87.134
84.6206
84.4543
81.2397
85.0353
86.9361
87.5597
86.1126
86.5179
87.6982
88.6546
81.6335
84.5101
86.0637
87.0421
81.4459
83.8443
85.3051
86.7653
88.178
82.748
84.4115
85.8048
87.6566
88.1475
83.7918
84.4628
83.9248
83.2001
84.2765
84.9823
87.0789
82.0838
83.7137
84.9209
83.7444
85.7333
86.7871
87.277
83.7356
84.5745
82.7433
83.3045
82.745
84.2035
85.5761
86.3266
84.7396
83.7358
83.5891
84.4674
85.4676
86.7059
87.8761
86.435
84.7257
85.0011
83.3035
83.4095
83.3902
86.6219
87.3707
