87.9464
90.2752
87.2045
89.5043
90.2858
90.0042
89.9109
91.06
91.5454
90.394
89.8749
90.803
91.7067
87.1545
88.007
88.9167
89.7513
90.8756
87.9546
87.5825
89.1248
90.5106
91.5716
92.4925
86.257
89.134
90.9078
92.6156
87.4821
87.465
90.8666
90.3895
90.8446
91.5201
91.0625
90.6254
89.2864
88.7915
86.9608
90.8403
91.8678
93.4906
91.0316
89.9192
90.0635
90.7106
89.429
90.5452
91.8619
91.935
88.8441
90.0739
92.9897
87.6182
90.2853
91.0527
92.1703
91.1328
85.0741
86.4294
88.0703
89.1362
89.9424
90.9868
92.1035
90.4593
90.5005
88.7504
90.4912
91.9828
92.7045
90.9871
89.4635
89.8815
87.6275
88.5361
90.3568
89.8648
89.8652
91.9896
92.7193
88.4006
89.8278
87.4378
90.3459
