93.6008
94.6938
95.8736
91.6261
91.7611
93.3569
94.9395
94.8598
95.3374
95.3869
95.116
92.3002
92.9566
94.5184
96.5153
94.961
94.8598
95.1709
95.6522
92.6933
92.5743
92.1145
93.9426
95.5208
93.9985
91.8664
95.0761
94.05
91.3113
92.3732
95.0205
97.152
93.8676
95.3199
95.5756
93.6761
91.45
92.5157
92.5289
93.9181
94.2291
94.947
95.3865
93.6901
93.6665
94.2638
95.5218
91.0398
91.6511
94.4805
94.226
91.5791
91.5756
93.6784
94.8918
95.9708
92.6799
93.5173
94.9579
94.2305
93.8026
94.2001
94.8394
93.4165
93.7818
92.3179
93.7166
95.8162
92.3355
93.6753
94.6914
94.935
93.2969
91.8655
93.0806
94.6868
93.6026
94.2415
95.4104
96.0286
97.652
92.5364
92.7525
93.2545
