94.5406
95.659
91.8135
92.657
93.3876
94.714
93.1967
91.579
93.1341
93.9905
92.2889
93.1383
94.6034
95.8095
91.9568
92.5809
93.0527
94.1519
90.1166
94.0536
93.8679
93.4057
94.6379
95.397
94.6429
93.9581
93.814
94.3533
93.3308
94.816
95.162
95.7455
96.4567
89.4206
93.068
93.0098
93.9141
94.1594
94.8654
95.4764
95.3695
94.7245
93.2963
94.7573
91.692
92.7402
93.9573
95.5475
95.6914
92.6593
94.1024
94.5054
93.4848
94.3137
94.9527
91.82
91.5768
93.2745
95.4033
96.5267
92.8089
91.8268
94.0712
95.3112
96.6794
90.3953
92.8047
94.5508
93.3112
92.7646
92.9813
93.9847
94.9755
89.7324
89.3365
92.1774
92.7539
93.4237
93.8581
94.6884
92.2876
93.2197
94.0487
95.7124
93.1123
