95.2031
95.1846
96.7722
97.0867
92.2356
91.1515
92.9895
94.5296
96.0358
95.8298
96.3867
97.6147
98.0735
98.2936
90.3872
92.7665
95.0004
94.9184
94.5737
91.705
96.7622
97.6336
89.6784
92.3835
94.8494
91.281
93.5596
91.8819
94.1907
95.1782
92.8235
92.0202
94.308
93.7522
92.7572
94.5831
95.2394
97.1689
91.9934
89.3644
90.7504
89.0965
88.9412
91.3376
91.9197
93.5109
94.6748
95.1702
95.7325
97.0344
92.4139
93.3117
93.5831
94.9058
89.8171
90.9831
92.0272
93.1194
93.2429
91.9529
91.7381
93.1728
94.2725
93.8122
91.7043
93.355
94.8332
96.4361
93.1366
91.6806
93.3247
92.6507
93.0042
94.0313
95.764
94.7825
94.5466
90.3503
91.0961
91.6579
93.4605
94.1066
95.3919
94.039
95.1824
96.8947
90.0058
92.5278
93.6331
95.2253
94.2053
