97.1542
95.6064
94.7581
93.9764
93.8445
94.5981
95.3311
95.5724
93.683
93.4372
93.8904
95.891
94.3908
95.3383
96.072
95.6918
96.26
97.0473
97.4519
93.7967
94.78
95.5556
97.126
97.6959
93.9867
94.3634
95.0037
93.9722
95.0861
95.7854
95.074
94.5681
93.1764
92.3637
91.8094
92.9343
94.6503
95.2452
95.4604
94.8059
96.0698
93.9742
95.8595
96.4457
97.6067
94.3476
95.6008
94.5464
96.5581
94.1899
94.2005
95.2622
94.882
95.3565
96.2992
97.0511
97.8562
92.2778
91.635
91.8974
93.6923
95.0363
96.6363
96.5174
97.9398
91.0924
92.8245
93.4622
95.312
96.2928
93.6712
92.7731
94.8557
94.8875
94.1348
94.5221
93.7287
94.2293
96.58
93.3326
95.1491
93.4152
