95.0385
92.0967
91.715
92.2258
92.7468
91.0682
92.1647
93.4989
92.8238
93.8425
94.0751
95.6468
93.0271
92.8685
92.6786
94.9575
95.4906
95.7309
92.6351
92.2617
91.6304
92.3937
92.4168
92.0535
94.1166
95.665
96.9381
93.583
93.3247
94.3353
94.0469
94.7332
95.9511
95.5308
96.1858
93.8794
95.0779
96.4815
92.7669
92.9059
93.8068
93.9991
93.4734
93.5539
92.4727
93.3795
95.5602
93.7204
94.0741
95.8458
92.9923
90.6128
92.1766
93.8683
94.3038
94.531
95.8166
90.4864
90.6398
90.9546
91.5808
94.0242
96.4106
93.7026
95.0638
94.0943
93.2616
93.5165
94.6665
94.1422
93.5806
91.8374
90.9394
93.6172
92.6603
94.4137
95.4641
94.3623
93.1714
93.975
93.4614
92.9831
93.5042
92.1453
93.1376
94.069
92.7473
91.5187
92.5896
93.1918
