81.9699
80.2747
82.9735
83.3427
82.0725
82.7238
84.1881
85.5907
85.7197
81.5309
82.6161
81.0323
83.2333
83.3676
84.0374
84.4579
81.7487
80.2161
82.281
83.9889
85.5089
82.4961
83.4952
84.5666
82.9373
79.3195
82.2268
83.6167
81.4612
82.3882
82.5719
82.6531
81.6249
82.6829
79.2544
79.8109
81.0371
81.9141
81.9152
82.9109
85.3324
85.2231
82.2618
82.7116
81.4554
82.3821
84.2737
84.6013
82.6781
82.2965
80.7279
81.6045
82.9743
83.0106
83.8105
83.9488
83.7836
84.821
86.0174
80.8453
80.7528
81.5046
83.0578
84.4258
84.8676
85.3476
85.1713
79.9914
79.7332
79.7678
83.0502
83.8369
84.8099
84.5239
85.7585
87.3329
78.0288
79.4504
80.4388
82.0099
83.197
84.3689
82.8106
84.4541
85.7354
79.5349
81.489
82.4589
83.9806
