25.4511
24.717
26.0004
28.1889
22.0284
23.8636
26.1288
27.5871
20.6298
19.7301
24.8021
25.7065
27.5851
27.5613
29.6273
30.3421
20.4855
23.3585
26.4547
25.9662
27.0963
26.8001
25.2264
27.6367
26.1703
25.4774
25.5728
27.7825
23.1678
22.1811
25.0706
27.0131
28.3006
28.6725
27.2709
24.8893
23.7785
26.5863
28.5541
29.8519
26.6034
26.7855
24.0087
24.5643
26.7665
27.4744
29.1856
26.6797
25.2253
28.2002
25.5298
24.0468
26.4633
29.64
22.6716
24.8613
26.1555
25.1486
24.3079
27.5024
24.2784
22.6677
22.3765
21.9472
27.4195
28.2575
27.6523
28.418
29.4888
23.0926
24.6636
25.7372
25.665
25.6915
