23.8197
24.3548
25.3617
26.2371
27.2866
29.3969
25.1973
18.125
23.3126
24.686
26.0104
27.9388
28.4923
29.8086
21.9252
23.3538
25.3637
26.5431
27.181
28.1465
25.6676
24.4393
25.7892
24.3542
26.4108
26.0064
26.6955
24.4159
23.5508
22.3155
26.3411
27.2796
28.7106
21.8887
25.3155
23.9083
26.7642
28.2699
27.2703
27.0798
24.7099
25.1834
24.6226
26.7062
28.3656
29.4438
25.3727
23.8073
25.2796
28.1678
28.8241
28.3799
25.8578
22.1121
23.3579
22.4645
24.4706
25.4411
26.3295
23.7491
24.1918
24.4744
27.3653
26.0003
26.7119
23.7688
25.6342
27.5134
28.5057
26.3054
27.8027
29.5352
18.9135
24.1071
27.1649
25.8382
26.1399
