21.929
22.9182
22.7375
21.1211
24.3536
25.9902
24.9511
26.6058
28.8371
24.4471
25.1075
28.0798
24.2635
24.4599
27.0164
25.3716
25.023
21.2947
25.302
27.4856
26.7705
26.7937
28.0428
23.1483
22.9256
26.4078
27.6132
27.809
29.3289
25.1107
23.0062
23.9666
25.7624
26.9818
28.5832
23.5664
24.8221
24.8316
25.1788
27.2019
28.6954
25.9793
26.8462
29.2956
23.5507
23.2749
24.8514
26.8343
26.1137
27.8587
29.3982
22.3203
24.6046
26.0898
27.211
28.772
29.05
26.0922
24.04
24.6148
26.1957
27.8901
28.079
25.5994
23.7237
23.8083
24.9463
26.5999
27.5832
