27.9488
29.1457
24.7709
22.9526
24.8489
26.3188
27.4284
26.5488
26.7211
23.9427
24.7797
27.2979
28.9738
28.1862
26.6661
23.9674
25.0874
27.8542
25.789
25.2432
25.1306
24.6465
26.4499
27.7007
26.7454
27.3723
25.773
25.127
28.3894
26.2913
26.4758
27.0805
27.4492
28.9144
24.8268
25.3146
26.0982
26.9457
26.9139
28.2874
20.0276
24.9266
26.9838
25.429
24.4872
24.4549
25.0361
25.6792
27.3718
24.7457
25.8034
27.106
28.5656
23.776
26.185
25.6812
24.613
26.5119
28.2562
23.6632
24.8123
26.3365
24.9792
24.2957
24.9623
26.1035
26.5875
24.0509
