22.3432
23.1282
26.9095
25.1355
24.7866
26.1911
27.2433
28.7857
24.3037
23.8498
24.3013
26.3546
27.1137
26.878
27.6868
24.6898
22.7683
25.7369
27.6689
22.431
24.3396
26.1447
25.9206
28.1683
28.7821
25.6776
25.8208
24.6794
24.1641
26.4696
28.4079
28.3423
24.7115
25.8644
24.7837
27.3338
22.8734
26.0105
25.574
24.0957
25.158
27.8854
27.0181
26.9564
28.5087
22.0111
22.5114
25.3295
27.8893
27.7136
29.3567
23.8135
19.7288
24.4179
26.0035
26.7661
28.6866
25.2993
23.774
24.0336
25.6631
26.2819
27.1812
26.7239
24.5887
26.0369
23.4695
24.2392
24.8211
