29.7525
21.9016
24.2775
28.203
22.0175
26.7724
24.2062
23.5659
25.6862
26.7049
26.5309
26.7426
24.2291
24.0241
25.4157
26.5415
27.259
28.6682
24.7997
24.3196
24.9487
23.7038
27.1126
26.3493
27.3952
28.3002
29.4477
22.5906
23.0966
24.2307
26.6185
27.817
28.5857
30.3993
30.9842
22.7454
23.1371
24.1018
26.0476
26.957
27.1151
23.2931
23.2759
25.3526
27.6095
28.4793
28.7066
29.2799
30.6677
17.4776
23.9117
27.0995
25.9385
25.2065
25.5667
25.6407
26.9944
28.4538
22.0631
25.8464
28.3948
29.9367
24.1608
25.6462
25.5832
27.491
28.0834
22.8045
22.5715
23.4942
27.1034
24.129
26.0781
25.8329
28.0901
