28.1851
24.8319
24.4061
26.8358
28.0105
28.8572
25.069
26.7058
28.3728
23.407
24.3677
25.9298
27.8519
25.6302
24.9786
27.7759
29.1388
22.428
25.2613
27.9631
29.0216
22.0445
25.0797
26.1149
28.4104
25.1834
27.0258
28.7901
22.7001
24.2947
28.0305
26.1466
26.9678
26.2457
26.6827
24.5223
26.8499
25.6533
26.5536
27.4284
23.3061
20.1554
26.0743
27.8663
25.5904
27.3552
24.2307
26.071
27.435
25.8087
26.1381
27.556
23.2031
23.9541
25.7933
28.7745
25.0828
26.3083
26.0599
26.1446
27.7219
22.4476
25.0924
26.1512
27.119
27.6954
21.2862
22.9503
23.8668
25.1533
25.9128
