20.6645
25.2045
23.5891
23.5073
22.2653
23.7851
26.1219
27.6968
27.0484
28.1734
29.7952
22.6577
24.724
25.7704
25.9841
26.7612
29.254
30.2876
24.0008
21.419
25.0656
28.0124
26.7656
25.9522
19.8181
24.4808
27.0603
27.8801
21.3412
25.4002
25.8654
23.3367
25.6623
22.1669
26.9627
27.7184
23.6242
23.4112
23.749
25.8827
24.5736
26.986
28.8747
21.7835
23.6037
23.9163
25.5724
24.7234
26.4408
27.0188
23.4677
24.2431
26.6163
28.0144
26.8066
22.7777
22.048
25.4531
23.3724
25.2518
26.6561
26.3664
25.744
27.1765
28.3751
22.1383
24.5184
24.989
25.7952
26.8308
29.1772
