27.0392
29.2381
26.0557
25.9547
25.4411
27.5971
25.8653
27.1745
25.6347
25.8986
20.544
23.936
26.9589
28.197
29.2134
21.9593
25.0779
28.388
29.7518
25.5991
25.6544
24.6163
25.2811
26.9692
27.1708
25.7921
23.8916
24.7179
25.2447
26.5921
26.919
25.1177
20.8838
22.3493
25.7037
27.8638
28.1308
21.9824
26.0887
22.3839
24.8429
25.3975
26.194
26.9504
27.5378
24.9476
23.8878
20.0811
27.2402
27.8416
28.3513
30.0697
22.0037
22.4386
23.7045
24.247
25.9632
26.28
27.3865
24.7993
27.3146
22.1613
25.7067
22.7868
26.7517
24.817
