24.8113
26.1343
27.6856
27.964
29.6783
30.8708
22.0839
25.1136
28.0914
27.882
27.1216
26.9189
25.2659
27.3261
26.1164
25.4533
25.5371
27.8122
23.9202
22.2726
25.987
27.3224
28.3664
27.0723
24.3036
23.3173
25.5931
27.7472
29.8498
26.6825
26.9514
25.2916
23.9765
26.6207
28.5561
26.1771
25.4364
27.641
22.6298
24.0531
26.1041
29.6015
24.9573
25.9494
25.2859
23.9961
25.5088
28.5925
24.2145
21.8091
22.1184
22.0969
27.8042
28.4496
25.496
29.0848
30.1729
23.5651
24.8959
26.3078
25.2772
25.6499
20.6388
23.1453
24.2349
