21.281
23.7595
26.7113
28.2599
28.1104
30.3385
21.8563
17.428
23.1659
27.0797
26.9634
26.5547
26.2707
24.9003
26.6298
19.6964
26.0641
26.1268
27.3191
23.8007
23.9267
26.8778
27.825
28.6195
29.44
24.2939
22.8358
24.7749
27.6913
28.6619
29.9121
24.5873
23.5894
27.2447
28.4754
28.4139
25.959
25.478
23.9271
24.3831
25.3085
27.3392
26.5121
21.0837
22.5985
25.1598
26.6584
26.089
24.7969
24.886
24.5544
25.7823
28.3346
29.0312
27.23
24.9976
24.1323
25.7594
27.5275
25.7921
26.7521
24.9289
21.5348
22.6524
25.2108
26.4901
27.4378
28.3439
