53.7138
54.5062
53.3221
53.2028
53.6953
54.0172
54.6137
54.8992
55.1671
51.1844
51.6841
52.0489
52.2536
52.8427
53.4861
50.8339
52.7617
52.7153
53.2643
53.9135
54.2537
53.6318
51.8199
50.768
52.3769
52.5913
53.2753
53.57
53.8319
51.9823
52.8065
53.1028
53.3731
54.0663
54.7126
55.2005
55.1393
51.9695
52.1053
53.011
53.4401
53.3126
52.5188
53.0686
53.3233
53.5415
54.0656
54.2555
54.6355
53.2071
52.1389
52.4527
52.637
53.0818
53.3769
53.8073
53.9984
52.3181
51.6196
52.783
52.008
51.7164
53.5454
51.7077
51.3781
51.0792
52.5781
52.5486
52.9563
53.7496
53.9168
53.7329
52.5675
53.5732
54.0036
54.1537
53.3709
53.2395
53.5779
53.8001
54.0746
54.3167
54.355
54.5736
51.6469
50.7366
51.1941
51.1576
51.2123
50.8853
52.3924
52.0577
51.9124
51.8833
53.1637
53.9324
53.6789
54.2125
54.5337
54.9124
55.2512
52.5194
52.3264
52.5765
53.03
53.4031
53.8089
54.2878
54.7184
52.014
52.8377
51.6577
53.3265
53.7473
54.2777
54.7735
55.1822
55.3771
52.4678
52.1946
53.5175
53.819
54.3357
52.5052
51.5523
52.6524
52.5133
53.0541
53.2633
53.6799
53.4692
52.2482
51.9378
52.4351
52.8097
53.3612
53.7813
54.3612
54.6719
53.16
51.1101
53.3554
53.4557
