47.2198
47.666
48.2914
48.5549
48.8077
48.9904
49.2207
44.3733
45.7242
44.4781
44.749
46.0901
46.6209
47.4836
47.8003
48.1579
48.1547
48.6627
48.5638
47.1484
45.1319
44.6731
46.2939
45.6319
46.0678
47.0805
47.5458
47.8611
48.4323
47.5411
48.618
49.1355
49.1987
49.4021
49.3426
44.4485
43.923
44.2554
44.9379
45.1555
45.4792
45.9971
45.7632
45.0699
45.4732
45.7791
46.9069
47.9031
48.3255
48.5707
48.7594
48.1204
44.8832
43.6716
45.2518
45.6871
46.2199
46.3949
45.7099
45.2256
45.7513
45.2847
46.4851
46.9395
47.6448
48.0461
45.4022
46.2377
46.7891
47.2567
46.6078
46.7362
47.2606
47.4523
47.8391
48.3296
45.6438
44.5488
45.2156
45.4702
46.4844
46.5738
47.1285
47.6023
48.1915
48.6615
47.4318
47.4853
47.9074
48.2573
48.6012
44.4737
44.2582
45.6037
46.1376
46.6416
46.9777
46.6622
47.1405
47.4809
47.867
48.3201
48.9054
49.1356
45.8402
43.6734
45.3428
46.0926
46.3863
47.1591
47.4803
47.0872
47.2931
47.5516
47.7086
47.9218
48.3988
47.8775
43.2017
45.1172
45.0967
44.7915
45.321
46.661
46.5753
47.4257
47.6514
48.1007
47.3847
47.5009
47.426
47.6378
46.0578
45.4764
44.9458
45.5413
45.9804
46.4759
46.8717
46.9739
47.383
48.0958
48.4284
46.327
47.267
46.3793
46.9005
