65.8189
66.2338
66.5091
66.7993
66.9688
62.4762
63.1451
63.7485
64.584
65.1274
65.0815
65.275
65.3909
65.4065
64.8674
65.8948
66.4703
66.7406
67.0213
67.228
64.1812
62.613
63.0835
64.0038
63.5381
63.5268
64.6985
64.9732
65.4367
65.5229
65.7782
66.0966
66.5011
66.9039
67.0629
67.2951
61.0862
62.1633
62.2967
63.3099
63.0422
63.92
64.3391
64.5147
64.268
65.6337
66.3618
66.6008
67.0419
67.2106
67.1964
67.5501
62.2846
62.795
63.2023
63.7227
64.1487
64.543
64.9496
64.3051
63.0674
65.4223
65.8968
66.0483
66.6068
65.0753
64.4674
63.938
64.3536
63.3458
63.3349
63.7794
64.3518
64.393
63.7451
63.7891
63.2998
65.004
65.4872
64.5984
64.7422
64.4108
64.4855
65.0551
65.5163
65.9478
66.5397
66.7715
63.4815
65.0732
65.1476
65.6504
65.9482
66.0595
66.3593
66.791
62.7633
63.3543
63.0139
63.9034
64.7066
64.5619
63.2844
63.8337
62.8947
63.2478
63.8579
63.3373
64.7509
65.2667
65.9095
66.3085
66.4402
66.7832
64.2075
64.6055
64.1327
63.7575
63.1658
63.8464
64.3214
64.7305
65.1792
65.9593
66.3256
66.7958
66.2926
65.2328
65.585
65.9894
66.2786
66.5364
63.0393
62.921
62.2128
64.3408
65.0871
65.8003
65.9589
65.4692
65.1698
65.5302
65.6433
65.5661
66.0978
66.3349
66.7778
66.9545
66.9763
62.8775
61.1524
62.1
63.5368
63.9359
