47.0838
47.304
46.1689
46.8279
47.239
47.2411
47.4051
46.9209
46.0158
47.7312
47.5897
48.1047
48.525
48.7821
46.7263
47.3425
47.2183
47.732
48.3688
48.8348
49.1651
45.7759
45.6887
45.8325
46.3726
46.2622
46.8583
47.5231
47.3517
47.5634
47.9834
48.1492
45.6398
46.2963
45.108
45.3933
45.7379
44.6297
44.5901
44.6707
45.087
45.2686
45.877
46.9069
46.715
46.3995
47.0265
47.3814
47.8003
46.0963
45.8431
45.8
45.5231
46.5427
46.771
47.1947
47.5593
47.7134
44.4875
44.5519
45.7071
46.3963
47.1518
47.5792
48.1785
48.393
46.1246
47.1002
47.5378
47.7056
46.6429
45.4682
45.8699
46.2902
46.3453
46.7793
45.5363
44.6833
46.9647
46.7683
46.7802
47.021
47.5222
47.9782
48.3541
48.7104
47.0279
47.3834
47.0082
45.7332
45.6439
44.4757
45.6066
46.4904
46.8578
47.6018
47.8778
47.6813
47.7972
47.5609
47.8499
48.3227
48.606
48.862
45.7162
45.2503
46.0829
46.217
46.7085
47.1457
47.3302
47.3185
47.8779
48.2149
47.3515
46.9306
48.1891
48.0307
48.193
48.7114
48.8965
49.039
49.287
43.9017
45.8558
45.9587
46.1761
46.4167
46.6782
46.4273
46.6764
46.8193
47.5143
47.951
48.499
47.7221
47.1392
45.4019
46.2021
46.7298
46.3014
