52.7221
52.3013
52.7186
52.9304
51.6712
50.9162
50.9339
51.7464
52.1655
52.542
52.7968
53.2014
53.5407
53.8011
54.2641
52.1579
51.8712
52.1132
52.5529
52.865
53.2797
49.8822
51.6046
50.5867
52.2486
52.9441
53.5696
53.2529
52.7921
52.2153
52.0203
52.4669
53.0634
53.5288
53.6726
54.0548
51.1805
51.4073
51.7846
52.2553
51.9993
51.9972
51.7236
51.8832
52.2998
52.696
52.8537
53.5172
52.9751
53.2421
52.3982
51.803
51.4183
51.8012
52.1565
52.4868
53.1076
53.3288
51.6619
52.0632
52.2052
50.805
52.4387
51.1422
50.6725
49.8325
51.6281
51.4073
52.2427
52.452
52.8028
51.6817
51.5665
52.1481
51.6259
52.024
52.2715
52.8787
53.2444
52.0778
51.9148
52.2736
52.5642
52.7489
53.1261
52.7112
52.9847
51.113
51.5547
51.2465
51.8007
52.5438
53.0021
53.5622
53.1701
53.0578
53.1023
53.4187
53.6117
51.2416
50.4082
50.1484
50.8767
50.8598
51.378
52.0784
52.8952
53.5365
53.8067
53.0702
53.2272
54.0679
54.5344
54.6029
54.84
54.9573
49.9522
50.4756
51.0551
51.5076
52.2567
51.7597
52.0796
52.2772
52.8436
53.366
53.7325
54.2077
50.0246
50.3059
49.896
51.363
51.5261
51.999
52.8601
53.3209
51.2051
52.9649
52.7426
53.4578
53.8354
54.2437
54.6176
54.7851
47.5198
50.2068
50.7673
51.298
51.6863
