53.0926
51.3879
52.9641
52.8422
52.6007
52.0572
53.4577
54.0189
53.7977
53.8336
53.3803
53.845
53.4871
54.0013
54.4545
54.879
55.2723
53.4377
53.3098
53.8265
54.2194
54.7247
54.8453
54.9392
55.0741
55.2728
55.7601
53.4621
52.6316
52.6891
52.7146
52.2388
52.4955
53.194
53.8878
54.3622
52.5894
54.0253
53.2048
54.4577
52.4304
52.0826
52.5733
52.1685
52.2146
52.7545
53.5183
54.0556
54.618
52.7977
54.9645
55.3689
54.3829
54.9225
55.2453
55.491
52.3945
52.9617
52.9988
53.8949
53.6459
54.4611
54.2112
54.674
55.0328
52.6573
54.8181
55.2546
55.4524
55.7515
52.7216
52.9292
53.4462
53.8979
54.2892
54.5569
54.9659
52.4097
52.7308
53.5918
53.3112
53.4816
53.5122
53.5461
53.6802
52.6107
52.9463
53.5032
54.0878
54.5264
54.5407
55.1097
53.0198
53.0982
53.1417
53.7431
54.1547
53.8884
53.9426
54.1716
54.5977
55.0209
55.587
55.8011
54.1355
53.247
50.8915
53.2611
53.1004
53.6369
53.8862
54.3805
54.6099
55.1916
52.9849
53.4718
54.0021
54.1148
51.7018
51.5858
52.1348
52.7873
54.1181
54.7726
55.1782
55.3344
55.7119
54.1002
53.139
54.4858
54.8232
55.0112
55.2208
51.2952
52.9007
52.8165
52.9265
53.6151
54.6082
55.0035
55.476
52.9122
54.61
54.4619
54.4576
52.8405
52.6853
52.8266
52.6978
53.0297
