54.1264
54.8212
55.1594
55.5628
52.9775
53.5231
54.0054
54.5154
54.744
55.2569
53.8446
52.7606
53.6182
54.1187
54.3498
54.5358
55.5044
55.5256
55.9209
56.0647
56.2224
53.1987
54.1379
54.3984
54.9665
55.1927
52.4858
52.3605
52.727
52.0448
53.3946
53.9529
54.3058
55.1176
55.2589
53.7407
53.8189
53.5987
54.1078
54.0356
53.7965
52.8325
53.7134
53.8297
54.314
54.8395
55.1443
55.4957
53.46
54.0948
54.09
54.5898
55.104
55.3681
55.977
56.301
53.7015
52.7354
53.9193
54.5795
55.0204
54.9901
55.6953
55.6943
56.1171
53.7513
54.0475
54.6751
55.0709
52.8854
53.3667
53.1224
52.1726
53.8041
53.6033
54.4018
54.8158
55.4054
56.0365
56.3559
53.9177
53.6386
52.3951
52.8841
53.2271
53.7362
54.0973
54.2589
52.7953
53.2976
53.8439
54.0703
54.6061
55.174
55.2544
53.7457
54.0695
54.5973
55.0614
55.5195
55.775
54.8849
54.6282
54.2627
54.5529
55.1112
55.3711
55.6673
53.3667
52.1202
52.7381
53.5186
53.7339
54.3907
54.265
53.5032
53.8369
54.1263
55.0134
54.3084
54.6586
52.9777
53.559
53.6296
53.8684
54.3996
54.9506
55.5371
55.2068
55.3142
55.331
55.2411
55.6092
55.8409
52.8775
51.875
52.4212
52.6822
53.5419
54.2803
54.4795
54.1033
54.6813
53.4921
