52.9257
53.1989
53.6244
53.9412
49.9242
50.4897
49.9565
50.0989
51.1918
51.6043
51.8207
52.3644
52.4885
52.2998
52.9986
53.4548
53.7711
51.8658
50.4412
51.5303
50.2236
51.1029
51.3684
51.5027
52.0827
52.4842
52.6558
53.045
53.4042
53.5484
53.7988
52.9694
52.6746
52.0235
52.4089
52.8173
53.0217
49.3714
51.5108
52.0994
52.7897
52.5471
52.6311
52.5761
52.8022
53.1595
53.4419
53.9867
52.547
50.3862
50.9286
51.7808
51.428
52.4287
52.8587
51.8769
52.2438
51.576
52.8743
52.8184
52.844
51.4197
51.8592
52.2336
50.8455
51.0217
51.6742
51.7897
50.5449
50.8886
51.6267
52.155
52.7955
52.1811
51.4092
52.1137
52.4993
53.0022
53.8474
52.0895
52.0274
52.0289
52.2872
52.6642
51.9344
52.5481
52.7864
52.9547
53.2475
53.6416
51.2216
51.6234
51.3011
51.7436
52.0607
52.7603
53.3471
51.4071
51.4338
51.8936
51.4744
52.7512
53.0207
51.7685
50.9247
50.4141
50.8126
50.4841
51.3257
51.7404
52.2739
52.5808
53.0425
53.7028
53.8599
54.2567
54.5354
54.8254
54.7741
54.9811
49.5223
49.2249
49.8901
50.2767
50.8117
51.4399
51.9776
52.1594
52.3259
51.9843
53.0574
52.4554
54.0156
53.7972
50.0269
48.8834
50.5742
50.9106
51.1724
51.8135
52.4895
52.4797
52.3574
52.7315
53.0848
53.7958
54.2109
54.3046
49.9761
50.2554
50.391
49.683
