64.3207
64.71
65.4908
65.2576
65.5709
65.8652
65.8058
62.4675
62.9817
63.5984
64.243
64.6021
64.9937
65.1598
63.0325
64.5216
63.4537
65.3173
65.0676
64.9055
63.9992
64.1018
63.9827
64.4582
64.8331
65.3696
65.7631
66.0536
66.3556
64.7128
63.5101
64.5704
64.3181
64.9092
65.4928
65.9674
66.3954
63.2064
64.1421
64.3753
64.819
65.128
65.5862
62.4811
61.4132
62.8712
64.2089
64.6489
64.4728
64.7509
65.2116
65.4635
65.5418
65.5053
65.8653
66.2341
63.7698
63.3436
63.3603
63.9144
64.7247
63.6975
64.0573
64.3804
65.0579
65.2656
65.7748
66.2526
65.7392
65.8159
66.1969
66.4957
63.8584
63.7682
63.563
62.4154
63.5986
64.3136
64.4969
65.0959
65.1663
65.6753
65.9939
66.4654
66.8861
67.2467
62.7409
62.9491
62.711
62.4912
62.534
62.4388
63.0059
63.6098
63.9022
64.5547
64.8553
64.962
65.5155
66.0447
66.428
66.7246
66.8565
63.1551
63.4454
64.2602
64.8829
65.2031
65.3818
65.1473
65.1793
64.5521
65.6288
65.9956
66.5239
67.0113
67.1432
67.3528
62.8116
63.0123
63.7902
64.081
64.3209
64.7936
64.7852
65.1676
65.0513
65.6695
66.0878
66.4758
66.9007
66.9036
61.9474
61.5402
61.8629
62.7538
62.2261
62.8612
63.5811
64.1343
64.7408
64.6656
65.7761
66.4331
66.6372
67.2637
67.4155
67.4365
61.7506
62.1881
62.9397
63.4449
63.643
