48.4125
47.1944
46.4209
47.1987
47.0986
46.9227
47.2434
47.6559
45.2964
45.7362
45.4984
46.2865
46.4695
46.2519
46.9277
46.4576
46.4095
47.4399
45.8414
46.8822
47.9044
47.6418
48.1057
48.6451
46.5283
46.4156
47.0317
47.3808
47.9914
48.4639
48.8419
45.5245
45.1751
46.9069
45.8238
44.6363
46.5617
46.9518
47.3583
47.3739
47.5956
47.6888
48.1488
45.6601
44.909
45.5109
45.1326
45.199
45.6038
44.7195
44.8966
44.6163
45.0133
45.1934
45.8023
47.0018
45.653
46.5977
47.0481
47.4833
46.344
45.2502
45.3507
45.5032
46.3796
46.6904
47.1725
47.5458
46.2325
45.3485
45.788
45.138
46.1676
46.6726
47.2014
47.5629
48.1962
48.2401
46.1246
47.0489
47.5244
47.7257
46.5761
45.4097
45.9295
46.3762
46.483
45.2601
44.6995
46.7488
47.0769
47.0297
47.5911
47.976
48.2528
48.6789
48.7711
46.7485
47.0217
47.4899
46.879
45.9074
46.247
44.929
46.2072
46.4199
46.86
47.1682
47.858
47.8979
47.6861
47.9949
47.5404
47.8518
48.3139
48.7233
48.9312
45.4193
45.2749
46.0774
46.1485
46.9024
47.495
47.4436
47.8815
48.2053
47.4836
48.2811
48.3185
48.7675
49.0604
49.318
44.8573
45.8733
45.548
45.9343
