56.1613
56.7691
57.2361
56.7198
55.3647
55.3005
56.1399
56.4454
56.8723
57.5618
56.5801
56.2605
56.6728
57.2063
57.7439
58.0054
58.1346
53.0541
54.8806
55.4823
55.9668
56.7309
57.1861
57.4722
56.4516
56.6664
57.5061
57.9511
58.245
55.8031
55.519
55.6053
55.3062
56.6406
56.7371
56.8295
57.7665
56.8861
56.6205
56.416
56.9828
57.0478
56.5559
55.9904
56.6989
57.273
57.5886
56.5943
56.26
56.7934
56.5563
56.291
56.2043
56.6611
55.8447
56.2999
56.1627
56.4625
56.7665
57.2441
57.5832
57.852
58.3394
58.4294
56.0475
54.6271
55.5506
55.4116
55.7214
56.2279
56.3715
56.5997
57.2554
57.6033
58.202
58.6863
58.9206
59.0443
59.2122
55.1827
55.7271
55.2703
55.6266
55.3252
55.9587
56.6083
56.9482
57.2771
55.9371
58.014
58.1011
56.4114
56.0697
55.7448
55.4204
56.0097
56.4085
56.7224
57.1371
56.9048
56.5033
56.8995
57.1621
57.7109
56.649
56.0789
56.0027
56.5217
56.9329
57.2671
57.8441
56.6327
57.4497
55.852
55.0537
56.1053
56.6032
56.1666
54.458
56.5089
56.7638
56.723
56.9628
57.2381
57.1801
57.7322
58.2025
55.3362
56.4557
55.2333
55.8589
56.5134
56.519
55.6144
56.3478
56.6669
57.1472
57.5371
