58.5638
58.1516
58.8299
58.3425
58.6539
59.1351
59.6114
60.5701
61.2322
61.5651
61.805
62.1594
59.1575
58.9549
58.6233
58.3851
58.4463
58.9216
59.1858
59.4749
59.7327
58.6915
59.578
59.4837
59.4579
59.6292
59.543
59.6759
59.5283
59.4142
60.2851
60.131
60.9685
60.8341
61.0687
61.5041
61.7114
62.0431
59.0168
59.1395
59.4527
59.9625
60.3982
60.9618
59.6495
60.3457
59.1934
61.1712
61.4563
61.9101
62.2911
62.5225
62.6595
57.6022
58.5767
58.6099
59.0605
59.5471
60.1634
60.5172
61.0009
59.4789
59.8329
60.4816
60.2738
60.7231
61.2241
61.3429
58.3383
58.5317
58.7956
59.1408
59.5151
59.9718
59.8724
59.7188
59.2611
60.0207
60.5936
60.2243
60.6129
60.8897
61.2926
61.3622
61.8992
57.9393
58.8579
59.6115
60.1795
60.8755
59.2662
59.7724
60.4457
60.182
60.5936
60.9323
61.0869
60.7308
60.9969
61.5085
61.5381
58.62
59.0497
57.3809
58.1521
58.0653
58.4152
58.8934
59.4217
59.7321
59.8062
60.4172
60.2695
60.6268
60.3243
60.5642
60.82
61.3481
61.6875
62.0004
57.9339
58.5347
59.4311
60.4697
59.9447
60.5596
61.0209
59.4749
60.5032
60.584
61.0058
61.65
61.7879
62.3351
59.2197
58.6929
59.5728
60.087
60.2675
60.9771
61.4781
61.6282
59.1676
59.0858
60.4888
61.0285
60.5557
59.5731
59.9323
59.4951
60.1255
