52.3485
52.7651
53.2476
52.6653
52.3127
52.2878
52.7455
53.0144
53.1517
53.3105
49.7373
49.9187
50.3414
50.6476
50.7276
51.2248
51.6166
51.5812
51.6959
52.3652
52.6208
52.8742
53.277
53.7807
52.2546
50.5466
49.8325
50.9734
50.3306
50.8961
50.8521
51.3761
51.6372
51.8246
52.5359
52.9914
50.363
50.4084
50.782
50.9761
50.8387
50.2963
50.4374
50.7747
51.2216
52.0228
52.0434
52.3876
52.2594
51.9892
52.4116
52.8699
53.0651
53.3173
53.4555
49.7912
49.7433
50.1309
50.4994
50.6979
52.0257
52.3171
52.4488
53.1209
53.6246
54.004
51.9502
51.0843
50.8513
51.1869
51.8342
52.0902
52.6049
52.7413
49.9457
51.0706
51.7448
51.8521
52.6673
52.9752
53.3163
49.3469
49.5281
50.2134
51.5607
51.768
51.808
50.8752
51.2369
51.7996
52.0563
52.0632
52.5146
52.1806
51.1569
50.2287
48.7508
49.2585
49.5598
49.4406
49.7848
50.1278
50.6003
51.2839
51.8996
52.5447
52.8052
51.5504
51.2523
51.5705
52.3207
52.4636
52.8048
52.8894
53.2236
50.0088
51.228
51.2388
52.1055
52.4178
52.9716
51.529
48.5405
50.8365
51.2598
51.9633
52.1469
52.78
52.0125
51.9132
52.2613
52.8758
53.5015
52.0776
50.6617
50.4699
51.1026
51.625
52.3909
