66.6313
67.1817
67.4262
67.6831
67.2577
65.2431
65.1341
65.3148
65.3407
65.8751
66.3166
65.1538
64.248
65.3132
65.9392
66.6723
67.2903
67.7514
64.6023
65.6692
65.7531
66.2627
66.6717
65.6025
65.5142
65.2741
65.1285
66.1236
66.7489
67.0895
67.2928
67.603
68.2787
65.6097
65.9317
66.2574
66.5385
66.7473
66.9733
64.4911
63.1634
63.6556
63.422
63.8769
64.5515
65.276
64.7624
65.2764
66.3391
66.7456
67.3091
67.3806
66.2009
66.4281
66.1165
66.859
67.2973
67.7205
68.3168
65.7595
65.7786
65.9
66.4042
66.5684
67.0463
67.5026
67.7297
65.0861
65.8797
66.0321
66.2675
65.9987
65.8639
66.4369
64.5109
65.2869
65.6969
65.8569
66.5755
67.158
66.6737
65.8504
65.7173
65.8841
66.2635
66.9741
67.2616
65.447
64.4169
65.3854
65.8594
66.73
67.6638
65.6119
66.569
65.7726
66.1722
66.4722
66.934
67.5748
68.0089
68.327
68.5713
68.6255
65.7472
65.469
65.345
64.0851
65.5745
65.4801
66.233
66.833
67.2028
67.4119
67.1446
67.83
67.8788
68.3996
68.8086
68.9037
69.0142
65.2843
64.3221
65.1908
65.9699
66.3283
66.712
67.1145
67.5442
67.9986
68.3193
68.2128
68.8023
69.0582
69.1625
64.3011
64.2311
64.8517
65.4229
