61.6
61.6
61.6
61.5
61.5
61.5
61.5
61.5
61.5
61.5
61.5
61.5
61.5
61.5
61.5
61.5
61.5
61.5
61.5
61.5
61.5
61.5
61.5
61.5
61.5
61.5
61.5
61.5
61.5
61.5
61.5
61.5
61.5
61.5
61.5
61.5
61.5
61.5
61.5
61.5
61.5
61.5
61.5
61.5
61.5
61.5
61.5
61.5
61.5
61.5
61.5
61.5
61.5
61.5
61.5
61.5
61.5
61.5
61.5
61.5
61.5
61.5
61.5
61.5
61.5
61.5
61.5
61.5
61.5
61.5
61.5
61.5
61.5
61.5
61.5
61.5
61.5
61.5
61.5
61.4
61.4
61.4
61.4
61.4
61.4
61.4
61.4
61.4
61.4
61.4
61.4
61.4
61.4
61.4
61.4
61.4
61.4
61.4
61.4
61.4
61.4
61.4
61.4
61.4
61.4
61.4
61.4
61.4
61.4
61.4
61.4
61.4
61.4
61.4
61.4
61.4
61.4
61.4
61.4
61.4
61.4
61.4
61.4
61.4
61.4
61.4
61.4
61.4
61.4
61.4
61.4
61.4
61.4
61.4
61.4
61.4
61.4
61.4
