35.7057
35.4751
34.9803
34.9123
35.9106
34.7895
35.2302
35.6955
35.8692
36.0597
35.1546
35.1346
35.8516
35.8819
36.2745
34.5835
35.816
36.2186
36.2996
33.9841
35.3415
35.5058
35.7616
35.81
36.0918
36.2818
36.4106
35.7763
36.3924
36.0231
36.1768
36.4168
36.5811
36.678
34.765
35.1024
34.8899
35.1084
35.3328
35.3557
35.0881
35.4231
35.2339
35.3972
35.3063
34.9665
34.6606
35.2111
34.3435
34.7805
35.1289
35.4065
35.6747
35.7982
34.8477
34.3072
35.0679
35.1265
35.3432
35.478
35.0959
35.3161
33.9162
34.3529
34.5357
34.8977
35.0925
34.9112
34.9238
35.0902
35.2556
35.9316
35.1078
35.2138
34.997
35.779
35.5275
35.6344
35.8998
36.3204
36.3944
35.6539
35.6674
35.8189
36.1417
35.4762
35.7329
36.1913
35.4657
35.8936
35.914
36.1919
36.4294
36.5698
36.7188
34.7271
35.4735
35.5123
35.708
35.9839
36.085
34.596
35.8748
35.7289
35.8893
35.8921
36.0697
36.1587
36.3926
36.6032
35.8418
36.1586
35.155
35.4441
35.616
35.7701
34.6739
35.4402
35.337
35.0399
35.9225
36.0905
36.2464
36.4292
36.6304
36.8438
36.8701
34.9547
35.0895
34.9092
34.5228
34.7367
35.0359
35.2089
35.4802
35.7282
34.9649
35.4548
34.832
33.6791
34.5595
34.2537
34.4778
34.6182
34.0636
34.2515
35.3101
34.9432
34.3452
34.1972
34.5331
34.6661
