39.5253
39.8678
39.4203
38.9026
39.421
39.8878
40.0439
39.6171
40.1184
39.3806
39.6691
39.9247
40.2717
40.3359
40.5863
39.5897
39.6229
39.8031
39.6774
40.2458
39.8348
39.9742
40.1979
40.0119
38.2859
39.5909
39.7132
39.9007
40.1627
40.4336
40.611
39.2318
39.7814
39.9409
39.2753
39.2408
38.898
39.8476
39.904
39.9792
40.1754
40.5299
40.3645
39.8737
39.1058
40.2261
39.2579
39.3582
39.4008
39.5563
38.1486
39.1976
38.8848
39.2713
39.567
39.6698
39.2531
39.3874
39.5883
39.4193
39.251
39.5639
39.7054
39.0336
38.9108
38.7139
39.3103
39.3568
39.6066
39.8617
39.7361
40.094
40.4415
40.7339
40.7953
40.3144
39.2898
38.6032
38.9171
39.079
39.3587
39.3977
39.6021
39.9081
39.9531
40.3097
39.6466
39.9211
39.9939
40.1577
40.2838
40.4096
38.9988
38.8356
39.234
39.818
39.6832
39.9527
40.0319
40.3291
39.6553
39.643
39.8458
39.7788
40.0071
40.3004
40.4039
40.6269
38.2752
38.6833
39.039
39.2992
39.2142
39.5702
39.5065
39.6134
39.6455
40.1429
39.9041
39.8314
39.5344
39.7439
39.9856
40.0718
40.1927
40.2758
38.3626
39.3078
39.2559
39.5734
39.4645
39.8536
40.2773
40.6044
40.8269
41.0067
39.4958
39.4886
39.8116
39.1957
38.7915
39.2108
39.1097
39.3998
39.6261
39.6192
39.2177
39.511
39.4682
39.5154
39.538
