41.8514
41.7833
41.9369
42.07
41.1557
41.9296
42.2627
42.4888
42.9897
43.2399
42.2315
41.8992
42.2083
42.4354
42.8472
43.3603
43.0223
43.2258
43.5097
43.637
43.0689
43.0536
42.3106
42.3847
42.47
42.3378
43.061
42.7494
43.0737
43.3363
43.4993
42.9561
43.4542
43.533
43.8045
43.7768
42.5785
42.7543
42.4977
42.7461
42.8696
43.1927
41.3814
41.793
42.6842
42.7632
42.9127
43.1153
43.2679
43.3912
41.8237
42.1268
42.5848
42.8396
42.9983
41.8541
41.877
41.8335
42.2973
42.5876
43.1696
43.0868
43.2775
42.8385
43.2218
42.6223
42.4947
43.0233
43.1169
43.302
41.4135
42.1613
42.3948
42.6471
42.4797
42.569
42.2947
42.4088
42.3497
42.734
42.4034
42.4442
42.9229
43.127
43.2417
41.7587
42.4851
42.3349
42.6082
42.7478
43.1939
43.451
43.6619
42.0839
42.5131
42.5972
42.9492
43.4043
43.1882
43.2484
43.1205
43.2607
43.324
42.4326
42.226
42.5407
42.6043
42.41
42.9676
42.3006
42.5389
42.6244
42.7167
42.5664
41.6871
41.8555
42.2254
42.4968
42.7497
42.9584
42.8706
42.6194
43.0092
42.7106
43.0895
43.2213
42.7863
43.0061
42.4528
42.269
42.214
43.1321
42.8308
43.0332
43.1457
43.3867
