38.1384
38.7675
38.0749
37.9743
38.3909
38.6218
38.7343
38.8705
38.8116
39.2495
39.4671
39.662
39.9127
39.9476
40.0387
38.7822
39.15
38.8745
39.3035
39.5631
39.6924
39.7586
38.1276
38.2529
38.3511
38.0376
38.3474
38.4386
38.583
38.695
38.3823
38.3917
38.763
38.4313
38.7159
38.3193
38.4758
38.6646
38.7061
38.2178
37.8197
37.8386
38.5175
38.8977
39.2637
39.3776
39.7666
39.8896
38.9006
39.5514
39.4744
39.5505
39.5815
39.7315
38.4605
38.6568
38.3734
38.1783
38.4302
38.8421
38.2856
38.8769
38.7797
39.3351
39.1884
39.3553
39.4388
39.6073
38.7404
38.2837
38.479
38.7695
39.1115
39.178
39.5604
38.5531
38.2986
38.4343
38.1056
38.8869
38.3324
38.7202
38.7134
38.6764
38.8813
39.171
39.3722
39.6905
39.9218
39.5436
39.8874
39.2135
38.7727
38.4514
38.9088
38.044
38.5019
38.7474
38.9898
39.2687
39.4128
39.4878
39.6032
38.6487
39.3946
38.1795
37.634
38.0748
38.2306
38.4494
38.6691
38.0225
39.056
39.1883
39.3237
39.4716
39.5261
39.7468
38.258
39.0861
38.3139
38.7967
38.8441
38.8178
39.0583
39.3182
39.4719
39.6616
39.9138
39.9923
39.5713
39.2821
39.7119
38.9447
39.193
39.3564
38.4358
