89.5462
87.8047
86.6485
87.6279
89.0741
89.9817
89.33
87.3178
88.4105
88.5098
89.6725
90.5397
91.4593
91.4041
86.9454
86.4852
86.9309
88.7667
90.4939
88.6615
89.4103
87.849
88.9343
89.1246
87.6074
88.8763
89.7329
90.5019
91.601
88.2878
86.8452
88.2757
87.7859
89.3527
89.2799
87.1011
88.1829
88.2287
86.9755
89.1027
89.9475
90.6715
87.0015
83.2379
86.4557
84.0142
85.199
89.1001
89.404
89.4028
89.5307
84.5781
82.3604
86.1091
89.1421
90.2033
90.5712
90.2218
89.7355
84.4858
86.2503
88.4983
89.9328
89.2221
88.9226
88.9781
86.7561
87.8739
88.9365
90.4907
90.6563
90.0135
87.9693
86.7407
87.874
89.5009
90.2081
90.3619
88.597
89.5493
88.8726
86.3346
87.0469
88.5538
90.0756
