95.1021
95.9766
90.7231
92.5056
92.6821
94.4175
95.6119
96.5553
93.8627
93.4766
93.4288
93.8598
95.6778
92.706
93.6983
94.9697
93.395
93.7297
95.2271
95.5951
94.4175
93.1822
93.0823
94.4014
92.7988
94.8679
95.8111
94.6614
90.9371
93.5809
92.2007
92.2274
90.5488
91.5101
93.4994
95.1182
94.1792
95.1251
96.6987
97.5885
92.326
91.7935
92.7118
91.6053
92.6469
93.7046
94.8401
95.1842
95.7613
95.905
93.1645
93.9711
90.374
92.8386
94.0399
94.66
95.4945
96.5177
91.5846
92.5557
92.7208
94.2265
95.3655
95.7453
95.9586
94.886
94.195
92.5716
94.2546
95.2977
92.2949
94.4327
93.835
94.914
95.4941
96.7803
93.7423
91.8805
92.6718
93.3583
94.3345
94.1085
94.4828
95.6132
95.3534
95.0578
95.8512
90.0812
90.662
89.8991
89.7567
