97.2594
98.0471
92.2383
91.6833
92.576
94.4887
95.1579
95.3124
96.1727
94.9543
91.2578
92.1212
93.3913
94.7139
95.5204
96.5047
97.2735
93.0036
90.9072
90.8543
91.0562
92.7489
92.6749
90.6627
91.0015
92.5479
95.8838
90.9254
92.0535
94.5568
95.4694
95.7334
95.1125
94.4251
94.366
92.905
93.4015
94.8783
96.1187
92.919
90.226
92.5441
93.4123
92.8371
94.5476
94.5625
93.6432
94.1878
95.4474
91.9278
92.6984
91.8238
92.0782
92.1384
94.1216
95.0173
95.0536
95.5432
93.7228
95.0775
96.276
92.9549
94.3217
94.2969
95.4921
97.5331
93.0659
93.9534
95.6862
93.5675
93.5642
94.3961
96.3188
92.5554
92.8887
94.967
97.1024
91.4682
93.9384
94.9801
95.5107
93.75
94.148
94.6804
96.493
97.2725
96.7719
