88.8068
88.5328
89.5114
90.592
91.1996
91.8753
86.6781
88.4446
90.7215
85.8817
87.7357
88.1942
89.5394
89.6793
88.3279
88.3099
88.115
88.5915
88.377
87.7123
89.3327
90.5692
87.8928
85.8988
87.5743
85.9811
87.6424
88.2576
87.9324
89.1344
89.2687
88.4499
87.9406
88.9975
89.5804
88.2223
87.6599
88.7333
90.4582
88.9415
88.9193
89.6258
91.0221
83.5766
85.7409
86.9786
90.1026
86.2342
87.5375
88.0408
89.5333
89.4369
87.272
87.9417
89.6174
90.9893
88.4637
89.1275
90.3516
91.9146
84.683
87.8037
88.8816
87.159
87.1375
86.4604
87.3203
89.5654
86.0963
88.4792
89.2339
89.8777
89.3325
89.3868
91.3816
88.417
88.9349
87.777
90.113
89.6091
88.9309
89.8373
91.4662
92.3482
86.6774
88.6635
89.5024
90.3561
88.7638
88.8873
90.304
91.7656
