67.9793
68.4464
68.3119
68.876
67.5388
67.2708
67.5562
68.719
70.0811
65.8121
66.3516
67.3029
68.0286
68.6967
67.5985
68.3672
66.9445
66.429
65.6303
67.4423
67.8417
67.2075
68.5251
68.5039
69.0468
68.1074
68.8506
69.771
67.53
67.1839
67.7257
66.9977
67.989
69.3419
70.0866
66.9628
67.8102
68.0622
66.1788
67.3611
68.1173
68.7373
69.3622
69.6225
68.3664
69.1101
67.4976
67.3854
67.5727
68.8807
69.5462
69.7439
68.0052
68.2648
68.9205
67.7457
67.5084
66.7255
67.1994
67.6837
69.0241
68.1587
68.969
67.3902
66.9855
68.4992
66.6762
67.6172
66.6941
65.0821
65.2597
65.1611
66.3224
66.4074
67.2739
68.0595
67.2063
67.5338
67.522
67.6275
68.3635
69.0277
69.8418
66.8246
66.6727
68.1185
68.8304
70.1371
71.1718
68.0646
67.1767
68.5726
68.9056
68.5775
67.0005
67.63
67.8556
69.4176
70.3316
67.6557
67.3715
68.0531
67.643
68.0492
68.194
69.2076
69.9856
70.7583
69.3607
66.9609
66.7068
66.7277
67.7566
67.6618
67.2016
67.6071
67.8406
67.5949
67.0441
