82.8324
83.1095
84.0881
85.1133
78.8941
80.9809
81.341
82.1592
82.7366
83.1147
82.9607
83.1461
82.9508
81.1272
81.1212
81.8907
82.7853
83.347
84.6141
84.0292
82.3838
83.7136
83.3678
83.7052
84.4268
85.1758
80.7089
81.2454
82.3568
81.9281
82.6359
83.1261
83.0516
83.2234
84.3553
84.4664
82.4024
81.7987
82.1154
82.4751
82.5419
83.5105
84.0925
84.4514
82.1864
83.0777
83.498
84.24
84.7335
85.2496
80.9139
81.4696
82.074
82.8286
82.3018
81.9613
82.661
83.2071
84.2369
83.5987
81.7439
80.8604
79.8429
78.8495
80.786
80.5591
80.1525
81.205
82.4359
82.8373
83.0356
83.6927
84.5345
85.3741
82.7721
81.701
81.3291
82.0859
82.8949
83.5037
82.2048
82.5436
82.8595
83.4737
84.2669
85.1599
85.663
79.7319
81.6269
82.5935
81.7947
81.7456
82.5641
83.6257
84.1202
84.7711
85.3895
80.9644
81.5254
82.573
83.4753
81.8583
82.5424
82.6421
82.882
83.6089
84.7352
85.1581
80.8078
80.8063
81.8735
81.1689
82.2944
81.5298
82.6675
83.354
83.9171
