41.4263
41.4801
41.8074
41.9541
42.0443
42.2678
40.141
40.4476
40.5818
40.847
41.1795
40.136
40.9832
41.3078
41.2709
41.7252
41.3862
41.7449
41.9022
42.0238
42.0963
41.0773
39.4526
40.244
40.4308
40.9719
41.2097
41.0212
41.6944
41.7047
41.8174
41.9479
42.083
40.5659
40.948
40.5755
39.6003
39.9368
40.2577
40.4425
40.5335
40.6525
40.9008
41.0321
40.009
39.5487
40.4976
39.1376
39.5169
39.6415
39.8708
40.5124
40.7942
40.5151
40.7678
39.8926
39.785
39.9866
40.0063
40.5871
40.4836
40.7811
40.919
41.5353
41.1087
41.1162
40.8269
41.1291
40.7216
41.0693
41.4569
41.8114
41.8885
40.7318
40.9316
41.3122
41.2196
40.9544
41.3327
41.5929
41.915
42.0524
40.9943
39.9136
41.2923
40.6206
41.0684
41.3449
41.5511
41.7619
40.7385
39.9888
40.4764
41.0252
40.8926
41.0119
41.1257
41.235
40.4049
40.6417
40.813
40.8836
40.7137
40.8711
40.3037
39.8178
40.1553
40.3264
40.8965
39.9326
40.8252
40.8781
40.7726
40.9691
40.4022
40.0062
40.4018
40.4631
40.7477
40.8123
40.7521
41.0046
41.1138
40.9823
41.1011
41.3853
41.5017
41.6589
39.5624
39.6457
40.495
40.7716
40.999
