34.7139
34.7081
34.6878
35.1787
35.2906
35.5929
35.6767
35.7727
35.9766
36.1012
36.1304
36.2359
36.6769
36.1066
35.6147
35.6772
36.7822
36.4867
36.6208
36.9589
37.3375
36.3755
36.628
36.9737
37.0708
36.5726
36.3467
36.7319
37.031
37.2919
37.4276
37.6944
37.1969
36.776
37.3187
36.4308
35.9928
36.3009
36.491
35.9756
35.6389
35.8804
36.1578
36.021
35.9515
36.4341
35.3837
35.6568
35.8273
35.5958
36.0473
36.1536
36.2955
36.4633
36.1102
36.6077
36.3074
36.6887
36.8652
37.1877
37.4569
36.5217
36.7734
36.897
37.0926
37.0729
37.2415
37.0192
36.9066
37.1882
37.3283
37.565
36.6422
37.3793
36.9363
37.1043
37.2299
37.4738
36.6568
35.8411
36.6844
36.5406
36.879
37.1118
37.4388
37.6097
36.7608
37.4145
36.8915
37.0841
37.2576
37.425
37.7023
37.8749
36.1567
36.197
36.7075
37.1512
37.2785
37.5725
37.6947
36.8142
36.2123
35.9043
36.7686
37.0029
37.143
37.4571
36.1877
37.3516
37.1346
36.7718
37.076
37.2569
37.5678
37.8229
36.9729
36.2495
36.6355
36.7117
37.0534
36.9759
36.9177
37.2164
37.4314
37.503
36.8594
