42.8481
42.8001
42.9589
43.053
43.34
43.6261
43.7738
43.7497
42.4672
42.4266
42.2006
41.8301
42.6733
42.9101
42.7758
42.5539
43.4951
43.5853
43.7967
43.9461
43.4317
43.5424
42.2917
42.6995
43.1936
43.5923
43.6049
43.7446
43.3578
43.6512
43.9386
43.9701
43.7749
43.953
44.1221
43.2549
42.7052
43.8196
42.7238
42.6745
43.2463
43.2485
43.3804
43.5919
43.6394
42.6677
42.8835
43.2191
42.9306
43.087
42.5854
41.7453
42.5251
42.3214
42.7533
43.0925
43.3739
43.5935
42.9348
43.201
43.4773
43.6201
43.6769
42.9025
43.6334
42.7449
42.8607
42.7973
43.2734
42.9024
43.2433
43.5408
43.5585
43.244
43.6115
43.19
43.4756
43.6982
43.9065
41.7371
42.7806
42.9886
43.3006
43.4913
43.7035
43.9908
43.2769
43.1808
43.2842
42.4184
42.6261
42.8704
42.9825
42.4326
42.3318
43.2216
43.2746
43.4778
43.7351
43.2584
43.6738
43.7548
44.0819
44.2177
44.4226
44.5542
44.505
41.8608
42.5946
42.726
43.2638
43.5251
43.7157
43.9792
44.2749
43.2767
43.6588
43.649
43.7531
43.6128
42.8415
42.8631
42.768
42.8983
42.9541
43.2382
42.8511
43.1806
43.1466
43.4715
43.3389
43.4462
43.7471
43.5878
43.1378
43.4733
42.8605
42.4361
