38.5164
38.2996
38.556
38.4429
38.6274
38.7887
39.0586
38.5721
38.6868
38.1499
38.4075
38.8937
38.3332
38.7369
39.0825
39.2132
38.6972
38.1462
38.5001
38.0405
37.6707
38.6173
38.9119
39.1022
39.3375
38.605
38.6451
38.3373
38.4902
38.7444
38.8572
39.1274
39.1383
38.3133
38.3996
38.7395
37.2565
38.3696
38.1113
38.3569
38.4904
37.9676
37.8652
38.6738
37.6829
38.0535
38.2786
38.5984
38.4809
37.3786
38.5552
38.4689
38.5895
38.8032
39.2152
38.0773
37.7702
37.8408
38.1964
38.3905
38.2823
38.7105
38.7552
38.0738
38.4784
38.231
38.3734
37.7312
38.0088
38.1624
38.3662
38.5187
36.8335
37.9471
38.0642
38.2926
38.6241
38.7372
37.2184
37.8475
38.1258
37.9434
37.8996
37.7609
37.5401
37.7766
37.0054
37.6029
37.4682
38.0173
38.1064
38.3734
38.1734
38.3716
37.8803
37.3685
38.1196
38.0403
38.6781
38.1211
37.944
38.1547
38.3904
38.6394
39.0161
38.0114
38.5615
39.0231
38.5944
38.7447
38.9412
37.5519
38.2189
37.7005
37.9171
37.5153
37.5653
37.9247
37.8189
38.2929
38.262
38.6081
38.6939
38.9968
38.9905
38.6247
38.8163
38.6779
38.1606
