41.6509
42.4598
42.6959
42.8597
43.0325
43.2359
42.2578
42.601
42.2231
42.7035
42.9681
43.1114
43.1665
43.3877
43.3197
43.2691
42.9766
43.1156
43.3256
43.4703
43.1912
43.1152
42.5412
43.5672
42.9148
43.2091
43.6033
43.705
43.6296
44.1612
43.9303
43.9294
43.8193
44.3364
42.6984
42.8463
43.083
43.2845
42.1928
43.0537
42.9999
43.3322
43.4199
42.52
43.2893
43.1845
43.3522
42.4872
42.7258
42.8258
42.6315
42.9512
42.4023
41.5583
42.6709
42.7453
42.8636
42.8627
42.734
42.7053
42.4407
42.5353
41.7258
42.565
41.9426
42.2445
42.4035
42.5981
42.2959
42.5957
42.8331
43.0914
42.4375
42.6822
43.3267
42.9824
43.2318
43.3129
43.4684
43.7688
44.116
44.2083
44.3329
44.5032
42.5834
42.0983
43.2566
43.5058
43.6907
43.9598
44.1926
42.9283
43.3605
43.6578
43.7216
43.7965
41.5028
42.8876
42.5237
42.6568
42.5833
42.9392
43.3107
42.5739
43.5425
43.3665
43.7741
43.7995
44.0471
44.1171
44.192
44.3692
41.9823
42.7741
43.1327
43.3763
43.5718
42.2765
43.1574
42.8246
43.1388
43.5142
43.5244
42.8342
42.8209
43.0125
43.2114
