68.4001
68.8319
68.0608
65.6068
66.233
67.038
67.7238
68.1668
69.2515
67.4827
67.1
66.9922
67.4044
66.6892
67.4293
68.0161
69.0918
69.3669
67.7887
67.9869
68.7219
68.2346
67.0471
67.2272
66.728
68.0856
68.6276
69.4025
67.5823
67.8402
66.6921
66.8798
67.765
66.385
67.5553
68.309
69.5233
68.7478
68.4837
67.8181
67.6783
67.1067
66.8111
68.3142
69.205
69.8114
68.6256
68.7226
69.4318
65.2833
67.4881
67.7477
66.5571
67.6674
68.4025
67.9513
68.7732
69.2648
65.2022
67.1075
66.5487
66.3653
66.8829
67.2805
67.9482
69.0107
68.4671
68.7509
66.432
67.3881
66.6735
66.4323
65.8977
66.2051
66.0609
66.4278
66.8402
68.3368
69.2842
70.3837
66.8818
67.49
68.1903
68.8509
69.3491
69.5053
66.109
67.5428
67.4515
67.1752
65.8009
68.0826
68.4148
67.7851
69.1038
69.5691
68.4271
67.5734
68.3167
69.1914
69.9268
66.7943
66.6224
65.7733
67.8151
68.1994
68.7085
67.6568
67.0301
67.6056
68.7169
69.6764
70.1747
70.8659
64.1675
66.869
67.4552
67.7436
66.3036
