93.5932
94.7514
95.792
95.8575
94.2163
93.7902
93.348
91.8325
91.6428
92.6324
93.5822
94.4065
94.2665
94.6796
95.0791
94.2415
93.1553
93.4369
92.4007
93.3668
94.1058
94.7522
91.7992
91.3882
93.8595
95.0065
96.0818
96.5763
91.9707
92.4992
92.7568
92.5823
92.8644
92.228
92.7777
93.6163
94.4189
95.4773
95.8652
96.2763
93.6053
93.5097
92.6789
92.1728
92.534
92.4794
91.8498
92.4669
93.4734
94.3567
95.5455
93.659
93.0458
91.8645
91.7611
93.9141
91.9363
92.5428
91.7641
93.6916
94.3317
93.8686
95.2945
94.1092
93.692
93.483
93.2085
94.1189
90.0696
91.2926
92.9006
92.9454
93.4803
93.6937
93.9872
93.8482
94.6808
95.7705
96.4234
97.1611
90.4706
92.9115
93.8817
95.0722
94.0393
94.5939
94.4214
94.9641
95.7259
96.8433
92.2022
91.2918
92.4353
93.4542
94.0411
94.2683
93.6788
94.0119
94.6771
95.1114
95.9707
95.7584
92.4981
92.6987
93.2956
94.1707
95.5195
95.8616
96.5002
94.7353
94.2246
93.6548
92.5644
