81.744
83.2871
83.1234
80.522
82.6567
83.0174
83.896
84.5067
84.7098
85.5504
86.4901
86.9867
83.784
84.5
85.6763
86.5616
87.3048
83.8568
82.7057
84.001
83.8208
84.7243
85.2812
86.1633
86.6001
87.1329
83.9637
83.2923
82.9825
82.6281
83.2839
84.3674
86.6216
85.6918
84.9611
85.8043
86.9073
87.5443
81.8891
82.8488
81.9438
83.573
84.315
85.6497
86.4727
86.4453
84.3667
85.3431
83.8472
82.5825
81.1365
81.0993
82.678
83.5702
84.9286
84.8678
85.0983
85.6846
86.6525
87.2778
87.6265
81.4312
83.4651
84.0382
84.5546
84.1962
85.4124
86.0082
86.6446
84.9727
85.0874
85.5703
86.1041
86.9265
81.3071
83.3189
84.2522
85.8825
86.9229
83.5058
83.5926
83.3934
83.3457
86.2264
86.9441
87.3063
87.4186
87.4425
81.4696
83.3686
83.9372
82.9664
84.0631
85.2867
86.1314
86.0882
86.5535
85.5542
84.4176
84.1897
84.0811
85.0779
86.0214
86.6184
84.2214
84.5309
85.2745
86.1966
86.5203
84.4868
84.1871
85.1053
86.1479
84.4306
84.0268
84.1101
85.3971
86.1934
85.6189
