84.2414
84.635
85.2918
85.6437
86.4321
84.4477
83.1395
84.8885
85.7756
86.1875
84.7799
83.8992
85.4818
86.2198
85.3978
84.1435
84.6406
84.319
84.8373
85.4245
85.6429
86.4233
87.1523
87.847
85.9312
84.8271
84.5411
85.3235
86.6235
87.8464
85.9296
86.0272
86.3734
86.4854
85.8688
86.8
87.0609
84.7753
84.2129
83.1887
85.1283
86.4231
87.5309
83.8266
83.7373
85.0575
85.4228
86.6096
87.8718
84.3548
84.3052
85.1699
84.9136
84.2336
85.0342
86.1257
86.7003
87.4649
85.884
86.1017
86.5565
87.3468
87.6642
88.4142
84.4169
84.7202
85.6033
86.6379
87.4261
88.0946
88.5508
85.8129
85.1405
86.6188
87.0923
88.003
88.6553
83.9197
84.7583
85.7748
84.5861
85.3214
85.8552
86.4546
87.2376
88.0844
88.4023
89.0048
84.4965
83.5867
84.7033
85.2139
84.8677
85.0931
86.139
86.0926
87.2048
85.2924
88.2745
89.986
92.9734
85.262
87.6638
88.5651
89.4711
89.6226
90.1726
88.5765
90.2513
90.7141
90.7437
91.5757
91.2433
90.055
90.266
91.1849
91.5275
85.0862
