94.7415
96.1211
94.4761
93.1864
91.7969
92.6513
93.3783
94.4948
94.8278
96.0056
95.6145
96.2968
95.1565
94.3015
95.6279
96.0109
96.7618
97.2999
93.9185
93.717
94.648
95.8313
97.0849
97.7204
92.0444
92.6593
94.5427
92.8406
94.5004
93.7293
94.0692
94.9768
95.4731
96.7629
97.5424
95.6603
93.8671
94.2991
94.2035
93.5359
93.0051
92.8833
93.5456
94.7097
95.4361
95.7567
95.6618
94.4057
95.6141
95.4508
95.4503
95.9659
96.6886
94.5275
93.3425
94.4361
94.3309
91.9399
94.3098
94.7667
95.6603
93.1968
94.9246
94.291
95.5785
94.8624
95.4116
95.6048
95.2864
96.0868
96.8557
97.1054
97.5427
97.7
93.3163
93.5202
94.3769
95.1485
95.0008
95.2302
95.5529
96.1388
96.814
94.6478
93.4787
93.4389
94.436
94.6261
95.0746
95.7171
96.6206
97.9968
94.3803
92.7587
93.1401
93.739
94.3006
94.8597
95.5339
96.0791
96.4526
97.1883
97.8468
98.2107
92.1859
92.0278
92.8621
92.7553
