68.3396
68.4234
69.7178
70.3886
68.3966
67.5875
68.9664
69.4755
70.05
70.7775
68.9054
68.801
69.5966
70.1193
69.4409
69.0629
70.0755
70.2169
68.4599
67.5146
68.7476
69.5348
70.5215
71.1696
68.3201
68.3803
69.1998
69.0347
68.1971
69.3373
68.3804
69.6302
70.8095
71.4104
71.7724
68.5686
69.3265
69.3043
69.0188
68.9948
70.3909
69.1804
68.2832
69.4596
70.0556
71.5373
68.1873
68.5355
69.322
70.5138
71.2024
72.0154
68.5069
69.3471
69.7425
70.0763
68.301
68.0241
68.3797
68.7652
68.9265
69.2614
69.358
69.4334
68.5465
69.0825
69.7289
70.7232
71.3418
72.1494
72.0288
65.471
67.9784
68.793
66.9088
67.5518
67.8782
69.1586
70.2627
70.9738
71.1486
67.4225
69.3296
69.4847
70.3024
70.9117
71.4844
65.8332
68.0494
68.7828
69.7243
69.833
68.89
69.444
69.7216
70.4466
70.4497
66.7648
68.4842
68.0731
68.4374
69.167
68.7168
67.685
68.3306
69.9692
70.5966
70.5036
69.3868
68.8171
69.6094
70.7936
71.6939
68.7498
67.8237
69.0828
69.9937
