94.0358
94.8804
96.1662
95.3879
94.8712
95.3442
96.0013
96.3873
97.0419
90.052
92.3032
92.9076
93.9994
94.0138
94.819
95.2823
93.9624
94.3115
91.5458
92.6155
93.3605
94.1756
95.3739
95.8568
96.2483
96.5895
94.8872
93.4304
94.0968
94.6225
91.821
92.5467
93.5981
93.9923
94.4856
94.5587
95.511
95.9635
96.6766
92.9911
92.3737
92.775
92.5303
92.9051
93.5808
94.0991
93.533
93.9501
94.0959
94.5
95.6227
93.0199
93.2354
93.2757
94.5167
95.3454
96.1977
96.8147
94.2382
93.7168
92.9496
91.8669
92.3521
93.0817
93.7739
94.1079
94.3633
94.2356
94.4645
92.3257
92.7181
93.3755
93.0337
93.367
93.326
94.2337
94.9438
95.4156
94.9934
93.0458
93.8515
93.1722
93.5217
93.1594
93.9751
94.286
95.2821
95.3749
96.0682
95.7731
94.4682
93.5099
93.871
95.3573
96.2778
94.1306
94.4326
95.246
95.3045
96.0568
93.3155
93.17
92.9826
94.0789
94.7093
96.1257
94.6339
94.3097
94.1633
94.5114
95.1017
93.9505
