86.4313
86.683
84.3161
82.1241
83.3663
83.964
84.6575
82.8453
83.6581
84.4798
83.9113
84.8893
86.0904
86.4586
82.2121
82.8874
83.6669
84.7088
85.6787
83.0806
81.8402
83.0075
83.6017
83.7773
83.5742
83.4918
83.5384
84.2372
84.874
85.6152
85.9748
82.278
83.9028
82.3431
83.6701
84.7003
84.7802
84.5971
85.4233
86.0425
85.0988
83.2147
82.9602
83.7837
84.7662
81.9788
79.9546
82.6326
83.8266
84.763
85.577
86.5287
86.5986
87.3219
83.0545
82.0623
83.2665
84.3038
84.9562
84.0141
84.5745
85.5438
86.3975
84.7659
84.0207
83.9705
83.4232
83.834
84.5728
82.1272
83.5887
83.8281
83.0552
85.3424
83.2376
83.1198
83.9873
84.3199
85.7186
86.5898
85.3786
84.5
83.8516
84.2814
82.6112
83.0991
83.6431
84.562
84.3603
84.7981
86.2168
86.8048
84.435
82.5624
84.4549
85.0967
86.0118
86.2839
82.3566
81.5835
84.3168
84.9792
86.0059
86.8913
84.3546
84.3358
85.0642
85.4229
85.2586
84.217
84.8722
85.6622
84.7162
