94.3756
96.6563
96.7339
97.0006
95.2527
92.8966
91.9795
94.1763
95.0868
96.0678
94.2058
91.9638
90.4371
90.221
93.732
94.2334
94.6511
94.23
94.852
95.9131
96.9249
97.7589
92.5401
93.5302
94.5446
95.3895
94.4722
94.1823
95.5663
92.6994
92.7354
93.5548
94.9046
95.2539
91.9281
93.8253
94.3974
95.6688
92.5526
91.9242
93.5284
94.9944
96.0198
94.216
90.5461
94.2593
95.8449
92.9857
92.6885
94.4067
92.8597
93.2033
94.1306
94.8786
94.0445
93.9021
95.6812
92.2952
92.2253
94.0647
95.4721
93.7299
91.3998
93.2292
94.3591
94.9256
93.9993
93.009
94.0327
95.7912
92.9175
93.3204
94.3018
95.0842
94.1088
94.2931
94.868
96.2564
95.16
93.9907
94.9452
97.0962
91.2731
91.2612
94.5034
96.7264
