90.858
90.9601
90.3907
92.1314
93.1208
94.0985
93.7769
92.5622
86.4888
86.2131
91.1731
92.4213
93.7401
94.7205
94.524
95.8142
96.2872
89.2807
89.9604
91.9106
91.6473
92.2337
92.813
94.329
92.1829
89.7244
91.6842
93.3577
94.2219
94.1537
87.5624
91.5355
91.4594
91.3223
87.8192
91.3018
91.5171
92.1075
92.4142
92.0356
91.6082
89.4045
91.3676
92.7383
93.758
93.9268
90.2813
90.9288
88.4613
90.3601
91.1954
93.7596
93.777
93.4628
93.763
92.1118
92.5186
91.8169
92.5954
93.7647
94.015
92.2539
91.4641
93.4648
90.5156
91.9521
92.0318
93.8736
94.5849
91.4723
91.2584
92.6314
94.1704
95.4683
90.6334
91.697
91.8616
92.5112
92.3403
92.4469
95.4705
92.5389
90.5374
92.7202
92.6621
