95.7593
96.8042
96.5439
96.5014
97.5541
92.206
93.1014
93.3357
94.4108
95.1974
95.6185
95.9551
96.9886
95.8019
92.1011
91.7211
92.5716
93.6596
93.6238
94.7168
93.1105
94.138
93.4297
95.1562
96.5241
94.5915
94.4764
94.4554
93.3977
93.2045
94.3222
95.8691
98.0946
95.3721
95.4562
95.988
97.251
97.1609
97.6413
92.454
92.0688
93.4488
95.065
94.393
94.6102
95.9485
96.7658
97.519
92.3952
93.7767
94.7345
97.3559
93.6744
93.9164
96.0451
97.4126
89.4553
93.7256
94.9724
94.868
95.3463
95.6217
95.7477
95.6506
92.2437
90.4324
93.6853
95.2157
94.6642
95.4427
95.9605
97.0061
97.9163
91.7804
92.5959
94.4793
95.5111
96.5595
95.9751
93.1704
94.6493
91.4452
93.849
95.775
94.7201
94.5826
94.583
95.7897
97.1819
