93.7358
95.3763
94.519
94.6414
93.3033
93.6792
94.9749
95.9755
96.5231
93.1197
93.0048
92.2599
92.9876
94.4042
95.2975
96.3025
91.8782
92.4444
92.5931
92.7432
93.9836
95.3669
95.1359
96.0135
93.6783
90.3956
92.5899
93.367
94.2542
95.6855
96.7604
96.0931
94.7561
92.1653
92.5122
93.7957
94.7844
94.9815
94.1382
94.3939
96.5962
92.9897
92.3788
94.5856
94.9186
95.7406
95.6468
96.2043
97.0018
95.002
92.2422
93.9261
94.8702
94.0534
94.5152
95.0276
92.985
89.0863
93.2148
92.7992
95.5235
95.5075
95.6564
95.3221
96.8024
97.4816
91.7849
93.1475
93.827
96.1227
97.3305
97.8763
94.394
92.3167
94.8208
96.6562
94.1094
94.7223
95.6329
96.7775
93.7512
93.3084
93.5773
94.8753
95.7634
