92.9312
94.1933
96.3141
92.9165
93.6628
95.7245
97.5246
97.2755
92.9601
94.9753
92.5128
93.66
93.9897
96.2707
90.0103
88.3708
91.5483
93.1832
92.0591
92.8288
93.457
93.8473
93.3349
90.2637
91.7212
92.4805
93.9251
95.7444
96.5205
95.0532
94.2807
92.1323
91.4916
93.007
94.8958
96.0869
95.4435
95.281
92.4371
91.9812
93.0741
94.1244
96.2013
94.9639
94.6427
96.3396
97.1942
90.0983
91.1441
92.6544
94.6561
95.4203
95.2666
96.2108
94.7406
90.1064
91.4422
93.478
95.2126
96.1849
96.166
96.8999
98.1381
89.405
90.5177
91.8702
93.9506
95.3131
94.8538
95.6905
94.4262
90.6451
91.7522
93.0643
94.9875
92.8082
93.0162
93.7673
94.6109
96.6413
89.6442
88.9959
91.2805
89.9548
91.6678
93.0142
93.3146
96.0674
