84.6747
86.4907
88.7164
85.9481
85.4954
87.4529
89.0756
84.0682
85.399
87.1433
86.2997
85.9805
86.0348
86.6936
79.6248
81.8923
83.5038
84.1988
87.0092
86.795
86.435
87.7003
83.7002
83.5719
84.7938
86.4486
88.3752
88.2306
87.7526
89.5409
89.9432
81.5537
80.7966
82.144
81.1965
85.5378
88.1762
88.3731
87.0012
87.0516
85.4343
83.8558
84.6939
84.7776
85.8991
86.5297
85.898
84.7398
86.1354
87.3888
83.4681
84.5478
85.8582
87.2298
87.9962
85.1237
86.2241
87.3
85.0793
85.1786
85.5087
86.5705
86.4838
87.2151
88.0669
85.1689
83.9729
85.0609
87.4093
86.4051
87.6943
89.091
86.8292
83.441
84.9493
86.1652
86.6095
87.0365
87.5163
86.7444
84.9604
84.4531
84.9773
86.2758
86.9968
