75.8407
75.737
76.1093
76.8425
77.6985
77.9599
77.2447
77.5624
73.5345
74.2793
75.5632
76.3567
77.305
76.8718
78.2181
78.5646
77.6872
77.0758
75.2978
74.9484
74.5958
76.4103
76.3295
76.933
78.392
75.9364
75.0284
74.3855
77.19
78.3169
76.5746
76.9505
76.9913
78.2299
79.5447
76.2464
77.0954
78.0838
76.084
76.4629
76.7757
78.2538
80.4981
75.7679
76.6149
78.8223
77.4533
75.9983
77.8877
79.1776
78.6413
79.0137
79.0866
79.0784
80.699
81.6678
77.7659
79.7571
80.5211
79.609
77.9371
76.9466
79.4523
81.0922
81.6826
76.0151
77.4041
80.4714
79.6483
77.359
78.949
79.5768
80.8491
77.3187
76.6452
78.2551
78.8214
79.3336
79.8714
80.6976
81.725
82.8408
82.9446
73.5729
77.1324
78.5752
80.1917
81.1401
78.3749
