93.1601
93.4501
94.8588
96.199
93.7459
90.793
94.4559
95.1892
96.6304
92.1576
92.2473
94.0123
95.4842
96.5122
96.7133
94.8159
93.4515
92.8942
93.4072
94.8217
96.2874
95.8029
94.09
94.1432
95.7927
96.7298
88.1315
92.245
92.3802
93.4524
94.1803
95.8751
97.1839
97.0981
94.2283
95.3047
93.2301
91.771
94.1615
94.8755
95.1303
95.6187
89.7728
92.1409
92.9657
93.9535
94.5409
92.9298
94.7864
95.328
96.503
97.5006
92.6177
93.5124
94.6402
95.5809
94.362
94.6003
95.9956
92.7423
93.252
94.2114
94.9927
95.4105
90.6846
93.9768
94.2446
95.618
92.4396
93.2311
91.0545
92.4607
95.2932
96.8432
92.6038
92.9128
95.1281
96.2034
93.6086
92.6824
94.2263
92.6615
93.2165
94.3041
94.8401
91.1825
94.1286
94.9288
96.3843
