92.1505
93.5618
94.9196
94.8677
95.0474
94.7127
96.666
94.5655
91.7213
92.7488
94.028
95.8641
94.9602
93.7813
95.2355
95.6035
92.7772
92.2944
92.5565
94.5735
96.088
94.6565
95.1555
94.9769
92.5317
91.5682
93.0337
95.7021
97.3693
95.2579
95.5341
95.6906
94.9405
92.4676
92.2483
93.151
93.903
94.1969
94.8972
96.6127
93.2147
94.2811
95.5473
90.4218
91.1162
90.8519
93.8017
94.5251
92.885
91.5328
93.2462
95.3785
93.8727
93.4327
94.8623
94.6768
93.1608
94.3387
94.9833
96.1461
92.285
93.4424
94.1535
95.9026
92.551
92.5667
93.1405
95.0202
93.6758
93.1169
93.6281
94.1867
93.3584
94.7557
95.4469
96.3713
97.4408
92.059
92.8796
93.1583
93.9785
93.0019
