88.096
89.1683
87.3094
85.8157
87.5673
89.0292
89.8701
89.9139
88.0802
89.7623
91.1677
85.4862
83.2052
87.8302
89.7161
90.1642
85.7924
87.542
86.4562
86.1935
86.7614
85.2694
85.8902
87.5285
85.8719
85.7937
89.2887
90.2551
91.1403
91.1109
86.2468
85.8421
83.7781
85.564
86.9671
88.711
89.2878
89.8601
91.0632
88.2304
84.8838
85.7644
87.81
89.4926
89.5401
90.284
91.8528
88.4276
85.622
83.7022
87.7479
88.6741
89.1702
87.9341
90.6157
91.7294
91.3189
85.3641
86.1161
88.0566
90.2565
85.6666
84.7467
88.1012
90.0472
85.649
86.4653
87.4319
88.9347
89.7628
88.3543
87.7824
88.6026
88.7658
89.416
91.0119
91.2506
91.8038
87.5291
83.7945
87.5205
89.3536
89.7962
87.0928
89.1592
88.4926
87.6177
89.3315
