93.8636
96.5062
93.6512
94.1776
95.2647
97.1201
97.8646
94.6107
91.9225
93.4459
93.1725
93.2617
94.4014
94.6995
94.9612
95.1939
92.2542
92.3042
93.9956
93.5532
94.2373
94.6053
94.9976
90.0271
90.608
93.5573
92.7416
95.3089
95.9863
95.7998
95.2263
95.4662
90.7875
92.3629
94.3023
95.7809
94.711
95.7408
93.5816
90.4054
91.81
92.1809
93.9934
95.5426
94.992
93.1196
95.5822
94.3985
92.0742
91.7274
93.1397
95.1613
95.2756
95.7321
96.5573
97.8575
88.5591
90.9755
92.5108
93.5212
94.7604
94.9981
95.3033
96.4013
92.1245
91.3554
93.0342
94.1697
95.9177
95.4162
96.3581
90.4487
90.9404
90.9245
92.5797
93.3401
93.9705
93.4865
95.5121
93.8268
91.2426
92.9176
94.2499
93.9527
93.7515
94.1567
