82.4415
83.0998
82.6546
83.6879
80.9608
81.5097
81.8008
83.4081
83.8776
84.6089
82.9983
80.1638
78.5666
78.2592
81.3263
82.4888
83.4784
84.0275
85.5493
78.6523
78.7417
81.2025
82.6921
83.1556
82.4272
83.0484
83.877
77.8954
77.7665
80.3082
81.4938
82.2688
82.9011
83.1396
84.8412
78.3143
79.3694
81.1129
82.9076
81.5742
79.9292
81.6992
84.8049
86.0542
79.0029
80.0895
81.9973
82.9456
81.2182
81.3629
82.5074
84.7459
86.2411
80.4487
81.526
83.5752
79.5507
80.5596
81.5958
84.1125
83.3204
81.0791
81.5079
81.847
83.0877
82.656
81.7399
83.2468
84.5751
85.8489
86.021
80.2519
81.2484
80.9165
82.8393
83.5655
83.2091
81.9252
79.1533
80.3609
79.7721
80.933
