92.2958
91.363
91.3414
93.3814
94.6768
95.0523
94.991
93.6961
92.1977
92.6432
93.971
95.4079
89.4107
93.5868
93.487
92.3116
92.9576
89.8664
89.9222
92.9158
93.7299
94.8347
95.5905
96.1904
93.7185
92.8037
91.3239
90.9228
93.4475
94.6789
93.5636
93.2329
92.0238
91.0492
90.8107
93.332
94.1807
94.512
92.8496
92.521
93.681
91.0719
91.898
93.0148
94.7827
95.8436
94.0665
94.4811
92.5027
92.4052
92.1136
93.3483
94.6423
94.751
89.8378
89.9968
92.3156
90.0715
90.7336
91.9547
91.9946
94.2823
93.3765
94.3589
96.1287
97.4684
87.9472
90.5521
93.1524
94.7345
96.2733
92.2653
94.9633
96.3507
89.044
88.7538
92.0383
93.2853
95.6823
96.6425
96.2723
94.4606
90.5549
92.404
93.7003
94.7655
