92.2677
88.9146
92.3365
92.1801
94.3015
95.3276
96.0884
96.6631
89.519
93.6639
95.5333
96.9694
94.0759
93.8554
95.2613
92.4455
92.2729
94.1444
91.7212
92.8558
94.0599
94.3407
94.9317
95.6552
92.9701
92.222
91.5235
92.0677
94.4865
94.2129
94.7745
94.4167
93.4703
95.3018
95.8768
91.7755
92.1488
93.198
94.3509
96.6541
93.4868
94.6113
94.1342
93.2989
93.6644
94.7099
95.9799
93.1208
93.4228
94.2978
95.8572
92.671
92.7892
93.8713
95.378
96.9492
93.6312
93.9493
95.2542
97.2833
92.6744
93.892
96.0499
94.8136
94.9531
95.8755
96.438
93.9181
94.1652
94.7981
95.7549
96.1578
94.6081
94.9671
95.8391
96.95
93.3647
93.2706
93.6619
94.1767
93.9377
95.4344
96.5687
