79.5319
80.8218
81.6709
82.8257
83.3945
77.0868
80.0327
80.6799
82.7368
80.1704
80.6576
78.4006
79.9656
79.1506
79.1777
80.385
81.9652
78.0048
78.3437
80.5564
79.8677
79.1361
79.845
81.1225
82.9714
76.4271
79.7773
81.3616
83.343
79.2497
79.7217
80.3756
81.8236
81.6281
78.6637
80.8052
82.0281
84.108
79.0462
79.6926
81.4142
81.1162
81.1066
81.2972
83.0349
80.0706
81.1854
83.0664
80.3967
77.3276
77.1538
81.4322
81.8044
81.368
81.3245
81.29
82.2188
82.901
80.9464
78.4812
80.5189
81.1688
81.7577
82.228
80.4645
79.432
79.8364
81.1593
82.7207
83.4379
82.2571
81.1895
82.7709
83.165
78.2449
79.1466
80.8876
82.818
82.0974
82.7649
84.27
78.632
79.5982
79.4904
81.4648
81.6966
