91.0631
89.458
89.0142
90.2607
90.4516
91.7362
91.9131
87.965
88.7317
89.9311
91.1182
92.8374
89.5874
90.1625
91.1271
88.7675
89.3071
89.8828
91.3686
87.3035
88.7173
89.3123
88.9447
87.2063
88.3243
89.7237
91.2412
90.0083
88.7941
89.455
90.5864
91.7979
86.0826
88.8437
90.4312
91.7132
87.7663
88.049
89.7806
91.9933
87.9178
90.425
91.4317
92.8304
87.7872
88.0351
87.9114
89.4664
89.6777
90.5131
90.9281
92.1455
93.0475
87.2594
88.4227
89.219
89.5695
91.5201
91.3379
92.431
90.2786
89.3352
91.1388
86.2415
89.6876
90.3788
90.5854
91.5753
88.7146
87.3315
89.1476
88.5855
89.3873
87.4872
90.8578
93.0978
93.2
88.096
90.7847
92.1496
93.5343
90.6556
89.3786
91.3333
92.4328
86.8673
87.7959
89.5943
91.9607
93.6024
88.282
89.1155
90.5247
88.1676
