36.5215
35.4491
35.2962
35.97
36.1323
36.5362
35.325
35.5449
35.8455
36.1502
36.4024
36.6696
35.308
35.8116
35.8347
35.9736
36.2466
35.9301
35.2431
35.7994
36.1729
36.3544
36.5478
35.5482
35.4557
36.162
36.0455
35.7831
35.8369
36.0786
35.4873
35.5057
35.5985
35.9077
36.3331
36.7629
35.8843
36.1308
36.3369
36.5059
36.0038
36.5108
36.4736
36.3425
36.514
36.5869
36.8455
34.5994
35.7688
35.0607
35.4013
35.4835
35.7523
35.0548
35.3037
35.7753
34.9058
35.1007
35.0742
35.0605
35.0206
34.4959
34.7067
35.02
34.6549
34.5399
34.9512
34.9938
35.16
34.3128
34.6314
34.1851
34.5121
34.6895
34.2005
34.3811
34.1243
34.5439
34.4997
34.1162
33.7405
35.0353
35.0107
35.2067
35.4094
34.8957
35.1575
35.3181
35.6193
35.8942
35.9523
35.3144
35.7256
35.0286
35.3133
35.4669
35.4774
35.7624
35.523
35.5988
35.6065
35.6315
35.8341
34.7712
35.0935
34.9496
35.2605
34.7631
34.9756
34.5252
35.3103
35.544
35.6505
35.9107
35.7029
36.0801
36.2002
36.3104
36.3548
36.4517
36.5477
35.021
35.4964
35.8527
36.1086
35.4777
35.3837
35.8252
35.7545
