40.9737
41.1323
41.4106
41.4173
39.4148
39.6304
39.683
39.9108
40.1933
40.4217
40.8215
40.9707
41.2387
41.4654
41.0417
41.0171
39.6465
39.5917
39.9227
40.1429
40.3159
40.0794
40.0968
39.8478
40.0011
39.8971
40.1339
38.9828
39.5698
39.7565
39.9408
40.0883
40.2846
40.2163
39.6572
40.489
39.9566
40.2051
40.3949
39.4239
40.1723
40.2971
40.4582
40.6167
40.8809
40.7191
40.2857
39.7927
39.7748
39.8607
40.0842
40.4855
39.6804
39.8981
39.6127
39.8125
39.9895
40.1254
40.4627
40.2764
40.701
40.8281
40.0118
40.3538
40.8218
40.648
40.7556
40.9785
40.28
40.4808
40.3481
39.9917
40.4406
40.9328
40.517
41.1085
40.544
39.9805
40.2636
40.4807
40.5502
40.6481
40.7391
38.7952
39.7076
39.5676
39.4956
39.3721
39.6352
39.8074
40.0651
40.2414
40.3992
40.6009
40.6511
39.6526
39.5168
39.5786
40.0282
39.8157
40.0981
40.2879
40.2456
40.4164
40.6794
40.8619
41.0432
41.2008
41.1412
39.2896
39.516
39.4506
39.7705
40.1874
40.4343
40.061
39.6676
40.5693
40.6099
40.7902
40.6026
40.5765
40.778
39.4939
39.7965
40.1648
39.3791
39.9379
39.7961
40.2859
40.3979
40.6842
40.3579
40.9123
41.0977
41.175
41.3526
39.2715
39.2355
39.1185
