41.8917
41.8868
42.3901
42.1998
42.3085
42.494
42.2705
42.092
42.3334
42.4842
42.3525
42.1154
41.9205
41.9744
42.4718
42.5975
42.7456
41.9723
41.7897
42.1312
42.4261
42.0376
41.8082
42.5004
42.4683
42.3851
42.6032
42.794
42.968
43.2877
43.312
43.5009
43.6564
41.9405
42.3055
42.1995
42.3648
42.4529
42.6338
41.4168
41.2763
41.7948
41.474
41.75
41.9574
40.9905
41.2645
41.4838
41.2657
41.3117
41.565
41.8095
42.0176
40.7668
41.1108
42.0081
41.4919
41.7631
42.0781
42.3284
42.4605
42.1946
42.1202
42.3938
42.6984
42.8273
42.962
43.1944
41.712
41.2716
41.7157
41.9508
42.1132
42.4842
42.7722
42.92
41.4748
42.1962
42.2412
42.6032
41.6768
42.8676
42.8502
42.8317
43.0372
43.274
43.4752
41.7531
42.0031
41.3425
41.7045
42.0789
42.21
42.3627
41.9182
42.3534
42.4453
42.5432
42.762
42.5545
42.1872
42.2072
42.5083
42.6374
42.9696
43.225
42.0724
41.4234
42.7657
42.1766
42.4104
42.8968
43.1792
43.3084
42.7023
43.2297
42.9824
43.0405
43.184
41.9214
42.0914
42.6012
42.8751
43.0176
41.6613
43.1479
42.9954
43.4039
43.1063
41.4605
42.2397
41.8539
42.244
42.3137
