39.6035
39.9845
39.637
39.4946
39.5843
39.7733
37.5065
37.8874
38.7385
38.8168
38.7271
38.9057
38.234
38.6726
39.0981
38.9693
38.8142
38.7412
38.8507
37.5962
38.3398
38.2219
38.8294
38.8526
38.6946
38.7901
38.9771
39.1518
39.3074
39.3386
38.6804
38.6733
38.54
38.815
38.9359
39.137
39.3426
38.4584
38.2904
37.9086
38.3973
38.6992
38.9972
39.1385
39.5204
39.0897
39.5965
39.8339
40.0678
38.0811
37.62
38.407
38.2917
38.5446
38.928
39.0619
38.0952
38.0446
38.4393
38.9232
38.8105
39.0705
39.1425
37.8948
37.9565
38.819
38.537
38.7747
39.0853
39.4053
39.6542
39.8544
39.2921
39.4377
39.2568
38.8501
39.13
39.3194
39.6295
38.3137
38.4224
38.5495
38.8842
38.971
38.8675
37.9331
39.1912
38.332
38.6566
38.7612
39.024
37.578
38.6911
37.92
38.0234
38.3174
38.2439
37.5255
37.558
37.8389
38.2039
38.3774
37.8077
38.5802
38.2741
38.501
38.465
38.6797
39.0613
39.3092
38.8656
37.8647
38.1207
38.526
38.677
38.9518
39.0873
39.2402
39.4296
38.9384
39.2022
38.9995
39.1505
39.4368
39.5427
38.2282
37.195
37.6305
37.5166
37.9306
38.1851
38.4581
38.3472
38.6218
