35.8399
34.88
34.7539
34.7158
34.562
34.152
33.8645
34.0096
34.2373
34.3965
34.5547
34.7572
33.5286
33.9693
33.8166
34.005
34.2384
34.2695
33.3796
33.5532
33.6503
34.2588
34.9231
34.4221
34.8192
35.208
35.3872
35.5569
35.7135
35.9231
35.8634
34.9918
34.8822
34.7271
34.9367
35.083
35.3073
35.3775
33.8728
33.9027
34.4055
33.7585
33.8786
34.1475
34.3438
34.4601
33.8778
34.0652
34.2201
34.6995
35.0217
35.2967
34.7033
34.4241
34.7093
35.0587
35.0382
35.3207
34.9641
35.347
35.5158
35.677
34.2099
34.6513
35.3573
34.4711
34.8062
34.8923
35.1461
35.2961
35.3286
35.5409
35.7699
34.4842
34.9184
34.2357
33.9518
34.1142
34.4047
34.1792
35.0047
34.8659
35.0043
35.436
35.5494
35.8192
35.3321
35.7801
34.8238
35.1626
35.5668
35.7733
35.6734
33.8458
34.6589
34.2611
35.0351
35.3667
35.0674
35.1934
35.5694
35.7969
35.8799
36.1213
36.307
34.3255
34.3128
34.3678
34.6836
34.8185
35.0006
35.3376
35.5441
34.859
35.2998
34.947
35.0455
35.1045
33.6853
34.0278
34.055
34.3448
33.5566
34.8201
35.0217
35.2145
35.3698
35.4836
35.6594
35.809
34.1319
34.4018
34.4754
34.0377
34.3602
