26.0367
27.9004
27.8401
28.272
23.2393
22.4999
25.0273
26.6865
26.6586
28.3423
23.7461
22.9782
26.3124
28.6885
22.9314
27.3362
29.1948
30.2269
22.6162
25.3991
27.8129
24.5517
25.9386
27.2998
26.4595
28.3
25.2722
24.6949
26.5269
26.1292
26.5237
27.3319
24.2654
24.9305
25.3573
25.7927
25.6738
26.3725
25.2917
25.3269
27.2859
24.5914
25.2167
26.2932
27.8626
29.2776
23.125
25.7578
23.9789
25.0233
26.0008
26.5779
23.4249
26.0198
26.4409
27.8378
27.6828
26.2038
25.5621
26.9637
28.9493
24.5141
25.3234
25.8087
24.3425
24.3206
24.8974
