23.8944
24.7965
23.3537
24.337
25.8921
27.2104
27.1726
25.0171
25.5196
26.2453
27.5765
28.0619
29.3452
28.1228
22.0195
23.2852
24.9478
26.7387
26.1617
27.6352
25.8371
24.2149
26.0835
27.3731
29.597
27.4192
25.683
24.7609
27.0107
24.0722
26.7302
25.9892
26.1504
26.5086
28.3949
24.6407
26.2434
24.9849
26.3445
27.3096
25.8051
25.333
24.8416
26.3464
27.5872
28.5015
28.0628
24.5027
24.6833
24.1096
24.4953
24.677
25.082
26.6461
25.3117
24.9743
25.236
28.4533
22.1316
24.2949
26.2012
25.6235
25.6718
26.2717
26.5886
25.7249
27.7838
25.4656
24.7102
