26.0341
27.0275
29.0076
25.6983
26.967
28.5679
24.4555
23.5963
24.8467
26.3224
24.0183
25.2794
26.8203
22.3088
22.883
26.4315
25.7508
23.6207
25.3467
25.0463
24.7123
25.9678
28.8743
26.4339
25.1062
23.2062
25.1988
25.4306
27.3211
29.7878
29.7853
22.1521
24.773
26.9299
27.8297
25.9221
24.5652
24.4475
25.5457
26.2965
28.3776
29.6523
30.7228
23.9569
22.5453
26.1082
28.764
29.0194
29.5278
20.7464
22.0396
23.2035
25.2937
28.2338
28.6294
27.5564
22.8695
22.4212
24.5488
27.007
27.2775
25.1371
27.483
29.2031
23.8179
25.0515
26.8196
28.258
