24.2864
25.1413
28.5282
26.1369
26.017
28.5763
22.1794
22.1536
24.106
25.1267
25.2924
27.0428
26.1308
24.558
24.6304
25.6749
27.1079
28.4877
20.4861
25.4358
28.4543
20.5245
24.8221
26.4481
29.0781
25.55
26.7815
29.1568
24.2981
25.3428
26.8123
28.4291
22.4592
24.1441
26.27
26.9802
28.7875
26.423
28.149
29.5449
23.6571
25.0616
29.1206
26.3243
26.8552
26.2463
25.6901
27.1226
24.2253
25.4355
24.6754
25.938
27.8483
23.6842
20.308
24.7417
26.953
27.7503
25.5841
26.7145
26.2902
24.6275
26.439
22.8791
25.8019
28.0023
23.7903
23.6194
25.6257
28.8308
24.935
