77.0167
76.77
79.0155
80.1103
80.6615
81.2559
75.6515
75.3977
75.275
76.4922
77.4178
78.374
79.457
79.8257
75.0729
78.4275
79.1576
80.0548
75.6556
77.2049
77.9166
78.6983
78.2301
77.2683
78.2051
77.7716
79.0315
80.0181
76.1418
76.0921
75.3566
75.4985
76.3936
75.4861
75.8875
75.0332
74.5657
77.508
78.6766
80.1275
77.3954
77.4143
78.0171
79.3204
80.0375
76.549
76.6221
77.1999
78.5315
80.3023
80.8039
77.3339
77.9448
78.452
78.6898
76.3372
76.3837
77.3318
78.0894
78.7177
78.235
76.795
75.0598
77.7018
79.0198
79.8401
80.2695
80.8099
75.738
77.1644
77.737
79.434
80.1471
80.573
78.1781
78.2853
79.0471
77.9873
76.1775
76.8552
76.8228
77.8479
78.3773
79.1597
79.6343
80.5422
78.0543
76.9482
73.9127
74.276
76.2716
76.9017
78.3215
78.7459
78.1208
78.7227
79.0999
77.1507
75.8228
75.8682
76.6802
76.6651
77.4661
78.2306
78.1021
79.2319
78.4886
78.4874
77.2221
76.2867
76.5305
76.3067
76.6523
77.3487
78.269
78.4871
76.5435
77.2893
78.3203
79.2111
79.8855
76.2661
76.6035
77.3771
78.2992
79.014
