95.771
95.5888
95.7578
94.0166
95.0293
95.9046
94.5269
96.1214
96.8069
97.4339
95.4119
95.025
95.3703
95.9004
96.7113
92.6809
92.7285
93.4177
94.529
94.6938
94.9295
96.2413
96.8281
97.0315
95.1492
95.4073
94.5888
94.0858
94.9792
95.9564
93.6794
94.5619
93.375
94.6367
94.3356
95.9813
95.6954
94.8662
94.1487
95.5388
95.5241
96.0675
96.5114
96.9814
93.5612
92.831
94.1819
94.9063
95.6377
93.074
94.5017
94.9667
96.7811
97.559
94.0622
93.8413
94.8863
95.2685
95.4449
95.1236
95.4448
96.0165
96.6472
96.0844
96.1754
93.9754
95.0951
95.6242
92.9674
92.1798
93.8601
94.2337
95.5921
96.8558
97.7551
93.8973
94.5654
95.4149
95.1897
94.3091
95.2517
95.6814
96.3648
97.1243
95.4929
93.6726
94.0379
94.7644
95.5605
96.338
97.2353
93.1513
94.9828
95.6088
95.4396
94.1228
94.5436
94.3225
95.1253
96.0157
95.5648
95.0002
93.9611
94.0855
94.4499
94.0212
94.6709
94.4167
93.2333
95.2795
95.6511
96.2355
96.9628
97.559
97.5966
94.6394
94.1572
94.6938
95.6988
95.8611
