86.1134
86.3294
86.5623
87.119
83.5417
82.226
81.0377
83.9008
84.1279
85.321
85.4118
85.0351
84.9331
85.6936
86.6173
87.3571
81.5568
82.4934
81.0313
83.0639
83.9041
85.3537
86.1831
86.3359
84.31
83.8967
85.5649
80.9442
80.9348
80.4887
81.8353
83.3834
83.7944
85.2462
84.7645
84.9988
85.3142
85.6304
86.7813
87.6003
83.2717
82.9738
83.8194
83.8776
84.6838
85.4085
86.3562
84.2269
85.4216
85.3248
86.0264
86.5793
87.1195
83.0129
83.6742
84.8426
85.9944
87.147
83.4393
83.8565
83.9459
83.9115
85.2285
86.439
87.0467
87.5979
82.7237
83.5185
83.9864
84.3384
82.7811
85.086
86.0478
86.22
86.662
85.3692
84.5165
83.7438
84.5817
85.5066
86.1595
83.629
83.6759
85.1066
86.323
86.3053
84.2646
83.877
84.5594
85.3739
86.7863
83.8781
84.1756
84.855
85.4893
86.6144
85.4396
86.0524
86.6683
84.5522
83.7715
82.7025
83.0386
82.82
83.5655
83.5456
84.24
85.0833
85.8116
87.0403
87.7637
83.108
82.0131
82.3626
