79.1328
79.7991
79.293
77.5026
77.4266
78.3486
78.0238
78.3749
79.1429
79.9545
80.5945
77.5589
78.7889
78.1796
77.904
77.1927
78.2796
78.7886
79.2592
80.141
78.7002
77.7733
77.3683
76.8041
77.7356
78.847
79.3169
80.2817
78.6609
78.1198
78.8085
78.1476
77.4829
77.8781
77.2224
76.9946
77.6047
78.3067
79.554
78.7654
78.5121
79.46
79.5339
79.9745
81.039
81.3074
77.6914
76.788
77.3466
78.8245
79.8359
77.5753
76.5531
78.8228
79.2667
80.0643
80.8857
76.4239
76.9257
76.2264
76.6297
78.138
78.6946
79.5011
80.7538
77.959
78.6712
79.5893
80.6378
81.4547
76.212
77.0225
78.023
79.2198
80.4302
78.4023
78.895
78.4212
78.1467
79.7588
78.4365
76.7708
76.8396
77.9661
78.8244
79.1139
78.8415
79.4859
80.0058
80.4293
78.2918
76.3171
76.7376
76.9215
77.5241
78.4568
78.9549
79.6418
80.339
80.7635
76.0412
77.4042
78.1844
78.6825
75.7442
76.1912
75.707
77.763
77.3856
78.8001
79.8935
79.7028
79.6
80.1958
80.488
80.8824
78.1905
77.4007
77.3059
77.8434
78.4748
79.5031
