94.8126
93.6818
94.1833
95.3392
93.9438
93.3409
92.1989
94.087
94.4853
94.9483
95.1001
95.0652
93.2055
94.1047
94.8781
95.8211
96.588
97.1492
97.7258
93.0232
93.8873
94.573
94.5589
94.3765
94.5438
95.0587
95.8354
96.4313
97.334
93.3552
93.4677
94.6121
93.8428
95.1085
94.9469
95.3746
94.6459
95.4894
95.8661
94.3872
93.7713
94.4586
92.9084
93.7212
94.6677
94.1415
95.3347
95.9928
96.3667
96.0605
95.3938
95.8213
94.5426
94.4075
93.7973
94.4072
95.0337
96.3272
96.6763
97.579
92.1478
94.5792
95.4027
94.3172
93.7653
93.6773
94.947
95.5295
96.1285
96.6346
94.828
95.5437
95.1592
95.8778
95.7566
94.2435
93.339
93.938
94.8346
95.644
94.7533
95.9741
96.1303
96.5695
97.3519
98.0752
93.8279
93.6392
94.5014
94.0968
94.572
95.4948
96.3255
97.4952
95.2871
94.7177
93.3285
93.8015
94.4046
94.8156
95.6587
96.5895
97.2426
97.4121
96.4857
94.5749
95.5686
94.9676
93.3544
93.8107
94.3937
94.7411
92.7036
92.4899
93.8259
95.0052
