70.9262
71.7548
72.3452
68.7298
68.9672
68.3941
69.5961
71.0361
69.9911
70.541
71.1658
71.4057
70.0807
70.3359
71.0317
71.6489
69.0563
70.1036
69.5919
70.1247
71.2756
69.6468
70.8913
69.324
70.4164
69.0967
70.4895
69.5182
69.629
70.4058
70.4864
69.7874
69.719
69.6217
70.0699
71.2686
72.0101
72.3874
70.0474
68.7287
69.7822
69.9423
69.9713
70.7334
71.9617
69.6279
70.3035
70.644
70.2541
70.2232
69.4133
70.0845
69.7127
70.532
70.7613
70.1419
70.9164
70.5506
70.8654
71.6929
72.1436
72.2253
67.4969
68.661
69.8911
68.6796
69.9183
68.3394
71.5295
71.0954
71.6915
71.833
71.0752
68.4837
69.2551
70.4948
71.0515
68.9315
69.7223
70.3096
69.5799
71.2829
71.9654
72.4862
73.191
73.3788
68.5589
68.5816
69.3214
69.7155
70.4922
71.6423
72.544
71.9029
71.9465
72.4135
73.1647
73.9915
74.1817
67.8877
67.6243
68.3606
68.8009
70.3875
71.138
71.6365
72.071
72.8288
71.4932
70.5516
67.2389
67.9327
68.0871
