89.8489
90.9953
90.232
89.6254
90.6308
90.9533
89.1139
89.2487
89.982
90.5312
91.3259
92.3578
88.2599
88.5069
89.0832
89.5871
90.6187
91.796
92.637
92.9527
90.0268
90.3817
90.1564
88.5937
87.8623
88.3702
89.9893
91.3408
92.4661
91.9385
87.9238
90.1755
89.3754
88.6772
87.2711
87.7844
89.2109
90.1087
91.3554
90.4247
89.2589
89.513
90.0791
90.1414
91.0784
91.9048
86.9694
89.5834
89.8871
88.0274
89.0785
90.0233
90.2565
89.6642
89.8799
90.7413
91.5471
92.4095
92.921
89.1797
89.5198
86.7878
86.7709
87.4203
89.8846
90.123
90.7998
90.9143
91.2259
91.5687
91.7466
90.5357
90.7979
89.7972
87.8659
88.2497
89.3793
90.2733
88.6024
90.1443
90.7147
91.5129
90.3605
90.3201
88.9278
88.3948
89.06
89.6666
90.6706
91.6663
88.7184
90.7861
90.5765
90.1291
89.3708
89.1198
89.7495
90.5373
91.7358
91.8696
91.3657
90.7869
91.7517
92.3699
92.855
88.3412
87.7413
88.2346
88.7781
89.4734
