92.8891
92.6624
92.3377
92.7373
93.416
94.6982
92.7427
90.5702
91.995
92.9735
92.6738
92.3006
93.4107
94.0411
94.4032
93.2127
93.043
91.251
91.2397
91.4669
91.8384
91.0507
91.9655
92.5172
93.2927
94.4751
93.7301
93.029
91.4304
91.7393
91.6947
92.2038
91.9239
92.714
94.4005
92.2392
92.3744
92.2564
91.9421
92.7982
93.9169
94.5132
94.8621
95.1663
93.2166
91.6999
92.3972
93.5047
94.5701
91.6626
92.2415
92.8225
93.6825
94.5841
95.3647
92.8945
91.4547
92.4097
93.4506
94.3785
95.2016
89.9229
92.1474
92.383
93.4512
94.2647
94.7083
90.0613
91.1552
92.5142
92.0729
92.6369
93.0615
93.7145
94.0056
93.1929
91.7215
93.0275
92.732
94.2925
94.8732
90.3598
91.1762
92.1209
92.4272
93.1391
94.2811
92.2313
91.4678
91.9621
93.5295
94.5457
91.4684
92.168
92.3791
92.6505
93.1549
92.2511
92.7884
93.0756
90.6347
91.6248
92.3275
93.5
94.5712
95.2218
95.6488
90.9628
92.3393
93.6842
94.0184
94.6294
