79.6193
82.8006
83.5389
84.3918
81.7369
81.9318
82.2353
82.6765
83.3175
83.447
83.1785
84.2681
84.7304
83.5372
82.8777
82.7147
82.065
83.0384
84.0378
82.6763
82.7443
83.1554
83.29
83.2954
83.3357
83.9801
84.148
84.7117
85.3403
82.1615
80.7797
80.8164
82.2148
83.5141
84.5412
85.3403
85.227
83.5823
83.8389
76.7248
79.8558
80.1549
81.3625
82.6821
82.6702
83.5769
84.8956
85.5924
86.4034
82.8133
79.7457
81.8468
82.3397
83.0316
83.9585
84.3813
84.8065
85.1566
83.3596
82.5542
79.5131
81.173
83.1951
82.6013
83.1674
84.6115
84.3952
84.6865
83.3469
84.4815
85.2452
79.7304
81.5786
82.1841
83.2265
84.1044
85.2097
83.9639
83.1337
83.5193
84.4834
84.1274
81.5282
82.412
82.7025
83.3083
83.0868
84.0431
85.1193
85.9297
86.2567
86.369
81.5229
81.575
81.6277
81.1747
81.6802
79.8061
82.8573
83.5793
83.7266
84.5977
85.7526
83.7752
82.7266
83.0373
84.1953
84.8584
81.25
81.3064
82.238
83.3646
84.1257
83.9133
83.2901
82.2279
82.1655
81.4172
83.2295
