73.7235
71.6104
74.0608
74.9194
75.5445
76.932
73.7429
74.5155
74.4614
74.9861
75.0292
73.8151
73.6293
73.8109
75.1639
75.8396
76.2509
76.7224
72.8358
74.1527
74.2427
75.3226
76.2291
77.2614
72.2822
74.8339
75.774
76.6078
76.8895
71.9033
72.6184
71.9369
73.3449
74.8567
74.0651
73.2809
74.8238
73.4226
75.5608
75.1563
76.311
74.2532
70.599
73.0327
73.9026
75.1764
73.7607
74.9427
75.1972
75.0859
75.9482
75.9664
76.4175
77.1968
77.1298
77.5353
71.8288
72.0712
73.2875
74.0749
74.5734
75.9297
76.6059
76.7435
75.5423
74.0228
77.1099
77.4858
77.9235
78.3742
74.1929
72.4232
73.3027
74.2356
74.2384
74.0835
74.9656
75.9704
76.6614
76.341
74.2998
73.1837
73.5773
73.7685
74.6277
75.4832
73.3366
73.6571
74.4859
75.5566
75.9993
76.5964
73.1482
72.661
73.6172
74.6708
75.5682
76.5443
77.3306
77.2514
77.8467
72.0217
74.41
73.0605
74.1459
75.3751
75.7761
74.7435
74.6748
74.82
75.5882
75.1013
73.0507
73.99
74.1856
74.6458
