81.5912
82.3734
83.1885
79.8703
79.0908
79.0169
78.7038
79.2857
78.7713
78.9948
79.4589
79.2547
80.8217
81.4944
82.4941
83.4507
83.6895
83.9891
78.2316
78.2411
79.1532
78.8557
79.9933
80.9464
79.8021
80.6566
80.7259
81.0731
79.485
79.775
79.8113
80.3738
81.3103
80.4099
81.154
80.1562
78.2958
80.2373
81.2835
81.9652
83.2017
77.6783
80.1525
80.9815
80.8811
78.7763
77.4897
79.6803
79.9597
80.2963
81.2717
82.2146
79.0927
77.83
80.0624
80.6041
80.8895
80.9563
80.8384
80.2435
81.2215
81.4792
80.5393
80.8118
80.2921
80.4347
81.5605
82.2381
82.7981
79.1114
80.3514
81.0753
81.998
82.9758
83.9396
79.8102
79.5075
81.35
80.2236
78.9818
79.8557
78.1485
81.7634
83.279
83.6581
83.7483
83.7676
78.4125
79.7867
78.9001
78.7681
79.8182
80.7092
81.7972
82.3031
82.857
83.2537
80.9429
80.4061
79.8772
80.515
80.871
75.1552
78.1226
78.6402
80.215
81.2244
81.8218
81.9257
80.6778
79.3265
78.8418
80.5596
78.8522
78.5039
79.6607
79.6463
80.2542
