78.9235
79.4878
81.349
81.21
82.2542
83.0937
79.5993
78.1894
79.8537
80.4443
81.6096
82.2876
82.7158
77.9995
79.9059
80.4829
81.6438
81.3858
79.236
80.3169
80.562
80.9059
80.4787
80.4596
81.0568
81.6467
82.3259
82.9303
78.09
79.017
80.1231
80.4287
81.8221
82.6853
83.3007
80.9467
81.4683
82.1014
82.561
82.9626
78.5627
78.2731
79.5493
80.3105
81.3513
82.6004
81.9715
79.11
80.675
82.2659
82.3861
83.3237
83.483
78.2103
78.4973
76.6064
80.1973
80.2741
82.0513
82.9886
83.0387
80.0968
82.4116
83.5062
83.6641
83.9682
78.4784
78.5873
79.1193
81.1671
80.7523
82.2371
82.5064
83.2448
82.4042
80.7645
78.8851
79.036
79.933
80.7629
81.6189
82.2268
83.0018
83.0792
82.0819
80.7904
81.7339
82.7292
83.403
80.2451
80.8071
81.79
82.3696
82.7475
83.8536
80.5426
81.28
82.1536
82.8036
79.5199
77.292
79.8882
80.165
80.492
81.3036
79.3026
79.1041
80.4863
81.8567
82.6723
80.0857
80.4642
80.2082
81.1909
82.055
80.3183
78.579
79.4268
80.1212
