76.1167
76.6055
77.589
78.0841
72.5096
73.4762
74.3615
75.2369
76.0587
76.0974
75.5581
75.8558
76.5103
75.4726
74.224
72.9324
73.1466
74.3892
75.0766
74.7319
75.3965
75.7784
76.3339
77.1657
73.8866
72.3141
72.8356
72.474
72.9854
71.8321
73.2875
74.418
75.2028
76.1246
76.6562
74.6386
73.2538
75.0911
74.9838
75.6858
76.5832
74.9416
75.1481
74.9052
75.1837
75.5635
76.2878
77.3554
73.6132
72.7763
72.1742
74.5006
74.7032
73.6396
74.1659
74.234
74.7953
75.0131
75.7281
76.4918
77.5599
74.7243
73.7786
73.8296
74.9977
76.0049
74.8975
72.4694
74.7225
76.1833
77.1464
77.863
71.5203
73.6566
74.3012
75.2974
75.9534
76.5184
73.277
72.7959
73.3942
73.9056
74.971
74.4258
73.783
72.2387
71.1946
74.1124
74.8941
75.4148
76.1372
77.1378
73.7205
73.9069
75.8144
75.1388
74.0589
74.3983
73.1361
73.1569
74.8021
75.6893
74.7409
75.7424
76.2734
76.0079
75.7475
75.2921
73.7803
74.7303
75.2453
76.1901
71.7176
73.6856
74.9908
75.1782
76.2831
