21.4694
25.7044
26.1171
27.3116
29.0284
23.2062
21.0236
24.6428
27.7337
24.8373
26.0114
26.2223
28.2975
22.8842
24.3119
26.1532
27.9379
23.877
24.7271
26.6321
26.4327
25.8904
25.015
27.6083
27.521
25.7616
24.8488
24.373
24.9625
26.591
23.606
24.4756
25.9457
28.3249
25.089
26.4847
25.4635
25.3209
27.2323
29.1428
26.1178
25.6433
27.3598
24.5158
25.219
26.2658
28.4619
29.2177
25.0056
25.5493
27.8285
29.4042
25.8829
26.8417
29.2706
22.9236
24.3003
28.051
26.4034
27.9873
26.168
25.6965
24.4979
26.502
29.0901
22.9727
26.7286
25.872
25.4457
27.4136
28.2056
25.0112
24.3068
25.1563
25.114
