27.2405
26.0101
25.0607
26.2148
26.323
24.6302
25.6745
28.9581
25.5119
25.654
25.528
24.456
25.5361
25.6122
28.3281
29.6594
23.8997
24.7788
24.5791
26.7574
27.6019
25.6666
25.4418
24.1396
25.518
25.9538
27.4044
29.1508
29.7835
22.9969
23.7474
24.585
28.0682
28.2239
28.8974
29.6156
22.0288
22.0473
24.9483
27.3257
28.6025
27.7221
25.9335
22.8452
23.4787
26.411
27.5532
27.1369
25.6265
28.2699
20.6641
24.5763
26.2246
28.0278
27.7994
24.4888
23.2677
24.7538
27.3915
28.2639
28.7317
27.8453
23.2471
22.5385
24.8654
26.9573
24.9292
25.8168
29.4362
21.7701
24.7987
26.6118
28.0814
26.9305
