26.3223
25.2356
22.3616
21.9696
24.9695
26.9344
23.6488
26.1106
26.205
27.9795
29.1837
20.5424
25.2106
28.0147
23.9921
23.332
24.8886
25.3114
23.6801
25.9249
27.7006
28.4062
24.3621
24.7905
24.482
25.4529
26.1993
27.8666
24.2159
26.9894
29.5385
25.1029
26.2845
28.9166
25.3973
25.528
26.6809
25.9633
27.0179
25.6133
25.42
23.8461
26.0123
25.5118
21.3205
25.8649
27.968
23.8283
26.811
27.8039
29.9918
23.0905
26.2633
29.7543
30.1113
24.6399
25.5019
27.7889
29.4823
25.7269
27.8245
29.5904
24.0061
24.0715
26.9006
24.7092
25.3823
27.4828
24.3166
25.9958
23.2779
24.6934
25.1929
