61.1727
61.4727
61.7959
62.5342
62.8948
63.3947
63.9852
63.1104
63.7358
62.9708
62.629
63.6053
63.7956
64.1787
64.5548
64.5656
59.6691
61.6762
61.8248
62.8247
61.1652
62.7409
63.6917
64.0276
63.3645
63.504
63.6518
64.0182
64.2747
64.4816
64.6012
64.6784
60.7323
61.5239
62.1827
62.6266
63.5013
63.7823
64.0063
62.5784
62.847
63.5193
63.9044
64.0256
64.344
64.7889
61.3891
61.9621
62.6525
62.6705
63.3256
63.926
64.707
62.9086
63.3189
62.5618
62.5614
63.0962
64.6426
63.8203
64.0407
64.2908
64.1964
64.5698
64.7533
65.0875
60.8019
62.2432
62.7403
62.3671
62.7759
63.534
64.3522
63.311
63.9633
64.4215
64.3987
63.5496
61.7512
61.5473
61.4893
62.4692
61.8666
62.3792
62.9282
63.3533
64.1069
64.5148
63.0657
63.6302
62.1342
62.9178
63.4467
63.6823
63.9704
62.1771
62.6849
62.8463
63.5643
64.0011
64.254
63.6066
62.5327
61.6244
62.1977
62.8035
63.1259
63.0206
62.4378
62.6705
63.3944
63.0612
63.5096
62.4562
62.782
61.1473
62.6955
62.7436
63.3606
63.5031
64.3434
64.8529
65.3444
63.4632
63.6497
63.5034
64.118
64.6495
65.2108
65.594
61.4965
62.7077
61.7498
63.4943
63.5728
63.1005
62.4893
63.1732
63.3295
63.595
64.1031
64.4733
64.7268
65.101
61.9646
61.5999
61.9352
62.338
