49.3798
50.1597
50.8651
49.973
50.3575
50.8375
50.8358
51.1674
49.911
49.4083
49.6196
49.7586
47.8735
48.4981
48.3338
49.588
50.3238
49.3374
50.2493
50.4488
51.0198
51.1351
51.33
51.6428
51.8189
48.4372
50.349
50.4478
48.8169
49.1131
49.3218
49.8499
50.0903
50.6703
51.086
49.4982
50.1619
50.5164
51.305
51.2896
51.8822
51.3188
51.6022
51.9332
52.0645
52.1552
48.6986
48.5728
47.5448
47.8489
48.45
49.6051
49.7709
50.324
50.6894
51.3973
51.6331
52.1721
52.7075
52.9381
50.534
49.8377
50.2631
50.6449
50.9423
51.2965
52.0229
52.346
50.3665
50.8445
50.9905
51.5084
51.8707
51.851
49.9215
50.3217
50.8619
51.1226
51.5246
50.5125
49.7845
49.4842
49.4284
49.2609
49.5511
50.1576
51.078
51.5553
51.8311
52.0082
51.0288
50.6765
50.2494
51.6581
51.7561
52.2148
52.4279
52.6996
52.9329
49.5265
49.6547
50.2105
49.7272
50.1425
50.2212
50.4388
50.3299
50.6447
51.4716
51.6774
52.2085
51.0973
51.0649
50.5874
49.9005
49.858
48.9937
50.549
50.387
50.6307
51.0365
51.6398
51.917
50.9161
50.1408
50.6837
50.5842
50.9718
51.6771
49.6894
48.7286
49.9166
49.9811
50.7272
51.3649
51.9997
52.5536
52.5013
52.6194
50.354
51.2515
51.1158
51.4696
51.9274
52.418
47.8628
49.7477
50.169
50.7177
