55.812
56.4887
55.7786
54.391
55.7243
55.5611
56.0932
56.5095
56.2707
54.7914
54.5695
54.6862
55.0347
55.5711
56.1143
56.5285
57.0656
54.724
54.1625
55.0665
56.0426
56.4793
57.1828
57.5775
57.8163
54.0521
55.3789
55.5589
56.1344
56.6583
56.9631
53.8212
52.8668
54.5454
54.8594
55.5598
56.0214
56.3251
55.5202
54.2291
54.6523
55.1645
56.1955
56.7082
55.8103
55.2186
55.2759
55.9638
56.3831
56.7777
57.3464
55.2013
55.1546
54.7482
54.6541
54.944
55.0513
55.1404
55.4108
55.6958
55.767
56.3804
54.9272
54.4784
55.3026
54.9021
54.0416
54.8773
55.4604
56.0036
56.3182
56.7409
57.2814
56.1378
56.3809
56.8762
57.2022
57.4987
57.6292
57.9334
54.1976
53.7643
55.1314
55.8262
56.5844
55.8191
55.5518
55.9566
56.338
56.6307
56.5851
57.2275
55.9451
55.5801
54.6301
55.1802
55.7741
55.5825
55.1018
55.3777
56.007
56.4944
57.2419
56.4635
55.9031
55.8963
55.7092
54.4814
55.0237
56.0337
55.7814
56.3268
56.9372
55.835
56.8139
57.4236
57.6982
55.7306
54.8378
54.8549
54.342
54.8172
55.2365
56.0418
56.5139
54.9446
54.9993
55.8661
56.2869
56.4389
56.9548
57.1525
57.5493
54.4091
54.9061
55.4401
55.237
55.2206
55.0515
55.55
56.0438
56.3967
