54.9183
53.6965
53.6575
54.3272
53.4414
54.8293
54.6666
54.56
53.8738
54.1116
54.0934
54.5735
55.0417
55.7378
54.5807
54.0043
53.2674
54.5424
54.4447
53.5487
54.0824
54.0436
54.5489
54.7258
54.914
55.3823
55.4699
55.8993
53.3046
52.457
53.0254
53.1662
54.043
54.7159
55.4452
55.3283
55.0798
55.5249
54.8157
55.2301
55.7113
55.8961
54.5856
54.8254
52.2103
53.7512
54.4453
54.9844
55.4614
55.8918
56.1271
54.9347
55.6031
55.1702
54.88
54.1208
53.6131
53.8368
54.2439
52.1472
52.3969
53.2988
53.7309
53.9438
54.4658
54.9039
55.2623
55.8858
54.1024
55.0582
54.7007
55.2409
55.4941
56.0476
53.1903
53.2765
53.7038
54.2838
54.3969
54.8674
54.2216
54.6861
54.9811
55.3006
54.1907
54.841
55.073
55.5285
56.2814
55.113
53.947
53.6824
54.1156
55.3524
55.7094
56.1987
56.5827
56.8472
53.6608
53.88
53.2952
54.9482
55.166
53.9892
54.687
54.9453
55.2501
55.8093
56.1727
56.7422
54.9918
54.578
53.8675
54.6137
54.9855
55.2843
55.8853
56.1356
53.5965
53.9965
54.0782
54.3274
54.6893
54.9636
55.3248
53.8384
53.7517
54.1038
54.8669
55.5427
56.0224
54.8799
54.6024
54.2616
54.4696
54.8169
54.5126
54.9048
54.595
55.249
55.479
53.5289
53.8368
54.0479
54.3808
