45.9867
46.7133
47.0917
47.4496
47.7526
45.9496
45.6027
46.1699
47.1208
47.4316
47.8031
48.2334
45.7721
46.0245
46.6975
47.2298
47.7772
47.9707
48.0615
48.3554
48.809
49.0102
47.7626
47.6981
48.077
46.003
46.4308
46.3659
46.5576
47.4445
47.9627
48.5206
48.97
47.823
47.4673
47.4543
48.2965
47.5702
45.6864
45.9329
45.9875
46.4787
46.6076
46.7672
47.3627
48.0592
48.7188
49.3
48.4016
48.108
47.764
48.2521
48.8564
49.1238
45.7166
46.6686
46.34
46.5924
47.0568
45.7747
46.9534
46.779
46.9143
46.9368
47.5041
47.1539
46.7764
47.9602
48.4744
48.641
49.176
49.4931
46.8413
45.9304
46.7381
47.2233
47.7887
48.1617
46.4103
45.6861
46.4867
45.9016
48.0611
48.3713
49.0429
49.5178
49.5033
46.6907
45.8065
47.0328
47.3525
45.763
46.9839
47.0699
47.3777
47.7119
48.1149
48.6182
49.166
49.4829
49.7388
49.9016
45.9043
45.2915
46.2541
44.8135
45.9465
46.9678
47.7029
47.9432
48.3952
48.8562
48.3457
48.8446
45.2172
45.8246
45.5747
45.4944
45.9741
45.7732
46.0242
44.9908
46.3779
46.1811
46.725
47.4114
47.8888
48.2665
48.8686
47.1991
46.8675
45.4554
47.2628
46.8797
47.4434
48.1485
48.6851
46.9628
47.4281
47.7991
47.9436
48.461
48.7925
49.3046
45.9241
45.4795
46.6937
47.4297
