64.2176
62.8457
63.4079
63.7675
64.4611
64.8224
65.0306
65.2578
60.7998
61.5846
62.2964
62.2925
62.9019
63.8899
63.9081
64.2979
64.7272
64.0258
64.4256
63.0289
60.9907
60.543
61.0524
61.0592
61.4309
61.9888
62.2824
62.5393
62.835
63.134
62.5257
61.4648
62.9668
63.6584
63.9592
64.5797
65.1041
62.0216
62.7663
63.4501
64.0834
63.6752
64.3365
64.5511
61.5525
62.6688
63.3206
63.97
64.2571
64.9675
65.0808
63.0369
63.1781
63.7966
64.349
64.7167
65.2836
62.3585
61.4772
62.3354
63.0933
63.552
64.4138
63.7888
62.8858
63.3333
63.8054
64.1921
64.2379
65.0252
62.4861
61.9702
62.1252
62.8686
64.01
64.1597
64.5759
64.7761
65.1878
65.362
63.2365
63.5355
61.083
61.5664
62.0426
62.4377
61.2968
61.6284
61.9941
62.0667
62.4106
63.0651
63.517
63.9647
64.2941
62.8145
61.5053
61.5358
61.4725
62.107
62.1581
63.1064
62.9442
63.6656
64.1565
64.6035
65.1787
63.4658
63.2425
62.4429
63.1092
62.8008
61.548
62.9184
62.7932
63.2461
62.9043
63.324
63.869
64.1628
64.838
63.3981
63.8041
62.9706
64.0104
63.4777
61.4148
61.3437
62.4421
62.7765
63.3852
64.2503
63.7283
63.0111
62.527
63.4678
63.8371
63.8344
64.1255
