66.0478
66.478
66.8825
67.1831
67.4643
68.0112
65.9843
66.0696
66.1789
66.4698
66.6728
63.8873
64.2378
63.503
63.7545
63.8404
64.5643
65.276
64.66
65.2983
65.8102
66.5093
67.0847
67.1492
67.8081
66.6274
66.4683
66.485
67.289
67.4466
67.9839
68.3602
65.4129
66.3684
66.366
66.6015
67.1905
67.7258
64.1995
65.0551
65.7049
66.1027
66.0109
67.0186
65.3244
64.1657
65.5314
65.7112
66.2476
66.868
67.122
66.0098
65.7727
65.7459
66.2803
66.7321
67.1118
67.5006
65.6067
65.9494
65.8139
66.6906
67.151
67.891
65.4371
66.0207
66.4887
66.7792
67.4727
67.869
68.327
68.5191
68.7197
68.5933
65.8841
65.4241
65.7311
66.0536
65.4932
66.143
66.7966
67.1501
67.4617
67.8467
65.5352
67.5747
67.9888
68.4315
68.7257
68.7631
68.954
64.5181
64.3861
64.5807
64.945
65.6726
65.0896
67.1431
67.1404
67.6547
68.1744
67.8639
68.372
68.8397
69.0582
69.1743
62.281
64.1099
64.6482
65.1253
65.509
65.9137
65.9459
64.9784
66.0788
67.0178
67.4445
68.02
68.1155
68.6405
68.7061
63.9628
63.9604
64.4545
65.055
65.7146
66.0428
66.6648
65.6193
66.3562
66.9428
67.4526
68.0125
68.3744
68.5918
68.7816
68.6392
63.5787
64.7565
65.1772
65.7351
65.797
65.9736
65.6614
65.352
65.9061
66.4894
67.3491
67.6863
68.2326
68.0089
66.6816
65.4531
65.2011
65.4551
