49.8259
48.9156
49.6541
49.851
49.8665
50.1489
50.3934
47.6309
47.1264
47.4666
47.4875
47.3397
48.7917
48.3021
49.5113
50.2187
50.5714
51.3557
51.7813
50.6074
49.6082
49.7533
50.0079
48.9124
47.1228
47.6614
48.2722
48.5464
48.9468
49.3991
49.4638
50.449
50.8593
50.8493
51.5363
51.9636
49.5191
48.7584
49.3049
49.8137
50.3513
50.9525
47.6823
49.5279
49.3422
48.7313
50.724
51.3318
51.8527
51.8533
52.2257
47.4785
49.6416
48.4674
49.4628
49.2475
49.7001
49.1688
50.0313
50.4656
50.0782
50.354
50.3421
49.0255
49.5392
50.187
50.9474
48.9319
49.2338
48.6415
48.3555
49.505
49.5456
49.1399
50.2333
49.6974
49.1629
49.7776
50.1807
50.4976
51.0653
50.1182
49.7161
50.1849
50.7324
51.0793
49.4969
49.3526
50.0381
49.1196
50.0131
50.4352
50.9282
51.4803
49.4602
49.5562
50.4753
50.4412
50.4432
49.7169
49.5378
49.6075
49.5171
49.6699
49.9932
50.3632
50.5493
50.9907
49.1297
49.3234
49.5662
49.9896
50.289
50.6611
49.0266
49.372
48.627
49.4677
49.9612
50.3784
51.0543
51.2948
49.5709
48.0266
49.4737
50.0702
50.3882
50.1499
50.4079
49.8915
48.9187
48.1367
48.7503
