23.2853
25.3696
28.039
28.2468
28.9511
30.5381
20.907
22.8479
24.5941
27.3679
25.7009
25.9037
24.2249
25.7993
26.8774
28.6809
24.9732
25.4612
28.364
23.8771
23.9385
26.5023
26.8515
27.4108
25.1855
23.237
23.4727
25.9364
24.418
25.6393
25.99
27.9544
22.6532
25.5627
27.2594
25.4225
24.9123
25.642
26.9601
27.1929
27.7646
24.7326
23.8825
24.8548
26.5186
27.4178
23.8875
27.1391
29.4885
24.8847
25.2252
27.5359
28.8871
28.374
30.0524
24.6075
20.6775
24.1472
26.2111
27.9601
28.7232
29.957
23.3325
22.2841
24.6171
27.7235
25.5335
25.4822
27.1075
