26.9623
25.1335
26.8063
23.0233
26.67
25.8795
26.0459
26.3909
27.4538
24.0445
23.295
23.9122
25.4048
25.7362
25.1583
28.4831
23.7925
24.2989
26.7206
28.147
21.1304
25.5528
28.4033
29.5834
23.7259
26.1779
26.057
25.6111
26.7546
27.9708
24.7449
25.0127
25.8135
27.8369
27.4079
28.9269
25.1719
24.9234
28.1726
24.0325
26.3449
25.2094
28.1773
28.7719
23.6388
24.3824
27.2496
28.4778
22.4665
26.8907
20.6769
26.1135
27.4252
27.322
25.7578
25.6728
26.0062
27.9017
25.2582
25.3372
24.0624
24.3837
25.7567
27.9266
25.3147
24.0385
24.6754
