26.2472
25.6819
25.2453
27.7148
28.8564
26.338
26.1845
26.9383
25.5151
27.2936
26.7862
25.0361
25.0476
25.5385
26.8046
28.475
26.7615
26.1572
24.5775
25.5069
26.1924
27.6316
25.8598
24.9351
24.3679
25.3228
27.235
26.0996
25.7955
28.2952
29.2253
22.6413
25.6555
26.9279
26.5005
25.4383
26.9284
25.5251
26.5866
28.1506
20.2029
23.9324
25.5009
25.6712
24.4642
17.6398
21.9422
25.4378
26.6443
27.387
29.0116
30.3879
16.927
23.1895
26.26
27.5436
27.2516
27.8068
26.557
25.8493
27.3026
26.5042
25.4887
25.5303
27.6585
25.9255
22.0811
