27.0649
26.8951
24.9224
25.2911
27.1719
25.7178
25.8375
25.8069
27.4757
28.3358
26.3822
25.3263
24.9429
24.9647
24.9883
26.4013
27.6282
26.6757
26.7758
24.9194
24.7622
26.515
27.7034
23.8152
23.4867
23.5436
25.0568
26.5291
27.4875
26.8372
25.6912
26.2093
28.1548
23.2776
23.5514
25.2462
26.5133
27.9703
28.2993
22.0808
22.8551
24.3727
25.9916
26.6362
26.993
28.5547
24.6298
22.8304
23.3878
24.3881
21.7085
26.3649
27.1249
26.8157
25.7584
25.2767
27.6559
27.7333
25.8717
26.1529
24.7749
25.9306
26.5702
26.3979
27.0642
29.2076
24.4148
24.5125
26.2102
25.7138
23.3044
