29.263
26.5032
26.9379
26.9574
26.1513
27.0257
22.2271
24.7628
26.5907
27.5727
27.6289
23.8731
22.1339
23.2835
26.0101
28.0983
25.5968
25.9643
26.9176
24.2104
26.009
26.4339
26.1061
27.4758
21.5783
24.3388
26.0859
25.7162
25.0132
26.0169
25.6938
26.9381
28.3666
23.5396
25.4604
27.0855
26.7249
27.393
25.9971
19.2699
22.9981
24.5227
25.1448
26.7941
28.268
24.668
24.0198
25.8742
27.2582
28.3052
23.6033
25.429
27.8204
24.3405
26.0452
28.064
25.9356
26.3481
28.3176
23.8835
25.3842
27.5732
21.5175
25.6038
26.821
25.725
26.6552
