95.648
97.2798
97.4297
93.2169
93.8178
92.2193
93.8395
94.486
94.9608
95.8685
97.374
92.7775
92.357
93.5029
94.5521
95.0545
95.724
97.455
92.7649
93.8828
94.6217
95.8219
92.0771
93.3817
94.7094
96.6379
98.0853
92.0154
94.1211
93.6666
94.2587
93.7325
95.2026
96.6128
94.2138
95.4155
97.0235
93.2687
93.9853
93.2384
94.1201
96.3724
96.7945
97.5982
94.2772
95.3106
97.4596
93.3983
93.7678
93.4436
92.789
93.5745
91.787
91.365
94.1999
94.6954
93.6351
92.7813
93.5341
95.5549
96.6247
92.6125
94.4541
93.6255
93.8978
95.2812
94.7731
94.3873
93.652
94.8574
95.5574
96.9629
93.528
93.9366
94.7675
95.9524
97.0955
92.1301
93.9491
95.2251
95.6793
95.1848
96.1053
96.021
91.071
89.9141
94.0211
