95.96
92.3555
93.5869
93.5989
94.1732
94.9217
91.1443
91.9193
92.545
93.4437
94.6592
95.1347
96.3307
94.5165
94.7324
95.3209
91.329
91.6009
93.0769
94.142
94.9117
95.1536
94.4316
94.9017
95.7616
89.7893
91.9358
93.9976
91.6081
94.8443
94.4134
94.3582
95.3717
95.7347
87.8128
91.5703
93.1735
93.7126
95.8433
96.4444
96.0424
94.556
89.4668
92.7399
93.3288
95.5271
94.4194
95.848
96.0855
97.4837
96.9493
88.3692
90.1781
92.7159
94.2769
95.2127
95.454
96.9151
92.8925
91.3167
93.0782
95.6542
90.6402
93.8001
94.8548
92.8847
91.6184
93.3971
95.2251
93.9429
91.4497
94.7017
95.1844
92.8155
93.933
94.8051
96.2196
96.4996
92.5472
93.5654
94.4452
95.9461
92.0464
89.8169
