93.7147
92.728
93.7812
93.6534
94.474
96.0296
93.3553
93.1582
94.8048
92.6469
93.2486
93.9175
94.9225
96.8263
92.1625
91.9644
94.4102
95.8606
97.2815
93.0175
93.6235
94.9406
96.8893
91.5381
92.8746
94.8414
96.5013
93.8189
94.6036
96.9448
98.2495
92.4747
93.3854
95.3915
96.381
97.3296
97.7424
91.8991
93.3211
92.3765
93.0149
93.6444
91.8354
94.9903
95.6442
96.5333
97.3579
90.8795
90.269
93.4295
95.0682
95.5706
96.0195
97.025
98.2452
87.0726
91.243
93.6608
95.4612
94.4632
94.5516
95.4965
96.9417
97.8804
90.879
92.7899
95.089
91.1519
94.7518
92.4002
95.6086
94.4021
91.7589
92.6018
94.3559
93.7438
94.5589
94.8149
95.912
97.5155
90.98
90.6707
89.0653
90.6721
90.5665
91.3368
92.3633
