95.7866
94.8381
93.1155
92.2006
93.1725
94.7112
94.8451
93.1581
92.7221
89.5918
93.5223
94.8347
96.0989
93.5164
90.8001
91.3271
92.6934
93.6197
95.3975
91.4756
94.4126
96.0614
92.3147
92.3398
94.3172
94.254
91.3267
92.8065
95.0151
94.5926
93.0264
93.4595
93.4069
93.8337
91.8815
90.5457
93.8958
91.9818
95.5069
94.9736
93.9195
94.9502
96.3732
91.5556
92.8393
93.8132
95.5082
95.0297
95.0649
96.8067
94.619
92.1003
92.8346
94.9273
96.7463
94.9455
93.5669
93.8209
94.4774
92.6439
90.098
92.1142
94.3739
95.673
94.9471
94.9692
95.0096
92.1065
92.4014
94.749
96.4725
95.6312
95.2154
95.3291
94.694
92.4248
92.4796
93.6427
93.8813
94.6536
94.7548
94.6303
94.6544
93.3636
93.8128
95.6077
93.9929
92.2665
