94.9303
95.6976
96.6147
92.6793
92.4594
91.9428
95.4986
96.5209
90.9594
95.9897
97.3104
92.4038
91.7717
93.0411
95.0007
94.6293
94.4373
94.5232
94.9256
93.6673
92.2365
92.6654
93.9919
94.8832
96.1061
90.2038
93.9138
94.6033
92.9908
93.1095
94.4981
95.694
95.1924
94.3995
94.0941
94.9885
93.8909
94.1828
95.1242
96.1085
96.8949
94.8207
94.2587
94.908
94.2502
94.9634
95.7088
96.6163
97.9225
98.1382
93.3382
92.6775
93.0358
94.8242
96.3535
96.008
96.9644
94.3642
92.9571
91.9451
93.9345
95.5637
94.4683
95.1696
96.3243
93.8916
95.5296
96.708
95.1342
93.0406
91.1743
95.7236
94.2676
93.8141
94.1797
96.28
97.7784
93.7122
92.0222
93.3985
91.4475
90.1132
90.8738
91.5532
94.7954
