80.2948
82.0815
83.4538
83.5871
78.4161
79.5368
78.0161
79.7229
79.6813
80.9475
81.9982
83.732
83.7353
78.397
77.6722
75.8443
80.0321
81.4323
82.2746
81.0667
81.9043
83.0803
84.1409
84.4988
78.1695
80.1374
80.0812
80.4792
81.4809
81.6429
82.9795
82.338
77.6662
79.1874
81.4017
76.501
81.0319
81.8228
83.1133
80.9085
78.7378
79.0842
79.3466
81.4944
82.1673
81.1049
80.8395
77.7119
77.3891
80.1057
81.5234
82.4879
79.9822
81.4865
80.9965
80.7923
80.2575
81.7346
83.3621
81.1337
81.4664
80.0241
78.4942
79.604
80.9884
81.7959
79.53
78.7837
78.5358
78.925
79.6075
79.4804
81.3236
81.7425
83.0426
83.5805
77.8162
79.8278
82.1481
80.2314
80.1737
81.8107
81.2594
79.1941
79.8828
80.4143
81.4497
79.0181
78.2589
80.3704
80.0013
79.6938
79.4163
