94.2227
95.2309
89.4472
91.9671
92.7714
94.1415
95.0222
95.3286
96.909
89.3845
91.249
92.1906
93.3682
93.5161
93.7766
94.7171
95.8845
94.3624
91.873
92.8819
94.7847
90.0153
92.1209
92.8938
93.9575
92.1095
93.8815
94.9474
93.7485
94.0192
93.029
93.7546
94.0581
93.7498
93.6461
93.5964
93.4841
94.2153
95.7316
95.2295
93.7788
94.1041
94.1187
93.4159
94.8035
95.3095
96.1811
95.2642
92.136
92.9883
92.7409
93.0777
94.7881
95.288
93.6902
93.2703
93.2262
94.6125
92.2591
93.2777
94.5827
95.5923
92.8342
93.9297
94.806
93.9777
94.0959
94.1802
93.4523
92.0778
94.4226
96.5029
92.3347
93.4849
95.6277
93.0203
91.732
93.8849
93.393
92.7499
92.7435
93.6149
