93.3737
93.6973
95.2951
96.2591
93.3741
94.0356
94.4831
95.6031
97.2649
92.2208
93.4266
94.9088
96.1324
91.6935
93.8307
94.5614
92.843
93.5218
95.3207
95.2893
94.2551
94.2928
95.4336
96.5135
93.1238
93.6855
95.3865
96.6522
94.4463
91.709
94.7761
93.8798
93.0686
94.094
95.7309
93.6064
93.6711
93.9986
94.9518
95.0149
93.9704
94.7913
95.4739
96.8266
95.1855
93.9842
95.2415
97.029
93.5851
93.1076
95.4973
97.0616
97.6655
92.8052
94.2201
94.8489
93.3227
94.9629
95.6638
94.0807
93.7421
91.3347
94.3071
93.1697
94.1458
95.0428
95.6834
94.0624
93.2476
94.7906
96.6526
93.8946
94.9308
96.2124
95.2356
95.0127
93.9201
95.4872
96.2686
97.3465
98.1594
93.7862
93.8951
94.9771
96.6855
89.6703
93.5626
95.7103
97.6556
92.4451
94.3737
96.2354
92.9352
