93.4024
91.417
90.418
93.2132
93.7241
95.3868
93.4403
92.0387
94.9714
95.411
97.0176
95.326
91.3847
94.191
94.9547
96.8666
94.5969
94.2291
95.8942
94.5227
92.1982
92.8531
94.8971
94.6632
93.3903
94.4342
95.9716
97.7165
97.8417
92.3031
93.2449
94.777
94.7267
94.9991
96.2917
93.4626
92.6598
92.7259
93.2992
94.6133
95.1568
95.8618
96.9899
94.3856
91.8383
93.1878
96.0242
96.6902
94.5207
93.7768
93.0737
92.8786
94.1992
95.5923
96.5259
94.8812
95.4997
96.9054
97.8072
98.3283
89.0261
90.9805
92.9871
93.9508
95.2969
95.5235
96.6568
94.5477
90.3064
91.8321
93.2759
93.928
94.6546
95.4128
93.7681
93.1425
91.4603
91.7881
93.7285
93.9907
94.9998
95.2672
94.1565
