92.025
93.5015
93.8934
94.7363
95.2053
93.3791
90.1956
92.8561
93.8535
95.8233
92.3727
92.2648
92.5119
92.4562
91.4166
92.1357
94.4408
95.2739
93.4808
94.1653
95.9296
93.024
92.7442
93.4387
93.7662
95.4711
95.829
91.8141
93.6339
91.5439
92.6061
91.987
92.9819
94.8973
95.7057
97.165
93.3267
92.8856
94.1931
94.2469
95.2456
96.3607
95.6494
93.8846
94.3539
95.6194
92.0552
92.6869
94.0969
91.8555
93.5592
91.8974
93.6405
94.708
92.6162
93.7147
94.7105
97.0878
91.6851
92.9451
94.7096
95.2425
94.9826
96.5373
94.1337
91.8128
92.5719
93.1222
95.0009
95.8669
94.7382
94.3203
94.0166
93.3837
93.6883
94.0422
95.4756
94.2938
93.3993
92.2401
91.7328
92.7009
93.6684
94.7286
95.8861
93.814
94.1509
93.2354
92.9251
91.5479
91.5744
92.8071
92.7271
