96.4818
97.3719
97.8066
88.443
88.4918
89.9681
92.582
93.835
94.0922
94.2991
95.9197
87.3049
91.6738
93.0692
94.25
92.5522
92.4415
92.2881
93.6047
91.5593
92.2444
93.4579
94.3439
93.2055
94.1934
91.8797
94.2504
95.6195
96.3011
92.5629
93.3568
92.184
92.8386
93.4519
94.2834
93.1782
92.3157
92.1511
93.3744
95.1868
95.9384
91.2499
93.1247
95.4093
96.842
91.6983
92.3692
94.1546
92.3762
93.0944
93.8219
93.078
93.9803
89.2746
92.685
89.1099
92.414
92.7109
95.0152
95.455
95.9572
97.2541
90.7565
90.5366
92.0337
93.6765
95.0779
95.3847
95.71
93.5677
91.3674
93.0953
94.539
94.397
94.5705
95.6008
93.973
92.6468
93.6843
94.5786
95.7048
