83.197
85.1905
83.8368
82.9974
82.9869
83.0545
85.7607
86.3248
86.6018
83.9381
81.6493
81.9494
83.3094
84.5377
85.1135
81.8703
84.5912
84.786
83.2378
82.6993
83.9061
85.8269
86.3367
83.737
85.5023
86.8425
82.0928
82.644
84.2929
84.9555
84.6207
84.5335
85.5173
86.5323
88.2442
81.9853
81.9551
83.2218
83.6344
83.6777
84.4937
85.6944
86.0042
85.6785
82.5767
84.941
86.2284
83.5815
83.7941
86.1191
85.2351
84.2811
82.1748
83.8025
85.185
82.4928
82.8403
84.395
84.2635
85.7373
86.0766
82.7245
83.3106
82.9283
83.2302
83.5788
83.9204
85.4909
85.9818
86.6585
81.8625
82.5024
81.5266
79.9964
82.5374
82.6886
84.8485
85.1663
86.6893
88.2757
81.9936
81.3989
82.8976
83.1451
84.6783
85.0883
84.3302
