92.4786
92.7351
94.2882
95.4131
96.1551
97.4702
98.4178
93.8809
93.0477
94.3335
96.0096
96.1632
92.9241
94.1079
95.4734
94.1303
94.4057
94.5649
93.8137
93.5466
95.6734
96.9192
94.5077
95.4589
93.2934
95.1232
95.8557
96.4582
94.3514
91.8442
93.6561
94.4752
93.9217
94.6074
94.6522
95.6866
96.9677
93.4108
91.3975
91.2493
94.843
96.3217
96.907
96.1789
96.6949
97.1647
98.0864
90.5358
90.7965
93.1514
94.0655
95.3793
96.1888
96.0336
96.2233
97.7248
97.954
87.8451
91.946
92.526
94.3198
95.1133
94.8727
96.5531
98.0222
87.284
92.7458
93.94
93.4099
94.387
93.7176
94.086
96.1706
97.1772
97.522
90.4066
92.9023
94.6342
96.379
92.9199
94.5953
94.8822
94.9004
92.4229
93.2662
95.0434
90.9605
95.3826
95.3125
94.5403
94.405
93.2368
91.5269
92.5795
91.8208
94.5874
