93.4476
95.3872
96.6862
97.2104
90.4251
94.1921
95.1534
97.044
92.818
93.2132
94.9864
96.9303
97.9265
91.6907
93.5673
94.3698
93.5941
93.094
93.7809
95.631
97.311
92.5071
93.09
94.3565
87.9154
89.8242
90.8372
92.1448
93.1824
94.4389
95.3746
93.9397
93.6376
92.7083
93.0746
95.0712
96.4473
93.5436
93.1561
94.5465
94.1013
94.0168
93.8759
95.8488
97.5168
92.7042
93.4731
92.6765
93.8653
94.8006
95.3776
90.853
94.156
92.9993
92.4309
94.1828
96.2154
95.1695
94.6022
95.1803
96.7593
90.8824
89.6903
92.3007
93.042
92.4871
94.0793
93.1791
94.5393
94.9083
93.3369
93.8986
94.6158
94.4677
94.4962
95.8289
96.7752
91.1396
92.6751
94.1502
95.4369
95.8509
96.6262
97.5865
92.9201
93.5251
94.4009
97.034
