96.2393
92.2152
90.7093
91.5691
92.9447
94.0781
93.6998
94.5838
95.5437
94.4419
91.5826
92.8963
93.9631
93.3115
91.4438
92.7614
93.8698
92.7743
93.9633
95.5389
93.9752
93.5293
92.9888
94.3407
94.5625
92.7391
94.2826
93.9861
93.1817
94.5686
95.3741
95.2938
93.4278
89.8105
93.4452
93.7705
94.2528
94.6211
96.0383
93.2216
91.9901
92.99
92.9525
93.4599
94.6454
95.0865
95.5052
94.9501
92.8615
93.9116
95.2799
92.9963
93.5324
94.1447
96.7269
93.1471
92.8327
94.3114
94.7057
93.6746
94.3913
95.3707
93.0023
91.9148
94.3041
95.9983
91.4816
93.2376
93.9499
96.2952
90.4757
92.4411
94.5301
93.3351
92.7428
92.7827
93.9503
94.5155
89.7516
91.1938
90.6323
92.5418
93.3886
