69.7972
70.2426
71.3828
72.2268
73.3935
73.5639
69.4989
69.9682
70.8831
71.5106
72.2217
68.4826
69.5663
71.1169
72.2103
73.5396
70.3002
70.3893
71.1424
72.0477
72.6019
72.984
67.2377
67.9822
69.6985
71.0966
71.2215
71.3468
71.0922
72.4228
70.0684
69.3619
69.7652
70.4014
71.7057
72.7486
73.3135
73.4731
73.4035
71.0216
69.656
68.9029
69.3998
69.2373
70.104
71.1635
71.8899
72.4223
72.5804
72.0731
69.6503
68.8716
68.4773
69.765
70.7347
71.7928
69.4014
71.2204
71.8451
70.9821
71.6921
72.3046
72.8791
73.4547
73.5866
69.0042
67.2391
69.0781
69.6633
69.9008
70.564
71.1339
71.4734
71.4528
71.8706
73.0024
73.4363
67.5014
67.8309
68.4307
69.8206
70.7285
71.9042
69.3095
71.5298
71.8445
72.2678
73.0104
73.9354
68.2258
68.518
69.5856
70.7372
71.8937
70.366
68.5039
71.1921
71.0391
71.5675
72.644
73.5208
73.9349
68.501
69.2765
69.6075
70.9528
69.1941
69.4001
70.6643
69.9586
71.0116
71.476
72.8691
70.6982
69.0151
70.2278
70.4856
71.8711
