67.3553
67.8672
67.6362
68.7124
69.0154
69.7479
70.7129
71.4902
71.8023
68.963
65.4182
66.8365
67.9757
69.207
67.3848
68.7519
69.3118
70.1632
70.9259
71.6342
67.9852
66.9224
68.1324
68.857
70.0327
70.4265
67.5116
68.2254
69.0961
68.9676
68.4375
69.5025
67.6724
68.9064
68.891
70.2524
71.1504
71.7166
67.8185
68.2536
69.3855
70.6474
68.3769
68.3584
69.3098
69.7114
70.7034
69.0078
68.9084
69.7322
70.5466
69.4845
70.2794
69.7401
69.8984
70.2868
68.4206
67.5056
69.1075
69.748
70.5604
71.3415
67.8211
68.3134
69.5204
68.7994
68.6545
69.287
68.517
69.2306
71.0553
71.693
68.3237
69.378
69.4903
68.967
69.1817
70.3203
68.7678
67.3944
69.3443
70.3843
71.4329
72.1029
66.3
68.8671
69.6367
70.5243
71.2674
71.6692
72.1228
68.5273
69.1489
69.8666
70.7788
69.6138
67.9722
68.3846
68.7308
68.995
67.4465
69.656
69.2632
68.7887
69.5329
70.3865
71.5867
72.0882
68.6056
67.7803
67.5828
68.3175
