92.661
93.0079
94.4487
94.7849
95.5839
96.2763
95.1005
95.1902
95.9516
96.7927
97.6146
98.4596
92.7081
91.3162
92.3548
93.4425
93.5946
93.8
94.8497
96.1932
95.3943
96.4598
97.5759
92.0277
92.7297
93.9278
94.7249
93.7054
92.3675
95.6353
95.6111
96.258
97.1807
92.6857
92.9195
93.2826
94.2738
95.446
96.325
92.6989
95.0076
95.4824
96.4944
93.3626
92.7811
92.7178
93.8963
94.1795
94.6837
94.4506
91.4408
93.4082
93.4787
94.5133
95.2638
94.1146
94.2125
95.0144
95.6607
95.7684
94.9809
92.7128
93.8998
94.6099
95.5666
94.4159
94.5434
93.811
94.9174
95.3273
94.5673
94.006
94.8366
95.4577
96.4082
93.0008
92.7969
94.0394
94.7992
95.2366
96.2673
94.5548
92.2795
95.0116
95.0915
96.0207
94.3468
94.2418
94.2527
94.7067
96.1022
97.1637
97.7567
94.8501
94.424
94.467
94.3361
95.008
95.3198
95.6006
96.3631
96.6727
93.2218
91.7071
94.9871
95.7458
96.0762
97.1561
96.3883
93.7954
94.5178
94.9384
