92.8761
93.3149
93.3277
92.6732
89.3785
89.4548
89.8156
90.7215
91.3092
92.1893
90.219
90.0912
92.948
92.3287
91.5369
90.6387
90.1582
90.0874
90.7319
91.3345
91.6892
92.2229
91.9996
89.4034
90.6901
91.3498
90.7909
90.7771
91.3598
91.5196
92.4005
92.4806
93.7948
93.4605
94.1036
94.2682
89.5405
90.0565
90.809
90.6093
90.8462
91.8864
92.6456
92.969
93.3294
90.2745
91.5221
91.8302
89.4553
90.0702
90.1298
91.2886
92.4867
93.3863
93.2295
91.4575
91.7762
91.2131
91.6963
92.1922
92.7441
93.2294
89.2216
89.8683
90.837
91.2946
91.7442
92.0644
92.8225
92.9945
93.7586
94.3256
92.4767
89.778
89.5197
89.947
91.0603
92.1459
92.8383
91.5503
91.6904
92.4592
93.4809
90.501
89.3044
89.7944
90.3513
91.8089
92.9128
92.2406
92.032
92.3156
93.4719
94.4245
94.5501
95.081
89.4472
89.7083
90.1615
91.3305
92.3024
93.2507
93.9207
90.4456
92.1403
93.6726
90.7693
90.124
90.8537
92.9165
93.711
92.0121
92.8691
91.6399
91.2305
92.1728
91.8784
90.326
91.0587
