70.6218
70.7291
71.7439
70.2761
69.186
68.3414
68.8547
69.4048
69.9927
70.221
69.8293
70.019
70.624
71.4436
71.0944
69.2407
69.2848
69.8887
70.5269
69.0103
69.7299
70.6995
71.2029
71.8268
70.2491
70.5196
71.4495
68.5103
69.1893
68.7359
68.5619
69.1488
69.7929
70.876
70.9449
68.3892
70.1451
68.2153
70.2235
70.978
71.7561
72.3194
70.3818
69.7628
69.8509
70.8405
71.4092
67.5113
68.2799
69.6112
70.6333
71.8296
67.0099
70.1638
70.5786
71.5966
71.1633
69.1615
68.1976
69.0184
70.0455
70.8133
70.2305
71.6436
71.9524
70.8879
71.414
69.1375
68.5902
68.5521
69.2879
70.3211
70.9082
70.285
70.963
71.2042
70.6598
70.741
70.8655
71.6269
68.5167
69.6098
69.0226
69.886
70.4141
70.8661
68.5473
70.4077
70.2623
69.4585
70.4176
70.6296
70.7226
69.2853
70.2204
70.3037
69.8791
69.7396
69.8275
70.3436
71.4742
71.9962
70.4393
69.5625
68.8893
68.1686
69.8519
69.4238
70.3565
71.5427
69.9713
70.5073
70.2793
70.0741
70.0729
