77.4469
77.7898
77.8051
78.673
79.6262
80.0402
74.0155
76.1783
76.3572
76.4502
76.0927
77.9246
78.0271
78.1283
78.2621
76.4402
78.382
74.2266
74.5065
74.6475
74.6663
74.9724
75.5869
74.3164
74.9917
77.2461
78.2147
78.9994
79.9364
77.3363
75.957
76.6726
77.1274
78.2285
74.4569
75.3762
75.7445
76.65
77.5804
76.9509
77.9117
78.6109
77.5169
76.8285
76.2921
76.8513
77.6179
78.5205
79.4514
76.5328
76.2654
76.8475
77.5607
77.9934
77.0341
76.3724
77.2804
77.7845
78.5184
75.5539
76.3584
76.0527
77.2613
77.4765
76.6608
75.9346
75.5161
76.553
77.8325
74.7614
77.9335
78.5288
78.7539
79.308
76.6398
78.0393
78.5045
79.1457
79.9157
74.5348
74.825
75.269
76.559
77.6382
78.7786
79.4233
77.3555
75.1047
78.2819
73.7649
75.9465
77.1078
78.0074
78.9245
76.8805
78.4323
77.0301
77.6158
78.0907
77.5124
75.6023
76.1397
76.4062
76.1752
76.8821
78.4125
78.5467
79.56
76.56
76.7416
76.8615
77.6238
78.3064
79.0732
75.0697
76.357
76.7946
77.6301
