67.6074
68.8022
65.3161
66.8024
66.4167
66.0744
66.9126
68.0992
68.8607
69.2243
65.7804
66.7263
67.3084
66.5025
66.3395
67.2338
67.6777
68.0377
69.018
69.2485
64.3324
67.0602
66.8578
66.8292
66.8697
68.6269
69.3197
69.6469
69.4832
68.8214
66.9574
66.8316
67.2232
66.9462
68.5252
69.27
69.7453
66.5995
67.4166
67.1485
65.7331
65.6427
66.3887
67.479
68.0814
68.9462
65.3406
67.9894
68.9661
68.0322
65.8852
66.0906
67.0397
67.9523
68.7383
67.8441
67.0688
66.8764
66.5167
66.5357
67.0509
67.6713
68.0228
69.1368
69.4216
67.0478
67.3199
68.7112
68.1887
66.8735
67.2396
66.9855
67.9887
68.8574
69.3848
67.7062
67.6511
66.8888
67.0457
67.5549
66.6693
67.9962
68.9301
68.5151
67.9684
68.2229
67.9444
66.8206
66.5459
67.7331
68.3174
69.0739
67.9106
66.5036
68.8637
69.5964
67.2919
67.1279
67.3097
66.7418
66.9943
68.1209
67.5205
68.7477
69.142
67.5386
67.9966
66.4212
66.0223
66.8009
66.6674
