95.5184
95.8362
96.0324
94.864
91.7848
90.9358
91.2987
91.6189
92.3849
93.7215
94.5676
94.2731
94.9743
94.7673
93.5484
93.4021
92.7594
92.6317
93.9461
94.4518
93.2472
93.413
91.0094
93.7395
94.6278
95.8408
96.512
92.9805
91.9052
91.5974
92.5231
92.1121
91.9312
92.9497
92.7853
93.895
95.0166
95.87
96.0821
93.3494
90.5403
92.15
92.6194
92.4405
92.1329
93.2821
94.3652
95.263
95.741
93.8293
93.8715
93.0939
93.8146
92.1297
92.5527
93.0694
91.7736
91.7611
93.858
93.4046
94.4352
94.0041
94.1703
93.1786
93.6261
92.0063
90.9771
92.7592
92.9163
93.5997
93.7464
93.9301
94.3398
95.3258
96.4553
97.3054
92.1374
92.802
93.2296
94.3417
95.3318
92.7666
94.6336
94.5161
94.8662
95.9063
96.9087
93.3103
92.1452
92.7069
93.3911
94.2257
94.0267
93.984
94.5079
95.3463
95.9181
93.5008
92.6217
92.6469
93.8883
95.3463
96.054
93.9663
94.6923
94.1629
93.2789
92.7316
