76.4116
77.2149
78.0864
78.9397
79.2607
79.8161
80.6517
80.7829
78.1281
77.2635
78.2159
78.9509
76.1669
76.2935
75.4414
75.3698
78.741
79.2082
79.4109
79.9172
80.2938
80.9746
78.7948
74.9847
77.1329
77.646
78.4723
79.4201
79.6774
77.2905
77.4854
78.4218
79.135
80.3088
78.1426
77.4089
78.2852
79.4972
79.8564
78.1718
76.7009
77.5958
78.2797
79.2915
80.4607
81.1816
76.4146
77.7
78.3925
75.4231
77.2769
76.9023
77.0889
78.2518
78.8034
77.2893
79.4694
78.7031
76.6684
77.2327
77.2838
77.7229
76.4566
76.5244
78.372
79.1823
79.5577
79.7572
80.0199
78.5607
78.8324
79.7879
80.5259
81.0205
77.7567
77.8543
78.9352
79.4378
79.4668
78.6738
78.6386
79.3344
80.0196
80.8852
81.5857
78.129
78.2903
78.317
78.2925
77.8755
79.1745
80.0178
80.1325
79.1894
79.7151
79.4817
80.7488
81.0878
76.3335
77.0514
76.8786
78.4013
79.32
80.1925
80.0185
80.0437
80.3368
81.2811
78.8227
77.3238
76.6679
77.4041
78.2375
79.4448
