79.9668
79.1589
80.9474
82.304
79.0508
79.1001
79.8056
80.4297
73.7855
76.303
78.821
80.8606
83.0571
80.3453
80.3998
81.0647
80.5658
77.9567
79.6132
79.008
80.1202
81.2089
81.8514
82.1632
83.4635
77.3164
77.5997
78.103
79.1478
80.7088
81.6878
78.0007
82.6986
83.2488
84.0559
84.4235
76.044
77.7915
77.3013
76.6215
81.0964
81.5958
81.6893
82.6455
76.2722
77.4842
77.1043
78.132
80.2767
81.1263
81.8453
82.2327
80.8751
77.7558
78.0653
76.5564
79.7961
80.8354
81.5893
82.5116
77.5395
80.335
78.8074
80.7919
82.2531
79.5275
79.4615
81.7621
83.1627
74.6881
78.8213
81.0895
80.374
80.4629
77.2826
77.8056
79.9747
80.5609
80.6271
80.1166
79.4533
81.9573
83.5096
78.4026
79.7319
80.1625
81.6906
81.2429
78.4923
80.0298
79.6592
81.565
78.8937
