90.7386
93.2541
92.778
94.1607
95.0285
89.8511
94.3587
95.3592
94.0229
94.6728
95.0739
93.7973
92.9728
94.0323
94.5602
96.018
96.6757
95.1528
93.4895
92.5596
93.6038
95.0987
95.5511
94.647
94.0726
95.5167
96.4787
93.0035
92.6849
94.2421
95.3307
96.143
95.6368
94.2539
89.6443
94.1199
96.1702
97.6906
95.3457
95.8332
97.1618
98.1545
91.9134
94.0855
96.0208
97.092
94.9078
94.2225
96.2052
97.7009
89.9085
90.9769
93.0938
94.6939
95.1149
94.3327
94.272
96.2725
95.4985
92.1365
92.6103
92.9241
94.4122
94.921
95.2085
95.6413
94.1696
93.8765
94.9601
96.6125
92.7392
93.6424
94.1139
94.5746
94.8829
94.9682
95.4878
93.7909
92.5264
93.8206
91.4867
92.3751
92.8
91.8901
89.8814
93.3596
94.6668
94.2997
92.8561
92.6465
93.8263
94.1087
