83.3309
84.0939
83.5398
83.2709
84.401
85.8092
86.8664
87.8843
84.8422
83.2399
85.572
86.9027
87.5953
83.6043
82.5399
84.4239
85.7774
87.0002
86.9155
81.8812
83.0947
81.9197
82.5869
82.6669
84.5762
85.2033
86.3752
84.9424
83.2688
83.0778
81.0579
81.6223
82.8059
84.0898
84.5632
84.563
86.1217
87.0478
83.4957
79.4958
83.8899
85.8199
87.8803
87.7167
85.3881
85.8672
82.742
84.157
85.6345
86.5052
87.0498
81.6952
84.4639
82.6517
82.5655
84.4027
85.598
86.6485
86.9616
85.754
85.109
85.917
87.7356
88.422
83.2882
84.7735
85.4338
85.5235
85.932
87.0708
85.5657
83.3092
83.1514
84.4295
85.7383
86.6444
87.1117
83.4573
84.5369
83.7847
86.5145
87.8312
85.6812
86.6013
87.2021
88.0464
81.3122
82.6557
84.8548
86.1994
87.3145
