95.5871
95.9003
93.5803
94.056
95.669
97.6863
93.5741
93.4602
92.0837
93.3633
90.7946
89.7812
93.4204
93.9926
94.7406
95.5248
95.905
97.7575
92.7907
93.3132
95.347
95.6458
94.3051
94.0558
95.3978
96.9196
97.5788
97.406
90.939
91.1205
91.6052
93.6401
95.8958
95.1079
95.7212
98.0115
91.0019
91.4924
91.6042
93.1645
92.9169
92.1814
93.0462
94.708
93.2607
91.82
89.3476
94.2683
94.7208
95.382
95.6034
96.2131
93.8901
92.8097
93.6118
95.3279
93.4892
93.991
94.2733
93.204
92.6923
91.7549
93.9223
94.2822
94.0379
94.8149
95.4995
97.1842
97.9586
91.2931
92.7514
94.3789
95.8425
94.6656
95.1435
95.8939
94.7171
92.1908
93.9198
96.3825
92.0462
93.9065
95.3132
97.2804
92.1092
91.7947
91.534
91.927
95.6828
96.3494
96.3258
95.8272
94.329
92.2483
93.4146
