81.1734
82.1662
83.168
83.4387
84.4921
80.07
79.1236
80.6044
82.4106
82.9368
80.4933
81.0905
85.0675
85.862
79.6253
80.271
81.994
83.634
80.7913
81.3724
82.3736
83.6169
85.3709
82.5168
80.1665
81.6829
83.2314
80.5144
80.8057
82.3855
83.8191
80.5687
78.8216
80.1821
80.0666
82.7178
82.7111
82.1511
83.0511
84.7328
85.9189
86.2306
80.027
80.8382
80.5226
82.3142
83.2087
83.7514
83.25
82.1514
80.543
80.3133
80.0624
80.3306
80.8968
82.1056
84.0011
81.6182
83.1322
83.2208
82.7892
83.5409
84.0772
85.4655
80.1434
82.1566
84.6199
82.1413
82.6719
83.055
84.5362
79.4627
79.4973
80.4445
82.2566
84.6433
85.3824
85.5985
82.4284
81.1809
80.1227
78.96
82.6823
83.6524
81.8918
82.3108
83.342
84.9859
