94.1655
95.9114
97.3013
93.6561
94.9501
93.5212
93.9673
94.1999
95.3476
94.5993
92.4193
94.2997
95.4685
97.0827
93.2036
93.4458
95.2571
96.2827
93.2381
93.5814
94.124
95.8468
93.9213
92.9834
94.2673
96.4357
93.8737
94.9495
95.937
97.3219
94.938
93.5487
95.0576
95.3574
96.2337
93.5799
94.4589
95.1618
96.8604
97.9582
93.2348
93.9392
94.5459
94.312
93.9885
95.3773
96.8923
92.6665
93.1801
93.9677
95.3375
96.8097
93.001
94.2643
94.4563
93.2363
94.052
95.499
94.8603
95.5161
94.8407
94.6239
95.3802
96.4846
97.5479
92.0428
92.9852
94.0041
94.0754
93.6453
94.9364
96.4142
96.791
88.8917
93.5361
93.3515
94.1205
95.3395
95.978
96.6265
94.4129
96.4735
97.5249
92.553
91.9112
94.072
96.172
97.0652
