91.6334
91.0163
94.3633
95.8084
96.3406
97.4295
93.9042
92.7448
94.6856
96.8764
94.7313
94.594
96.4538
92.0759
90.2416
90.8981
93.5338
93.8795
95.3045
95.4407
95.7548
95.3132
95.5352
96.2058
90.2935
89.5926
90.0179
91.3453
93.5503
95.3389
95.9626
96.6425
91.1684
90.9532
92.3145
93.247
89.451
92.7394
92.6871
92.3212
93.7627
94.5305
92.3101
92.0288
92.2805
93.7019
94.691
94.9872
91.4654
91.7028
92.6838
91.5997
91.3275
91.3684
92.1564
92.7118
89.8112
90.1182
90.8282
90.8366
90.867
91.6108
92.484
91.0498
91.8773
93.2555
93.915
94.3644
94.4478
86.9541
89.726
90.0616
90.8526
91.7136
92.1712
92.0585
91.9063
91.4247
90.6627
88.1198
88.868
89.9232
90.6294
91.3874
92.1283
92.5647
93.2335
91.3238
88.4556
89.7629
90.4205
91.7379
90.2117
90.8157
90.9103
90.4025
90.3947
92.4332
91.3429
90.694
89.2807
89.0386
89.8653
90.9428
91.6793
