86.4679
88.3082
89.93
85.6224
87.7327
87.4251
86.1854
87.2532
86.7809
89.1425
89.0978
84.5714
87.3804
89.5693
90.2033
90.873
91.265
91.0915
83.0701
86.2206
84.3375
84.8551
86.9875
88.7182
89.264
89.9657
90.8787
87.976
85.1961
86.0742
87.1048
88.8639
89.6961
90.0374
91.5755
91.9503
84.7057
84.0584
86.7946
87.2215
86.2104
89.0047
88.6559
91.1825
92.2294
83.3324
86.2903
88.1776
89.9662
85.2078
87.3415
89.4088
85.42
86.3313
87.9861
89.2541
88.9312
87.7638
88.3983
88.4541
89.0991
90.4783
90.7038
91.6215
87.6108
86.9936
88.2576
89.6871
90.4862
88.1029
88.9886
88.2876
88.7537
89.2358
90.1831
89.3976
90.0237
90.9639
86.644
86.657
87.4385
88.4826
88.1982
89.1707
89.0802
86.5105
87.8249
88.9224
86.8474
88.2711
89.7603
89.8246
88.951
