94.9626
92.6114
91.4927
93.0158
95.3747
93.4342
92.8715
93.8092
94.6189
95.2337
96.5797
92.8066
92.9327
94.3888
96.0298
91.8897
91.8673
93.5325
93.7347
94.4146
92.5454
93.3977
93.9148
96.1853
97.0142
93.5383
93.379
94.6349
96.5425
90.1265
92.1892
94.5801
95.6981
92.277
91.574
93.178
94.434
94.9163
91.8118
92.0301
93.793
94.8316
95.5972
96.5614
93.0547
94.259
94.3039
96.2959
91.1162
94.1074
95.2323
96.8149
92.5324
91.5791
93.1245
94.8128
95.6937
96.2912
90.8938
95.0446
92.9428
92.0704
93.5478
95.4745
95.7692
93.5016
94.1422
95.7447
96.7083
91.6037
92.0434
93.2739
94.7581
97.1505
97.1134
94.0855
95.3097
92.4119
92.7409
94.5728
95.4471
95.7981
93.9061
92.7712
89.5723
92.4244
93.7114
