85.9767
87.8865
88.5765
79.0921
82.3586
81.4198
83.4406
84.9497
84.9554
84.3391
85.5451
82.2518
83.0326
84.3447
86.0704
87.1419
85.7972
83.288
85.1995
83.3325
84.0219
84.1325
85.4761
86.5517
86.4124
87.027
83.0419
82.5692
82.2976
84.3802
86.3102
85.68
85.8813
86.1839
87.2006
88.5104
82.301
81.1726
82.3815
84.5322
85.7072
86.5201
85.9391
87.072
84.065
80.5034
81.1358
82.6587
84.0735
84.5182
83.2704
84.7805
86.4448
84.5051
82.3082
84.0791
84.3786
85.2099
87.5002
83.4007
84.8423
85.4321
83.9921
84.0307
85.4321
83.2897
83.351
81.1004
82.0703
83.4362
83.6158
83.1144
84.786
86.4607
87.5582
87.0049
83.0583
84.8363
87.007
88.1744
83.1883
81.7804
85.0232
86.7882
87.1502
87.3494
83.0009
83.6927
80.7783
82.8445
84.581
85.0706
86.2252
