92.9284
94.2316
95.808
97.1402
92.2635
93.6868
95.6737
95.8717
95.1153
95.2306
96.0235
95.1067
92.5311
92.8538
92.9853
94.1884
95.2191
96.7508
91.6677
93.4616
94.6803
95.643
96.6647
92.834
94.202
95.4565
96.7462
93.0214
92.5678
92.614
95.8014
94.2904
94.44
94.8724
94.6717
94.6623
92.3303
93.5176
94.3596
95.203
95.4366
96.3481
97.3865
98.0866
91.9533
93.1191
93.9624
94.8906
95.2684
96.3113
95.3277
91.8261
93.4889
95.5626
94.0038
92.5466
94.7803
95.4448
97.2264
98.2703
89.8159
92.894
91.546
93.8842
95.4896
96.1624
97.3328
95.5669
92.2712
89.8561
90.7522
89.0863
92.786
95.3574
96.6947
97.2675
94.0109
92.867
94.3045
96.0408
91.5557
94.4437
95.2267
97.1144
88.7738
91.6298
91.6898
93.7166
94.7406
95.3182
95.3201
95.0246
95.1812
96.0103
96.5725
90.2151
