95.2698
96.2641
91.3511
92.1131
94.9382
97.1441
94.2545
94.4327
96.5172
97.6576
97.5225
92.0281
93.5809
93.0136
93.8394
94.7816
94.7703
94.7023
96.055
93.1646
92.0364
94.7904
93.6618
93.9856
94.7467
94.4622
95.3407
89.6216
91.535
92.9436
93.7912
95.4746
96.5922
95.6782
95.6815
94.9086
90.3486
92.1138
94.9889
96.8843
96.1861
95.2233
94.2424
91.1804
91.5577
93.5752
95.0097
95.3913
93.1081
95.1744
94.5787
93.478
90.4795
93.8049
94.8839
95.2163
95.846
96.5695
98.0756
90.0639
91.6
93.5223
94.1431
95.1079
95.1522
95.8131
94.9247
90.6974
89.7529
93.5573
94.4134
95.9445
95.4814
96.3376
93.7611
89.6577
91.1878
93.1334
93.9792
93.8475
