94.0849
92.3674
90.9572
92.8997
94.5996
94.809
95.8444
96.7769
93.2545
92.4705
92.9635
94.7335
94.8734
93.9657
92.7297
93.3754
95.2806
96.2258
93.5634
91.8026
92.0148
92.3679
93.824
95.4741
91.1786
94.0941
95.4681
91.9908
94.8519
93.9369
94.7297
93.222
92.0863
94.4218
96.1931
94.9365
93.5859
91.6328
92.5001
93.5322
91.5598
93.4479
93.6385
95.0317
95.4226
93.9149
94.7057
95.755
96.4996
93.0047
93.8255
95.1514
95.1321
94.9842
96.848
93.6266
92.4009
93.0839
95.0583
95.0402
94.8479
95.1921
96.6701
93.6069
92.7918
92.0944
94.012
95.7616
92.2762
94.6958
95.3116
93.325
91.934
92.4855
94.7661
97.2283
95.3406
95.4559
95.8516
93.9527
91.8618
91.9428
