90.5827
91.5874
90.6303
91.6732
90.9631
92.4573
93.3174
93.1348
91.9903
94.065
95.0195
90.5786
90.9184
92.0432
94.518
92.3885
89.4185
93.8603
95.5286
88.9905
88.8038
91.286
91.5957
90.51
91.8043
93.4951
93.9743
94.0278
92.2684
89.7277
86.6663
90.776
91.8042
93.5436
94.4543
94.8528
96.0476
96.2042
89.107
91.1007
92.6327
91.3639
92.3219
92.1201
91.7299
94.5614
89.3962
91.128
92.0758
94.0302
94.142
87.5571
91.5739
91.347
90.1843
91.2372
91.4725
92.1163
92.231
92.5496
91.1798
89.4375
91.0343
92.589
93.2641
93.8996
93.2271
90.1608
90.0896
88.2837
89.6244
91.8671
93.7269
94.02
94.5239
94.3693
92.3931
92.7391
91.6888
92.8883
93.9598
94.6421
92.0082
91.171
92.9175
90.3316
91.409
91.8897
92.8735
94.4506
93.2543
91.6186
92.4979
94.445
95.746
