91.4826
95.0244
96.1654
96.5812
93.7832
93.6493
94.6034
95.1267
93.9599
94.5186
96.0353
97.7492
93.9956
92.5667
90.2877
95.8155
97.2831
97.0882
94.4141
96.0015
96.7878
97.9967
90.2657
92.0888
93.5735
94.4291
91.8479
91.8454
92.2358
94.4357
94.0991
94.5518
95.4903
92.9087
94.1361
93.2479
94.8068
96.5371
92.3832
93.4837
94.8303
96.4274
93.7353
93.4977
94.3585
95.4293
93.9063
95.2468
95.9577
95.5924
91.2281
93.5268
93.9677
96.3626
92.3891
93.9203
94.616
95.7255
97.6896
93.074
93.8048
94.9336
95.9489
96.3402
96.7489
97.1745
92.8838
95.3406
96.5611
93.3893
93.4475
94.9376
96.7176
93.6417
93.5164
94.7292
97.3473
92.7231
93.3904
94.4264
94.7548
96.6997
97.2956
97.348
94.2533
94.8063
95.8949
96.0337
92.545
93.0506
92.9267
94.2476
93.6987
