82.0577
78.6465
78.5741
80.144
81.745
83.2724
84.243
84.846
84.8321
84.3615
82.8922
81.5799
82.7569
84.377
85.3757
85.2885
83.5532
83.9724
82.2914
81.8961
82.931
85.518
85.8034
84.7051
85.2277
86.8897
81.6415
79.6583
82.4503
84.4991
84.6883
82.4406
83.7344
84.5052
81.0964
82.5637
82.2286
83.6634
85.5576
84.4343
83.1554
84.4583
86.7658
87.7869
83.1052
85.0274
87.1984
79.9031
83.2006
84.2834
84.5786
84.4931
84.5204
84.1786
84.7271
82.3365
81.8003
83.2303
84.7792
85.8862
82.1089
83.7505
82.574
79.2186
83.5243
83.9749
84.6105
84.6533
84.3149
85.9099
86.3271
87.2104
79.9367
78.3048
78.5316
83.3052
85.063
85.6819
84.0954
85.5512
87.3329
77.4737
81.0797
81.9418
83.1551
84.4175
84.5135
85.3987
83.5541
84.5112
78.396
81.0379
83.5453
83.3119
84.1082
