95.8312
96.2753
97.7375
94.068
93.0992
93.5062
91.7688
91.0823
89.7123
90.3328
91.3101
93.7469
95.1408
96.3892
94.5573
93.985
94.1435
93.3582
92.7984
93.0298
94.8914
95.48
94.6909
95.5861
96.9292
97.9521
94.3868
91.3225
93.4064
96.177
97.0721
93.7737
94.5027
95.3196
93.7764
92.5278
89.2793
93.6035
93.1396
93.2254
93.4637
95.1594
94.3757
93.4309
95.0089
96.4849
92.2408
92.0253
94.7323
96.3706
92.7982
92.4577
94.2925
95.1302
93.9869
94.5588
96.5209
94.5518
93.7705
94.9635
97.0324
94.3374
91.7574
92.7576
91.2938
90.9901
91.4165
93.303
93.3305
95.27
93.403
95.6275
96.1007
97.8766
92.5727
93.3253
94.6159
95.5042
94.5479
93.5974
95.2456
96.1587
97.6439
97.5739
91.3414
90.3672
91.7059
93.4233
94.858
96.1066
95.1828
