78.0881
79.2948
80.7805
82.0739
79.2619
79.2793
79.6178
80.2361
79.8257
79.7238
81.2025
82.6127
83.5707
78.0913
78.7275
79.5763
79.6806
78.639
77.6514
82.1681
83.4053
83.7987
78.1818
76.3435
77.0741
78.9768
80.8063
82.0522
82.4325
81.0526
82.273
83.643
84.8801
77.484
78.7953
80.4867
80.2338
81.352
81.4491
82.9115
82.4192
77.6758
78.9246
81.4584
77.2049
81.7479
82.4946
81.7723
78.3096
79.1271
79.3817
81.0112
81.7769
81.2521
81.3689
79.3978
78.9385
80.5693
81.3939
81.9874
80.8545
81.5566
80.4195
80.3802
80.7178
81.7427
83.6237
80.8881
80.6827
79.7987
77.4311
79.3445
81.2393
78.3011
79.0739
79.5479
77.4816
78.5548
79.6925
79.3335
80.9764
81.8061
