83.822
84.4798
77.5566
77.7
78.7038
79.3277
80.4307
81.4363
81.5274
82.1609
81.6916
83.0161
83.0649
83.2344
76.3284
79.5183
80.1413
80.4583
81.5242
82.5708
82.9601
83.2468
84.1833
80.9077
81.2561
79.378
80.1422
81.1119
82.2595
83.5709
83.7221
79.4223
81.844
82.1383
81.3128
79.9136
80.8544
81.9278
82.7527
82.3398
82.6134
81.4607
81.0231
81.9148
81.3043
80.9124
81.2167
81.4167
82.0923
83.1692
84.0834
81.9461
79.3466
81.9536
82.6787
83.5605
84.0747
80.1461
80.7165
81.8189
81.7188
81.3318
81.1628
81.52
82.2003
83.3068
84.0312
79.6405
80.9268
80.8353
81.4016
80.4445
82.2315
81.426
82.1102
82.4871
83.288
82.4305
80.3968
79.7499
80.3507
80.7297
80.6247
81.09
81.5456
81.9177
83.0249
83.5744
81.4048
79.9984
80.9448
80.1518
80.3798
80.4554
80.6791
81.0755
81.9043
80.4263
81.8914
81.0986
82.2781
83.2127
83.9456
80.8139
79.2857
82.0739
82.9762
84.0109
84.486
85.1721
78.4892
80.6502
81.9517
82.7447
