74.2895
73.2353
74.0792
75.0845
75.985
76.4143
72.7826
73.0787
74.0067
74.8776
75.9832
72.4839
73.4365
73.3413
73.5532
74.3629
73.5019
72.4158
73.6665
74.5156
76.068
73.0341
73.1468
73.8809
74.9427
76.0838
73.0984
72.4565
72.4308
73.5741
74.2969
71.7033
73.5313
74.3956
74.8045
75.3045
75.6493
76.5174
73.9783
72.4083
73.3067
74.1316
73.3994
74.84
75.0567
74.8325
74.736
73.4198
72.5031
73.3406
73.8988
74.6017
73.0258
73.6346
73.0999
74.6619
74.8494
73.2177
73.738
73.4802
73.9619
74.3672
74.3537
75.6257
76.5309
72.3397
72.6186
72.3778
73.6115
74.0687
74.733
74.9836
75.4988
76.304
77.6706
72.6799
70.9951
71.4006
72.4937
72.8503
73.8304
74.5299
75.0464
75.3789
75.7687
74.7533
75.3428
73.9016
71.5272
72.7161
73.8883
74.7501
75.3533
74.4751
75.194
76.201
76.9152
77.7237
72.4951
71.7646
72.7016
73.2468
74.1756
74.475
75.571
76.1917
75.4958
74.6612
71.859
70.6078
71.8512
73.8765
