72.2382
73.4331
74.2758
75.2296
71.029
72.2069
71.7203
72.3781
74.2155
71.1474
72.4968
72.8062
73.8162
73.7871
72.8028
73.9379
74.1712
71.5147
71.5274
72.5547
73.4635
73.5591
73.9877
70.7375
71.5739
70.9985
72.0616
73.1295
72.6985
73.2689
72.9667
73.5954
74.4258
75.0626
75.1541
69.9406
68.1282
69.0134
71.5163
70.2326
71.3832
72.9687
73.8915
74.0243
74.189
74.2631
72.6873
71.9528
72.0463
72.3628
73.5823
74.2767
74.8175
71.3978
74.3059
75.0486
75.6812
75.9297
69.2912
71.1747
71.1888
72.0946
72.877
73.7483
71.3345
73.0166
71.623
69.8892
70.7947
72.1561
73.1404
74.2817
72.5217
73.4418
74.6192
75.479
76.2568
70.3164
71.1484
71.3497
72.317
73.3118
74.0362
73.2755
71.8705
71.8097
71.6382
73.6379
73.5904
70.7324
71.1534
72.0686
73.1261
74.5436
75.2261
73.4633
73.5972
73.5176
73.9911
71.7553
73.1227
73.5513
72.9801
73.4703
72.7773
72.3481
72.6637
73.5672
72.2551
72.4656
73.5799
73.5557
74.0737
73.4738
72.6145
72.8623
72.6161
71.6737
