71.7009
72.2981
71.5021
70.6435
70.5889
70.9491
70.0387
70.9414
71.7482
72.9796
70.818
71.1662
71.1981
71.8417
72.3163
73.3009
73.7217
68.9953
68.7734
69.912
70.4542
71.0319
72.1
72.3338
69.5123
70.4863
71.8076
72.749
73.5491
67.8739
70.7491
71.2014
71.8207
73.4438
73.7649
70.3057
70.9107
71.8307
70.2994
70.2038
70.931
71.4531
71.2831
71.7274
72.2967
70.9114
69.8924
71.2779
71.8139
70.6098
70.7257
70.9885
70.9437
71.3876
72.365
72.7927
73.6259
69.8167
69.2744
70.5087
71.5082
70.8711
70.5055
71.1681
71.6664
71.7832
72.6034
66.8857
67.9766
69.3156
70.3865
71.8819
71.8759
72.6299
72.8885
72.6603
71.3672
72.1498
71.417
69.6924
68.4084
69.8328
70.7797
71.1109
71.7089
72.2125
72.0944
71.8471
71.9996
72.1119
71.0066
69.8719
70.4041
71.9962
72.049
72.3564
71.961
71.2089
71.0191
71.0951
71.9773
72.841
73.1196
70.5882
71.1757
71.314
71.8619
70.0233
70.1052
71.1921
71.2653
71.0305
71.4895
72.8468
73.6305
73.8916
74.0255
69.7933
68.9066
69.2972
69.9305
70.8483
