85.944
86.3241
86.6468
83.4538
83.8092
82.8103
81.2557
83.8456
84.4409
85.59
86.5743
85.6607
85.4344
85.8395
86.7398
87.6369
82.4298
82.2321
82.1887
81.1103
84.3001
85.5945
86.4312
86.2097
85.1782
85.885
83.8323
80.3645
80.9345
80.4453
83.0041
83.1519
83.733
85.0349
84.7565
84.8946
85.1655
85.7632
86.7828
87.5114
83.466
83.3352
84.2224
84.0993
84.9391
85.4086
85.9221
86.7531
85.1424
85.18
86.031
86.7789
82.5043
83.1061
84.2498
85.8584
87.2492
83.4748
83.5261
84.0037
85.4075
85.8959
86.9244
87.3067
87.5209
87.554
83.0476
83.4984
83.3229
83.1379
83.5933
85.3498
86.0035
86.2684
86.2702
85.4853
84.9962
83.6716
84.7567
85.2402
86.1731
86.8597
82.5348
82.5654
85.1192
86.6376
85.5331
84.0238
84.2511
84.5514
85.5286
86.5441
81.775
83.8061
84.2491
85.2265
86.1934
85.6556
85.7852
86.2096
84.3373
83.6998
82.5745
83.3108
82.9143
83.3771
83.4777
84.7428
85.5683
86.9637
87.4039
82.8103
83.4233
83.2673
83.1121
84.1627
