80.2385
81.9119
82.2929
81.3744
81.5426
82.6177
83.2032
83.6486
79.73
82.2681
82.7525
81.857
83.0347
83.7654
80.3852
81.9828
80.4815
83.005
83.7304
84.4338
84.9171
85.0475
79.0984
80.0704
79.8094
79.9755
79.5389
81.8078
82.6271
83.2405
83.4849
83.9651
81.8089
80.3694
80.0556
81.1801
82.3592
82.3841
82.4295
82.2542
83.106
84.1119
84.7489
85.4967
85.6082
79.1083
78.3123
81.0713
81.2631
79.5688
83.2453
84.2125
84.2759
85.0914
82.2596
82.0516
79.7217
80.3119
81.0318
82.0702
83.3825
83.8489
82.0129
83.5315
84.0951
84.8496
85.6558
85.7474
76.4658
79.3955
80.7307
81.2873
82.5844
83.5545
82.5267
82.6529
82.9648
83.3723
83.1092
80.3163
79.476
79.8913
80.6315
81.7551
82.4896
83.467
84.0583
84.4969
85.0872
83.3504
81.2887
79.1918
80.1175
80.2354
81.0383
81.2759
82.2483
82.358
83.9715
84.7127
85.0525
85.5897
77.6088
78.3224
79.5566
79.8884
80.5873
81.5746
81.7912
83.3437
83.9209
83.3954
82.2083
81.0927
81.0947
82.3084
