68.5702
68.0031
66.2387
67.1447
67.4158
68.4283
69.4247
67.835
67.5059
67.243
66.6537
67.4455
68.041
68.9363
69.3854
66.4173
67.6696
68.4224
66.5776
66.9128
67.2673
67.5031
68.1876
69.1077
67.8065
67.4339
67.0724
66.8475
66.5603
66.6198
67.822
68.9406
69.1751
68.9547
68.7021
67.5542
67.7549
67.7332
66.5575
67.8131
69.0219
69.7661
68.5988
68.6685
69.4318
66.8164
67.4062
68.2899
66.8127
66.9745
67.9904
67.7306
68.3058
68.8363
69.3079
67.7696
68.0684
66.4857
66.0785
66.4414
66.7883
67.5283
68.5547
69.523
67.4638
68.4306
65.9432
64.63
65.1165
66.759
65.6521
66.0135
66.1978
67.6299
68.9132
70.1926
67.2723
67.5553
68.3411
69.1713
69.4438
69.8277
66.9297
68.1279
67.6387
67.6964
67.5599
67.0571
67.9519
69.0826
69.786
68.5188
68.4219
67.5072
67.8072
68.1292
69.2331
69.8451
66.8551
66.1005
66.282
66.9097
67.9119
68.1426
67.725
67.0858
67.8647
68.7298
69.7702
71.0084
64.8929
66.2474
67.5559
67.6097
66.3942
