71.9887
71.7967
72.2941
70.4401
70.0737
68.7915
69.511
70.3719
70.8267
71.0393
70.3462
71.6622
67.2109
70.0382
69.0154
69.459
70.1352
70.8988
72.3915
70.1588
68.1729
71.0314
71.8236
72.2456
73.1295
70.3599
69.5341
69.6488
70.4996
71.1536
71.3471
69.3875
70.252
71.2163
71.8214
72.5814
73.4419
69.3095
69.0563
69.0306
70.0568
70.4596
68.6983
69.3457
70.6879
71.3405
72.5115
72.8534
73.8489
68.2457
69.2039
68.9408
70.3381
71.2452
69.1747
69.9287
70.5523
71.9068
73.1504
73.9421
74.0806
69.8367
69.885
70.7908
71.5279
72.1239
65.5786
68.6117
70.1716
70.8662
72.4798
73.5417
70.1827
70.2417
70.8946
71.7692
72.6424
69.0171
67.8424
68.8378
69.8334
71.2473
70.6611
71.2176
71.2837
69.7283
70.9484
71.287
67.7404
68.5053
69.585
70.5518
71.7407
72.7159
73.405
73.2733
70.7704
70.3552
69.3255
69.0888
69.1074
69.3869
70.3773
71.2411
71.8582
72.6963
72.6514
73.1116
70.9737
68.9533
68.8207
68.284
68.8311
69.9277
