79.8878
80.8365
82.0185
82.8286
83.5816
83.5722
77.5402
79.1185
79.0188
79.0419
80.2706
80.9912
77.8595
80.8864
81.5305
81.923
82.6717
78.9651
80.0626
80.8757
81.6435
80.6497
80.2183
80.0488
80.6209
81.3896
82.9993
79.6923
79.8159
80.6784
81.0529
78.9644
78.2523
79.9065
80.1906
80.1424
81.3732
82.6052
78.9609
79.9248
79.1374
79.7447
81.0779
80.2167
80.5505
80.5828
79.5275
81.2614
81.4548
80.2473
81.0168
80.5219
81.1103
81.7642
82.3751
83.1468
79.654
79.651
80.7895
81.8938
83.0233
83.6112
83.8838
84.1296
79.3746
80.1896
81.1166
79.9801
78.9
79.5793
80.4647
81.3472
82.7174
83.433
83.7335
83.5942
77.8938
80.9032
77.9027
78.7127
79.3314
79.9232
81.2784
82.0402
82.2502
83.1013
82.4959
81.0292
80.0951
80.5132
81.149
77.4855
78.2732
79.6407
80.9135
82.0734
80.4747
80.1276
78.4127
80.4982
80.1629
78.5993
78.8363
79.6279
78.9734
79.7227
80.8767
82.4813
81.0861
81.1471
81.216
80.991
81.5315
82.2358
83.2134
79.6388
78.7544
79.8559
80.6483
