59.1145
58.6219
59.0601
59.367
59.9081
60.3213
58.5129
58.9721
59.318
59.1529
59.1444
59.0148
58.928
59.1792
58.8159
57.6296
58.6289
58.839
58.3959
57.6491
57.8917
58.3211
58.6514
59.4127
59.8979
60.5495
58.8325
59.2114
59.6638
60.0683
59.0292
59.3774
58.3997
59.7775
58.5635
59.0349
59.8785
60.1162
60.2472
60.8211
60.908
61.3493
58.5299
58.9159
59.5173
60.0268
60.2675
57.9119
59.1435
59.1815
59.5863
60.1193
60.08
60.6075
58.0752
58.1183
58.7161
59.1061
59.4306
57.8641
58.0695
58.4592
58.8547
59.666
60.1729
60.4167
60.8096
60.9301
61.4049
61.8188
57.0045
56.5454
57.8578
58.016
58.328
59.0545
59.3249
59.6888
59.8776
60.5367
60.9754
61.3772
59.11
58.698
57.9743
58.5175
58.661
59.0467
58.32
58.1579
58.4014
59.6318
60.3951
60.9144
61.3768
61.485
57.8821
57.2789
58.3182
58.5998
58.9569
59.218
59.6538
57.7903
57.6616
57.4272
58.4089
59.3781
60.1174
60.6395
59.7659
58.0509
58.6832
59.663
59.9638
58.6539
59.6119
59.6184
60.2181
60.3892
60.0333
59.0138
59.0028
58.8365
58.8298
58.4574
58.9499
59.3048
59.6226
60.0516
60.3417
59.5835
58.8422
58.3077
58.6136
58.6733
59.0674
59.74
60.4278
60.7209
59.3133
58.648
59.9759
60.4199
60.6966
61.3845
61.737
61.8249
58.4246
57.9145
58.556
58.9887
