62.7532
63.0795
63.4793
63.7524
62.5791
61.3794
61.7766
62.0263
62.268
62.5728
62.7762
63.0173
59.9763
60.3702
60.5997
61.104
61.8753
62.3076
61.452
61.5632
62.0622
62.3378
62.8862
62.1839
63.0676
61.2458
61.665
62.1245
62.3386
60.8414
59.4624
60.663
60.9105
61.2098
62.0033
62.2561
60.8579
61.1432
60.0734
60.9096
61.4107
61.4572
61.2872
61.2552
61.563
62.1029
62.4093
61.1457
61.052
60.206
60.1857
60.1739
60.9185
60.8855
61.1692
61.8111
62.0703
62.6165
61.8868
61.9549
61.0968
61.5688
62.0716
62.3964
63.079
60.6144
60.5789
60.0074
59.692
61.5184
61.8041
62.3745
62.9892
63.1615
63.3314
60.9526
60.9606
61.7318
61.9208
62.532
63.0087
60.4226
61.0448
61.2027
61.7705
61.974
61.7093
60.3024
60.5983
61.6281
61.6108
60.4628
61.0374
61.4577
61.8619
62.1666
62.4836
61.8932
61.7057
61.0732
60.8215
61.0756
61.237
61.453
61.8166
61.9988
62.3791
62.6293
60.7222
60.2741
60.0746
59.9498
60.5986
60.5041
60.9271
61.8838
62.1839
62.5637
62.8581
62.5325
62.4548
62.2907
61.3966
61.6911
62.0484
62.4442
62.7389
63.1459
60.5179
59.7854
61.0728
61.0856
61.4235
61.287
61.4688
61.7317
61.9519
62.6017
