50.0284
49.0146
49.7565
48.9883
48.4809
46.7817
46.966
47.1544
46.5255
48.2472
49.0514
49.7242
49.9491
50.1303
49.8472
50.4014
50.4609
50.7894
51.0828
51.3885
47.4995
47.5807
47.9622
48.4803
48.4498
48.848
48.7712
48.7905
49.1989
49.4333
50.1261
50.4712
50.3793
50.7798
50.3425
50.6777
48.111
48.3181
48.3741
48.3789
47.6933
47.9579
48.2646
48.6369
48.9469
49.2242
49.7742
48.821
47.8376
48.3562
48.5946
47.5652
48.1123
47.9395
48.5779
48.34
48.8938
49.3132
50.2783
50.9548
49.821
49.1702
49.0706
48.7485
49.218
49.4241
48.9173
49.4243
49.8718
50.2757
48.5029
48.6882
49.0647
49.5276
50.0219
49.5239
48.1757
48.9641
49.0236
49.4821
49.9766
50.6704
50.9991
51.1573
47.4106
49.1745
49.2484
49.8027
50.2183
50.1863
50.5274
48.338
49.4003
49.0915
49.7016
50.0677
50.58
47.7879
46.7834
47.8134
48.7584
47.0171
47.9404
48.9079
49.3558
49.7948
50.0996
50.5185
51.2448
51.4048
51.7938
52.0648
52.2494
48.0585
45.7707
47.495
47.9961
48.627
49.1554
49.5538
49.8967
50.2063
50.784
51.2673
50.6968
50.7084
47.5903
47.0772
47.1451
47.6391
48.5681
48.9052
49.834
50.5119
50.9384
50.8436
51.3994
51.663
51.9572
51.123
47.2426
47.333
47.9538
