54.8199
55.1439
55.6181
53.7699
54.5465
54.0263
54.6554
54.1776
54.6983
55.2052
55.4995
55.9133
56.1254
53.6168
53.688
53.5238
53.7574
54.5666
54.036
54.5716
55.186
55.4323
56.059
56.3952
56.694
56.8764
52.9983
53.5195
52.945
53.0604
54.3044
54.1127
54.1983
54.8836
55.1869
55.4266
55.8063
56.1481
56.7076
57.1516
57.0253
57.3585
52.5055
52.1168
52.6927
52.1252
50.8346
52.4838
52.8453
54.1913
54.5958
55.058
55.778
55.5399
54.7281
53.9781
52.2955
52.7256
52.812
53.4072
54.0921
54.4834
54.8363
55.5896
54.6192
55.2785
55.5634
55.4515
55.6199
54.6906
55.1122
53.496
53.1838
53.773
54.2365
54.5589
54.7698
54.7498
53.621
53.5602
54.1016
53.1957
54.5906
54.5346
54.9353
53.9011
54.2035
54.2151
54.5724
55.1
55.3043
55.8497
54.4296
53.2954
54.1163
54.442
53.8114
54.736
53.1212
54.2204
54.4805
54.7344
55.2114
55.5411
54.5995
53.6416
51.5729
52.9087
53.8389
54.1891
54.9446
55.5573
53.4828
55.2645
55.646
55.6239
55.3987
55.537
55.4807
54.5163
54.3203
52.2795
53.3059
53.7873
54.3231
55.1274
55.7434
56.1239
55.8804
55.9061
54.7567
55.3877
53.8504
54.936
53.839
54.1939
54.4024
52.5885
51.9374
52.9129
54.9054
