51.5693
52.0912
52.3774
52.9138
51.0197
50.5115
50.2355
49.7624
48.5426
50.2229
50.7278
51.0875
51.616
52.0233
51.7358
51.2805
51.652
51.2168
50.5328
50.5657
49.8814
50.0534
50.0688
50.9021
51.3938
51.9176
51.4068
50.9257
51.6511
51.208
51.7853
52.1258
52.34
52.6209
50.0037
50.1058
50.5712
50.9746
51.553
52.1512
51.5244
51.3634
51.5304
51.913
52.5778
49.7199
49.4384
49.6898
50.4097
50.6787
50.8637
51.2553
49.9452
49.5489
49.6449
50.3106
50.5414
50.8824
51.0091
51.5631
51.9349
52.2429
50.3957
49.5331
49.5479
50.628
50.6234
51.1005
51.3417
51.644
49.4382
49.3118
49.2025
50.2315
50.2575
51.1294
49.7203
49.4923
48.2603
49.752
50.7646
51.2245
51.6804
52.2399
52.523
52.8249
49.9879
49.282
50.428
51.2412
51.7564
52.3773
52.4991
49.7294
50.2498
51.0443
51.5271
52.0736
52.3969
50.9272
50.5089
50.5508
51.2783
51.751
51.3442
51.577
51.0061
51.3087
51.7064
51.8789
52.1738
52.8253
50.3098
51.3714
50.6743
50.5005
50.5267
50.9848
50.4756
50.833
51.5334
52.0376
52.5241
51.9748
50.1837
50.5185
51.1902
51.4716
51.7924
52.2115
52.4174
49.3532
50.197
50.4547
51.085
51.7169
52.1469
52.587
49.9003
50.152
50.9046
51.1831
51.8378
52.6302
53.1327
53.0468
53.439
49.8576
50.8545
50.4695
51.2922
