48.9871
46.8592
47.2301
47.8959
48.5473
48.7497
48.8708
49.3283
49.8895
50.3215
46.8691
47.5905
48.2966
48.3023
47.887
47.0112
46.5779
46.4872
46.7152
47.5304
48.1108
47.6556
48.258
47.7866
48.1207
48.6495
49.0147
49.3501
48.9748
47.7403
47.312
47.9389
47.5038
48.079
47.3034
47.6069
47.801
48.2904
48.6079
49.2997
49.843
48.2923
48.5016
48.2431
47.8816
48.1365
48.1026
47.5483
47.2416
47.6756
47.7397
47.9406
48.242
48.9302
47.4658
47.3417
47.5619
47.9372
48.3884
48.7567
49.0891
48.8555
48.62
48.208
47.9698
49.1065
49.4332
48.5429
49.0391
49.448
49.7275
47.8578
48.0616
48.7681
48.6572
48.4613
48.3636
48.7082
49.245
49.6647
47.4511
47.5792
48.2963
48.5125
48.978
49.4108
49.7237
47.1508
47.3451
47.8383
48.4924
48.8487
49.1726
49.4935
50.0724
47.8715
46.7875
48.2523
48.8713
49.4695
50.1361
48.3385
47.8157
48.1874
48.7717
48.9757
49.706
48.3256
48.2775
48.2763
48.3147
49.026
49.3432
49.5268
49.8275
50.242
50.5679
48.0732
48.433
48.6885
48.0285
47.445
48.2923
48.7161
49.001
49.5139
49.8914
50.3133
50.7403
48.7256
48.133
46.3086
47.6193
47.1913
46.4849
47.2728
48.171
48.9174
48.5066
49.1323
50.1037
50.642
50.8087
47.6178
47.457
46.887
