62.7275
63.1077
63.7171
64.1613
64.3457
61.8087
62.0018
62.573
63.0322
63.352
60.8731
61.2903
61.6886
61.9625
62.882
63.3305
61.8271
60.5193
61.5182
62.3163
62.2792
62.7788
63.2358
63.3916
61.6736
61.3973
62.1353
62.1545
63.5024
62.7221
63.5899
62.3569
61.5951
61.7199
62.0488
62.0144
62.2502
62.5792
63.4381
64.2538
64.6314
63.4132
62.5494
60.8279
60.625
60.5761
61.0347
61.5432
62.0962
62.4999
62.9673
63.0062
63.7657
63.9681
62.6551
62.3241
61.6395
60.3208
61.1317
61.4201
60.5772
61.71
62.357
62.9213
63.825
64.2149
64.7844
63.0671
63.1242
62.8675
63.2068
63.7669
64.1746
61.4819
61.4554
62.4532
62.822
63.1442
63.5511
64.1755
64.3376
64.4532
61.2392
61.7586
62.0304
62.1998
62.5187
62.711
60.5326
60.1731
60.3913
61.2147
62.0748
62.5785
63.1816
63.6604
64.0188
62.7701
62.4648
62.8977
63.4954
63.0803
62.6382
62.6965
63.0299
63.3318
63.8268
64.2566
64.6075
61.6237
61.6904
62.3086
62.5911
63.1277
63.5726
62.6434
62.7925
63.0463
63.3696
63.7249
63.4449
64.1177
61.669
62.1689
62.751
63.3163
64.1834
64.5916
62.6607
62.5793
63.0193
63.4061
