48.4247
50.0087
49.8487
50.0488
50.4142
50.9246
51.1745
51.0281
49.1976
49.8928
50.5062
49.1956
48.5353
48.9413
49.5132
50.2034
50.7103
50.0291
49.9579
49.2004
50.1693
49.3449
50.0879
49.7295
49.0984
49.0024
49.5406
50.0739
50.8146
51.2463
51.7193
50.1643
50.2517
50.2425
50.2228
50.3257
50.4815
50.6735
47.935
47.8259
48.1347
48.6194
47.515
48.8611
49.5991
50.0746
50.3032
49.3249
50.0021
49.9223
50.2636
50.7877
50.9209
51.2757
48.4137
48.5913
50.0252
50.1401
50.0953
49.5832
50.0741
50.2955
50.5989
51.3074
51.8579
50.0125
49.4221
49.6792
50.2144
50.6737
51.1312
50.2995
49.8869
49.3888
49.6973
50.2629
50.7962
51.5176
49.948
49.2866
49.3659
50.5244
50.4861
50.8355
51.3487
51.8096
52.0697
52.2148
52.3727
49.1842
50.05
50.5195
50.8502
51.2977
51.6235
51.7289
49.007
47.7409
49.6052
50.0657
50.6094
50.8246
51.2402
48.2854
48.7324
49.972
50.3547
51.1137
50.7619
50.4386
50.1275
50.1575
50.902
51.5429
51.921
50.6625
49.8974
49.6302
50.0381
49.4887
49.9968
50.3168
50.2216
50.1165
50.8594
51.4329
51.7876
51.4154
50.1039
49.9669
50.3372
49.9104
50.1384
50.7666
51.4082
51.7317
52.1716
52.3573
52.5446
50.4186
50.1082
50.2779
49.1189
