50.061
50.4433
50.669
51.1654
51.6652
49.7159
48.8837
49.6763
49.1918
49.9181
51.333
52.0224
52.5911
52.5835
53.0064
50.5952
51.3841
51.492
51.9797
52.2378
48.8825
49.7097
50.1985
50.5461
50.9332
51.4134
51.5299
50.8124
50.4303
50.5333
50.838
51.1085
51.3294
51.4226
51.6531
51.9281
52.1678
48.8882
48.9609
49.3341
50.2937
49.7143
50.5347
50.4411
50.881
50.6661
50.8906
50.6778
52.0456
52.6248
52.9067
52.987
53.1156
49.0744
49.5441
50.0502
49.1532
49.3325
49.8075
49.9965
50.3332
50.7567
50.8652
49.4277
48.8926
49.9496
50.6289
50.9074
51.2353
51.818
52.0919
49.5532
50.0407
50.3709
50.6199
51.084
51.3888
52.0187
50.7281
49.7785
49.3407
50.1447
50.2903
50.9504
51.3017
51.4758
51.8559
49.158
49.2617
49.7239
51.1517
51.1977
51.0526
50.5818
50.4781
50.8522
51.4761
52.1796
52.3752
52.9593
53.2005
53.2198
49.3935
49.1235
49.0009
50.5235
50.2516
50.8315
51.1901
51.5844
52.0693
51.3856
51.9514
51.3371
50.9543
49.6698
49.9466
50.0547
50.1407
50.3295
50.9496
51.4633
52.4346
51.3395
51.0813
51.1748
50.9096
50.8677
51.1542
51.5124
52.0054
52.2363
52.6092
49.2178
49.5181
50.4502
49.6369
