49.1575
49.8038
49.3145
48.2433
48.9589
49.1208
49.7208
50.0898
50.6597
51.1205
51.2148
49.0241
48.4428
49.2193
49.6097
50.0659
50.5993
51.0919
47.2035
48.8549
49.3748
49.6436
50.0721
50.4831
50.5732
48.1539
47.9611
47.8057
47.9746
46.8463
47.7925
48.4764
49.4331
49.7136
49.9946
50.4831
51.2448
51.4153
51.8436
52.1449
48.1676
47.5687
46.1363
47.366
47.8585
48.3493
48.997
49.5895
49.7483
49.8291
50.4383
50.8498
51.3252
51.3464
51.0109
49.8505
47.6764
47.4786
47.438
48.3056
48.017
48.8862
49.8404
48.9702
50.9231
51.0196
51.5138
51.8208
51.9326
52.0839
48.7212
47.2131
47.3965
47.7875
48.1327
48.1565
48.6293
49.0272
49.2379
49.5198
49.89
50.3422
49.8951
48.7785
48.27
47.6376
47.7551
48.395
48.7093
49.1385
49.2007
50.1574
50.3504
51.005
51.362
51.6699
50.2416
49.8585
48.6592
48.3025
48.527
48.6983
49.1331
49.5834
50.2519
50.3358
50.702
50.3007
49.4764
49.1984
49.9551
50.4802
50.7781
47.4472
47.3455
47.9498
48.4153
48.5876
49.1638
49.4469
49.1571
48.1658
48.1891
49.2803
49.7249
50.29
49.3379
47.5256
49.0036
49.1302
49.6501
49.9606
50.3395
48.2025
48.2583
48.2136
48.8122
48.926
49.1926
49.7903
50.207
47.8921
49.583
49.3
50.1138
