65.5537
65.8768
66.5376
67.105
67.1398
66.0361
66.2298
64.7314
64.8879
64.5577
65.1704
65.5166
65.8664
66.293
66.4093
67.1101
67.3762
65.9088
65.8544
66.1511
66.3895
66.4899
62.4534
64.2093
64.7211
65.1562
65.6764
66.0541
66.4666
66.2034
65.656
65.4691
65.5874
65.5347
65.5801
66.1086
66.1813
65.3298
64.2625
65.0741
64.9095
65.3193
65.1871
65.8065
66.2459
66.5472
67.115
65.4607
66.5173
66.2351
66.6098
67.134
67.3496
64.0623
64.2438
63.4559
65.4331
66.0185
65.8994
64.9985
65.607
65.8428
66.2554
66.8825
67.3986
66.7774
65.9621
66.3014
66.7122
64.8465
64.8466
64.4896
63.5297
64.7709
65.3826
65.4154
65.9164
66.0447
66.4542
66.7466
67.3354
67.533
67.8466
63.0447
63.8323
64.0755
64.3236
64.3955
65.5441
66.227
66.348
66.7706
67.2372
67.4959
65.5792
65.1076
63.4937
62.4769
63.4025
64.2841
65.4783
66.3328
66.7834
67.1285
66.1491
67.21
67.4921
67.8456
67.8807
67.913
67.8621
62.4952
62.964
63.6511
64.1444
65.0554
65.8072
66.2744
64.8497
66.3419
66.7871
66.971
67.5096
63.8204
62.0973
62.9167
63.737
64.3779
64.3248
64.7747
64.974
65.2159
64.7208
64.749
66.2255
66.1252
66.508
67.0196
67.5485
67.6576
64.0498
64.5742
64.6611
64.9991
