52.4912
53.0076
53.5973
53.8215
54.3283
54.7039
51.7754
52.4487
52.7268
53.2468
53.379
52.8601
52.2097
51.7468
52.2577
52.9116
53.8362
54.1196
54.2213
53.9433
52.3969
52.4954
52.567
51.941
51.1854
51.8004
52.6365
52.7442
52.5897
52.1358
53.2552
53.4622
53.703
52.9935
52.6133
52.3777
51.8732
52.1512
52.5254
52.7274
53.0436
53.4809
52.1965
51.9204
52.8022
53.1433
53.6066
54.2508
54.6974
52.1256
51.9981
52.3626
52.8314
53.5422
54.1109
54.6494
54.9279
55.0189
52.0065
52.7785
53.5044
53.0311
52.2841
51.2067
51.8107
52.2179
52.0301
52.5816
52.8407
53.2127
53.3262
53.7729
50.8427
52.5317
52.8585
53.3277
53.9478
54.3289
52.1518
52.3937
53.0388
53.1082
53.46
54.0397
54.644
54.8257
51.1862
51.3674
52.2851
52.8433
53.4104
54.042
54.5306
52.5589
52.7054
52.6733
53.1437
53.6554
54.0176
53.3468
53.5552
50.4287
50.4856
51.4548
52.0027
52.5399
53.0054
51.662
52.0236
52.484
53.2367
53.8593
53.8348
53.5446
53.9386
54.3283
54.6052
55.0901
55.3156
51.3339
52.2594
52.0857
52.1421
52.343
52.1491
52.8055
53.2144
53.1943
53.5568
54.1847
54.5332
54.5672
54.3513
53.6138
51.281
50.2279
50.7307
51.3516
51.4066
51.6894
