64.3351
64.9727
65.2195
65.9159
63.8697
63.9207
64.3283
64.7727
64.9187
64.9102
65.227
62.5122
61.4968
62.3712
62.6276
63.2185
64.4309
65.253
65.4713
65.8904
66.4167
64.5042
64.6031
65.0961
65.5056
65.9923
66.3413
62.6042
62.8184
64.1253
64.455
65.0058
65.7814
66.2816
66.3375
64.0956
64.2921
64.695
64.9373
65.0091
65.1772
65.3225
61.8072
62.114
62.49
63.2284
64.0758
64.5032
64.2212
64.4337
64.6218
65.5396
65.3419
65.7392
65.0176
63.3961
63.7256
64.1808
64.66
65.2145
65.657
65.9915
63.7453
64.0799
64.5969
64.536
65.127
65.5576
65.9163
63.1877
63.0291
63.5943
64.463
64.3681
64.5913
65.0724
63.7372
63.4378
62.2643
62.4668
63.3053
63.7225
64.3164
64.8451
65.4259
65.7995
66.2407
65.3419
64.3179
64.0514
62.5264
62.975
63.5323
63.8901
64.3347
64.8541
63.5201
62.7627
64.7521
64.5164
64.3595
63.9858
63.6672
64.0019
63.8095
64.4637
64.7378
65.1502
65.5771
65.7643
64.3993
64.9154
63.5488
63.5587
63.708
64.4178
64.0615
64.612
65.0652
65.5982
64.5689
65.0346
65.4759
65.1982
65.4862
65.8321
66.2324
63.0526
63.5156
63.3343
63.5945
64.0029
64.9597
64.5498
65.0409
65.3184
65.7481
65.7845
