53.0805
53.0515
52.955
53.5981
53.9779
54.3806
54.8068
54.8687
55.4987
54.9521
54.7833
54.9802
55.4078
55.8481
53.2403
53.1134
53.5219
54.219
54.3912
54.9688
54.4372
54.9602
55.2533
54.4603
54.4617
55.3626
54.9966
55.6743
56.0936
54.1856
53.3463
53.9928
55.2919
55.5464
55.8972
56.5776
56.7562
53.6789
54.3833
54.9101
55.4291
53.9534
54.312
54.6827
55.2977
55.688
56.157
56.7625
56.9538
53.2653
54.0361
54.4204
54.9584
55.2965
55.6436
56.2108
53.3868
54.068
53.8344
54.2267
54.7456
55.0717
55.5568
53.5776
53.8587
54.0673
54.8748
55.5602
55.8359
54.9454
55.0261
54.68
54.2655
54.4825
54.7774
54.6596
54.8761
54.5371
54.8553
55.307
54.2884
52.9289
53.9587
54.0416
54.5679
54.7862
55.4276
56.0906
56.2153
53.395
54.0409
54.821
55.2676
55.3261
55.7408
56.1228
54.2871
54.1395
54.5385
55.2959
55.6256
56.1427
54.9407
53.9533
54.2651
54.7137
55.1917
55.5008
55.8256
54.748
53.4454
52.7731
52.1521
53.8504
54.1703
54.4062
54.7703
55.4192
55.6948
53.9593
54.4061
53.2478
55.6306
55.4758
55.0688
54.9211
54.6967
54.7914
54.7596
55.351
55.8374
56.2749
56.6035
54.0924
54.4836
54.9568
54.6141
54.0416
54.5981
54.5084
55.2436
55.4807
55.8333
56.1609
56.603
54.3934
55.8753
54.9502
54.7885
55.2844
55.631
53.0259
