65.3447
65.5746
65.515
66.1199
64.7942
64.8671
64.4668
64.8372
65.3733
65.6516
66.3713
65.4836
65.1711
64.5711
64.761
65.7231
66.2964
66.9457
67.4246
67.5478
65.2743
65.2743
65.6096
66.2333
66.5557
64.7949
64.4627
64.2608
64.5103
65.3144
66.1995
66.582
65.7408
65.2714
65.3979
65.6504
66.0758
66.3396
66.5984
64.6693
63.0783
63.7967
64.6642
65.4609
66.2027
66.4253
66.9972
65.518
65.7931
66.3756
67.0315
66.6504
65.5702
65.9276
66.0677
66.493
65.3097
66.1399
66.1411
66.7398
66.6778
66.7167
66.4063
66.7555
67.1779
67.6472
67.9118
64.8246
64.8037
65.048
65.3064
64.9545
65.3636
66.072
66.5977
67.3005
67.5501
66.3712
66.1799
64.9704
65.2781
65.8728
66.5039
66.9874
64.5961
65.2029
65.6396
66.2794
66.5969
67.159
65.5574
65.495
65.294
65.936
65.3774
65.5385
65.1912
65.2368
65.8531
66.211
66.5721
67.2005
67.5923
67.7201
64.3867
64.6455
64.8819
65.4622
65.7299
66.3912
66.9908
67.3319
65.1626
64.8791
66.5493
66.7445
65.8421
64.4938
63.8226
64.4417
65.0931
65.698
65.5618
65.962
65.6162
65.7991
65.9813
66.2574
66.8851
67.2086
67.4266
64.6639
64.124
64.2965
64.5452
65.2155
65.9293
