61.6398
62.0904
62.1559
62.9865
62.6599
63.2592
63.8256
64.5309
64.8875
65.171
65.2507
65.4672
63.0245
62.8612
61.5801
62.4501
62.7827
63.1543
63.6722
64.0027
64.1552
63.8989
64.3498
64.951
65.3864
65.7918
61.2139
61.4149
62.0411
62.4469
62.6629
62.8371
63.1853
63.3544
63.4812
63.9075
64.5584
65.39
62.6825
62.7055
62.4637
61.3827
62.3288
62.8467
63.1989
63.8945
64.3061
64.4865
63.7516
64.3009
64.8468
64.8314
63.7029
63.5861
62.6743
62.7899
62.7897
63.3949
63.6028
63.9005
64.3681
64.8811
65.2555
64.49
64.3786
63.4823
62.3936
61.4342
61.1314
62.0574
62.337
62.4285
62.4588
63.6066
64.0866
64.0758
64.9792
65.1323
64.3484
64.168
63.746
63.9898
64.3216
64.6708
64.8739
61.8665
62.021
62.4268
62.2796
62.6348
63.4461
63.811
63.9316
64.211
61.2264
63.3155
63.5489
63.9673
64.3872
65.085
62.363
62.88
63.1571
63.6883
64.0183
64.6097
63.8969
62.2949
63.3901
63.8136
64.6187
64.8903
65.1771
62.0158
62.9468
63.1672
63.089
63.9467
64.63
64.6447
64.1949
63.9078
64.3452
65.0029
65.6664
62.2985
62.9446
63.4305
62.9413
63.3016
63.3995
63.916
64.4626
64.7836
65.267
65.7653
66.1774
63.8706
63.8934
62.1178
62.8499
63.3155
63.7325
