57.0699
54.9966
54.1402
52.8044
52.9346
52.7233
53.7026
54.0604
54.5791
54.5808
55.3666
56.1301
56.4274
56.5819
56.8604
54.8669
52.9124
54.098
54.6978
55.0875
55.7704
56.4595
56.9316
56.1348
56.1831
56.262
56.657
56.9834
57.3218
53.6189
54.242
54.6908
55.1756
55.7302
56.2307
55.7468
55.7565
56.0363
56.763
56.9657
57.4478
56.4471
54.8942
54.1744
54.6292
55.1748
55.6861
56.1129
56.4233
54.5362
53.6472
54.8731
55.818
55.1255
55.0038
55.2232
54.6052
54.8074
55.6058
55.9963
56.2716
56.8351
56.2572
56.068
55.2815
55.2272
55.1901
54.7673
53.8754
54.3957
55.0674
55.6231
55.7695
56.0568
56.2893
56.7283
54.5245
55.3729
55.6123
55.2899
54.688
54.8556
54.6858
55.0156
55.2738
55.8985
56.4232
54.6825
56.0805
55.1227
55.8389
56.1898
56.807
53.2158
54.8517
55.5002
55.5062
56.1149
56.5684
57.141
54.9822
54.0988
52.9393
54.6219
54.8638
55.3301
55.7782
56.0906
53.987
55.219
55.5861
56.4423
56.0156
55.9571
56.1531
54.9272
54.9896
55.4682
56.0096
56.4713
57.0234
54.8057
54.3514
54.8984
55.2496
55.3597
55.2347
55.4774
55.0469
55.1992
55.7793
56.3927
56.8201
57.1629
54.0478
54.0114
55.1007
55.9156
55.5031
56.2109
56.7243
56.7037
