25.4659
25.0842
22.5709
25.7761
25.4106
26.8072
27.8055
28.7248
23.1679
23.3955
22.1694
25.0956
26.1979
26.8788
28.3703
29.6718
23.1708
22.9851
24.109
25.9675
26.3788
27.6542
29.2737
22.3526
23.4442
23.7594
26.4096
27.4902
27.8479
28.2805
24.1524
25.2981
27.5095
29.0678
27.1206
25.3488
24.1377
25.8063
27.4882
28.4907
27.0346
28.979
30.1698
22.3154
24.2035
27.7998
28.8194
29.2688
24.9242
20.1351
21.9324
24.0067
24.785
24.6226
26.1587
25.2374
26.4495
28.6136
26.7778
25.9119
25.2138
25.9265
27.2251
24.8452
23.8955
24.7249
24.4699
26.4594
28.034
29.4833
23.8011
25.536
24.7436
25.9606
