26.9382
26.865
25.5423
25.8637
26.9225
24.4711
24.2451
26.2277
25.2629
26.2972
27.3575
25.6821
25.0462
21.0175
26.9678
29.3631
26.7165
28.2093
19.8436
23.8968
24.67
27.2085
29.0151
29.1741
25.7059
23.6183
24.7204
27.4514
29.3505
23.4649
24.7842
23.9948
26.7027
28.448
27.9155
28.1897
29.786
20.9646
22.2835
25.2183
27.7383
28.122
23.0617
26.1034
23.365
22.6871
24.9671
27.0492
26.8041
27.0123
27.0107
23.6354
24.5264
26.5489
28.9566
25.4878
25.0443
24.0888
26.6923
22.4084
25.361
25.2619
27.8678
28.7981
23.2978
26.0844
28.029
28.6119
22.5329
23.9072
24.2558
25.9743
