27.8328
25.0053
25.516
27.5476
25.8329
25.1214
27.4448
29.2986
23.5266
23.6472
23.6809
25.3452
26.7329
26.493
27.849
24.2677
25.633
27.5326
26.5142
25.4123
26.7757
27.7263
28.7077
23.7229
24.1998
23.2131
26.1474
25.6236
28.0193
23.7575
25.0778
27.5324
25.2232
26.2664
28.1556
23.4643
24.9733
26.6039
27.2066
26.8445
23.7668
26.1807
28.3783
22.7876
26.2371
27.2085
29.4499
24.6297
25.4587
26.4089
23.6569
24.5201
23.9585
24.9325
26.8695
27.319
21.8698
21.3802
22.0198
21.6834
23.3376
25.9061
27.2048
25.7195
26.7391
28.2872
24.6494
