26.1826
24.349
26.5575
28.5494
24.5319
25.6332
27.2429
25.5303
26.2367
28.4844
22.6714
25.7456
27.8641
24.5679
25.1575
25.6802
27.0176
26.0235
27.2024
26.4355
22.1818
20.6919
27.0723
28.9693
26.1748
26.8339
27.3561
28.7025
24.6818
26.7408
27.4312
28.2771
25.4326
25.7087
27.1533
26.6904
28.1524
25.59
23.4367
24.5243
25.8252
24.6386
25.4712
26.2176
24.8338
24.8489
27.8068
24.4764
25.917
25.7411
26.5005
28.5525
26.5744
26.0534
28.2502
24.2327
23.2328
22.9164
26.361
24.8611
25.2546
27.244
22.6206
22.6204
27.51
25.7805
25.1398
25.8098
27.0012
24.1481
