27.6311
23.4368
27.9901
26.245
25.4333
25.6682
27.8062
25.5063
25.6377
26.1417
24.8927
24.5455
24.6335
25.1758
24.8235
25.4915
28.0076
21.8944
24.8342
25.7052
27.0292
27.2248
28.8386
26.1744
23.7337
24.5408
25.9282
26.7592
28.3326
29.3593
26.6938
25.6975
27.9563
22.6761
25.1425
26.9897
26.2345
24.2611
25.9935
26.9501
28.2786
25.6048
24.8957
24.7448
28.2055
26.1196
27.3945
28.5651
24.5947
23.7595
25.601
26.6691
26.4523
27.67
24.6156
23.6657
25.1279
21.3501
25.9761
26.5557
28.6164
24.3883
22.3455
24.5085
27.4589
24.8006
26.6273
26.2416
28.1473
28.3565
22.7449
24.0535
26.507
24.7954
24.0115
