24.6366
23.3219
24.2302
26.5009
28.6013
26.477
26.5577
23.131
24.7822
26.7203
28.316
28.6653
29.6374
22.7204
23.5715
25.4737
27.7564
28.4823
26.0257
25.116
22.8574
23.9396
27.6511
25.1577
26.8731
27.9721
24.2258
22.7988
24.6063
27.7937
28.0647
27.9708
24.7822
22.3232
22.8096
25.4923
27.0307
27.3501
27.055
28.3263
23.0063
21.8312
21.9825
25.6052
26.1731
27.7799
27.0976
29.0179
24.8257
26.5321
27.7286
27.721
27.7646
21.3251
24.1876
23.7797
26.5459
27.7402
25.048
25.0941
28.2756
24.1003
25.227
26.714
25.3863
24.3782
26.6812
26.8432
28.404
28.964
25.2992
24.4516
24.9813
