28.61
23.0926
24.8739
27.7594
28.9076
23.4749
26.4952
24.2385
23.34
24.3641
25.6222
27.7578
25.2022
25.9131
24.4864
26.6159
27.6481
26.9971
28.4575
29.3291
23.722
24.4073
23.1795
28.5045
24.0897
26.8026
25.909
27.6536
28.9658
26.3126
25.3208
24.8605
25.4436
26.4684
28.5648
29.5039
24.4033
24.66
24.6072
24.8553
25.9802
24.6947
26.2573
28.9039
25.0887
24.9065
25.4483
26.19
28.0338
26.6653
25.9351
26.8154
23.5892
23.9075
26.6433
26.8726
27.1216
29.7029
23.2712
23.4958
25.8176
25.2799
26.0131
28.2177
24.9415
23.7312
26.1789
27.2616
25.6638
24.8237
