91.6196
93.8189
95.2571
95.9235
93.051
95.7662
90.0195
93.3611
95.4977
94.0165
95.5891
95.7954
95.6145
96.6985
97.7337
90.4221
92.1308
94.0622
95.816
94.0688
95.1551
96.7172
98.1512
91.7883
92.8353
94.6139
94.8322
94.6943
96.3937
94.127
90.7043
92.5429
94.4895
95.9367
96.7115
96.9089
90.7616
93.8294
91.3625
92.6716
94.7985
95.7147
96.3212
93.1959
91.7596
93.2973
95.0541
92.114
92.4806
92.6657
92.2655
91.0702
93.113
95.4506
91.113
93.4375
94.0499
94.3626
94.7827
95.1485
91.5898
92.6998
93.9933
94.7432
96.1758
91.9167
95.5666
90.535
93.1873
93.4131
93.8226
94.8782
95.9847
96.7753
94.3072
91.0989
91.899
92.7305
94.7696
95.8491
94.8449
94.5744
93.442
94.4681
