72.2984
73.4517
73.7062
73.9546
74.1551
74.5444
75.4082
74.4528
72.9706
72.5572
72.6431
73.2005
73.8331
73.9992
73.5279
74.2636
73.0866
73.6992
74.0574
74.5371
74.4688
74.8415
75.1346
75.7711
73.5704
73.5
72.9625
73.8766
74.8026
71.636
72.6547
73.8038
74.5146
75.5208
75.4856
76.225
76.2139
76.2037
76.1909
76.6075
72.1392
72.7569
74.1962
73.8242
74.4067
75.1993
75.0756
75.8676
76.084
76.6025
77.0912
77.8436
76.0783
75.9394
73.9611
74.4735
75.7156
75.708
76.1727
76.6864
77.5379
77.0392
77.2124
77.5364
73.5632
74.2677
75.6176
76.3626
77.1812
76.8888
78.0118
78.8286
76.9215
76.2713
77.1924
76.076
74.7409
76.009
76.8909
76.3736
76.9178
78.3698
76.1084
74.3147
75.2982
76.1606
77.4988
78.6399
76.7794
76.5001
77.6259
79.0711
76.125
76.8541
78.4079
76.9687
77.2136
77.2776
80.2352
81.1229
77.0814
77.9765
78.6614
76.5886
76.282
77.4875
78.6283
80.3128
