90.1397
92.1505
93.6045
90.3603
91.1092
91.8982
93.5575
89.3413
87.1511
89.6596
91.7401
91.0565
90.4148
90.8862
92.0174
93.3964
94.3813
88.9282
90.3118
92.015
89.6857
90.3285
90.4439
91.4492
91.3156
89.9914
91.2487
89.7714
89.7523
86.8853
89.8231
91.1551
92.8228
90.2196
91.0012
90.1416
91.5652
90.6822
92.0774
93.6204
94.4039
90.8138
91.5798
92.7497
88.7501
88.2422
89.2807
90.0006
91.182
91.9429
92.0029
92.7833
93.8246
94.8475
86.4297
88.1725
87.2837
90.1571
91.829
90.7946
92.8538
91.41
88.9998
89.0918
90.6267
92.3633
93.6681
90.3784
91.6563
91.1339
91.5703
88.9812
90.0157
91.2537
90.8058
88.5894
89.0095
90.8863
91.9692
93.1487
89.2158
90.0043
90.2665
92.0683
89.8857
89.1834
91.2101
91.4287
91.5387
92.1987
93.6734
89.8375
89.1352
