96.0902
93.2613
92.4292
93.133
93.7728
94.7796
94.4372
96.7067
97.3697
98.0001
92.4106
92.6426
93.6694
94.5973
95.8191
95.987
91.5278
94.6097
91.3315
92.374
94.269
95.1355
93.3702
93.7958
94.3109
96.4134
91.7896
93.0534
90.3972
93.9294
94.903
95.2015
92.8779
94.6308
96.0139
96.7952
97.1705
97.7222
91.6883
93.317
94.2794
94.6502
94.7233
95.7906
97.5798
92.0889
94.3754
95.5983
96.7
92.4299
92.3815
94.7803
96.2907
91.7129
91.9867
92.3367
93.6717
94.9782
95.4202
90.7724
93.6401
95.7677
92.7203
93.1385
94.4472
91.6562
91.888
92.0648
94.2008
96.5845
93.6416
93.8716
94.927
96.4039
97.8794
92.6685
92.7691
94.3058
94.7381
95.4332
95.6797
95.2024
93.0271
91.4244
93.5056
94.6977
95.2328
96.0001
97.6751
92.9107
