92.2049
94.1966
93.3676
93.2179
94.3808
95.3225
96.5013
96.1715
93.8933
93.6368
92.8942
92.9283
92.2617
95.3622
96.4625
97.0886
96.4704
89.8932
91.6855
91.998
94.7013
96.0646
95.8589
96.773
98.0817
92.0798
91.5269
91.8716
94.0162
95.7213
96.206
97.3777
98.1311
92.3045
91.4803
92.5912
93.7525
95.2733
95.4746
95.7405
96.6801
94.4395
91.7656
92.3245
93.4918
95.5205
95.8374
97.128
98.067
90.8685
89.419
91.5004
92.7001
88.7111
90.7044
91.8049
94.9563
96.4544
91.0247
93.6694
94.8517
95.6715
95.3933
95.0702
94.2494
94.1435
92.7108
93.8466
95.2343
94.3027
92.3315
91.9818
92.3785
92.6046
93.6086
95.0903
93.5941
94.1241
95.4431
92.0003
92.6994
91.5753
92.1296
91.581
