96.2981
94.0651
94.1948
93.8286
94.0343
92.504
93.8972
94.358
94.852
92.6071
92.0062
93.4773
95.4959
96.7307
92.8176
93.9285
95.8336
97.1929
93.7549
94.4656
96.8217
94.3459
94.7769
96.6574
92.8097
93.0458
93.5871
95.7553
93.4258
92.9025
94.8162
94.3461
93.6373
94.5425
95.7276
94.2019
92.5865
92.3257
95.1168
93.7512
94.5885
93.6068
93.732
94.1149
95.2438
96.3879
93.4283
92.649
92.7272
93.0013
94.3988
95.0363
96.0025
93.5915
91.0018
92.2299
93.492
94.0512
95.3818
95.4591
96.0165
93.0602
91.5217
93.1341
93.5355
95.1943
96.3704
97.0169
94.1365
94.483
92.6854
92.8046
93.8725
94.8
94.6324
93.7074
93.9243
96.2316
97.528
92.8715
94.6047
95.1211
95.6846
