85.9
85.9
85.9
85.9
85.9
85.9
85.9
85.9
85.9
85.8
85.8
85.8
85.8
85.8
85.8
85.8
85.8
85.8
85.8
85.8
85.8
85.8
85.8
85.8
85.8
85.8
85.8
85.8
85.8
85.7
85.7
85.7
85.7
85.7
85.7
85.7
85.7
85.7
85.7
85.7
85.7
85.7
85.6
85.6
85.6
85.6
85.6
85.6
85.6
85.6
85.5
85.5
85.5
85.5
85.5
85.5
85.5
85.5
85.4
85.4
85.4
85.4
85.4
85.4
85.3
85.3
85.3
85.3
85.3
85.3
85.3
85.3
85.3
85.2
85.2
85.2
85.2
85.2
85.2
85.2
85.1
85.1
85.1
85.1
85.1
85.1
85.1
85.0
85.0
85.0
85.0
85.0
84.9
84.9
84.9
84.9
84.9
84.9
84.8
84.8
84.8
84.8
84.8
84.8
84.8
84.7
84.7
84.7
84.7
84.7
84.7
84.6
84.6
84.6
84.6
84.6
84.6
84.6
84.5
84.5
84.5
84.4
84.4
