68.3116
67.4184
67.208
67.8911
67.9272
68.6534
69.1696
69.5297
66.9793
65.3654
68.1734
68.7146
69.5386
70.8738
68.1914
67.4244
68.6809
68.6036
68.711
66.8242
67.4008
67.8982
69.2333
70.3941
70.8818
67.3459
67.5272
68.0829
67.7425
68.2173
68.2223
68.9272
69.969
70.9745
69.1484
66.942
66.2732
66.8333
67.4509
67.2105
67.6486
67.8236
66.7316
66.4307
67.6423
68.5482
69.0345
69.7885
70.4411
67.1447
68.4403
67.4453
66.8726
67.4501
67.4353
68.5849
69.4238
70.0002
70.6499
71.218
65.3387
65.8127
65.4278
67.0533
68.5827
69.3462
69.9081
68.8252
69.676
69.7994
69.2362
69.8301
70.1979
70.5363
65.5776
66.8592
68.01
68.7897
69.925
71.0631
69.4204
68.7906
67.5636
68.4149
68.5173
65.7147
66.7764
67.1891
68.3563
69.5857
69.0213
69.052
70.0271
70.6319
71.1837
71.6619
66.2403
65.9066
66.9879
67.9034
67.5233
67.0069
67.6986
67.0309
68.4182
69.5496
69.9471
71.0137
66.5135
66.2044
66.245
66.7566
