95.3185
94.9863
92.0246
90.8339
92.2989
93.1379
94.4117
95.3041
96.115
96.6165
94.9513
93.4399
94.1662
94.985
92.1651
92.7553
93.3196
93.9938
94.3804
94.966
95.6282
96.6334
92.7188
92.327
92.8395
92.695
93.4153
94.2984
93.7489
91.9357
95.1121
93.608
95.0539
93.2605
92.6903
93.3154
94.2341
95.5602
96.2331
96.5937
96.9391
91.5222
92.4818
93.3606
92.1202
92.6473
93.6085
94.1128
94.5152
94.8045
94.0397
94.6262
92.8098
93.5927
93.1824
93.9693
93.9753
94.4241
94.9006
95.6164
94.8911
93.7088
94.0601
93.4254
93.3618
93.9637
94.0795
94.8518
95.2808
95.9433
96.0928
94.7754
93.8735
93.2579
94.5019
95.5733
96.2734
97.0985
94.1836
94.8111
95.7172
96.2882
93.1569
92.3765
93.7876
94.7507
95.5268
94.6384
94.1002
94.4916
95.132
94.8473
93.8562
92.7892
93.083
93.4901
94.0038
94.6661
94.8607
95.8875
96.3423
96.6341
97.508
91.6585
92.1572
92.2579
93.1028
94.431
95.5876
95.945
95.0996
95.7512
96.3684
96.6831
