82.6148
82.7679
83.3203
84.0692
83.0474
84.0839
84.8936
83.4402
81.4042
83.1721
81.9887
82.4363
83.4508
84.2162
83.1626
82.9628
83.3549
83.5227
82.923
83.5588
83.9507
84.525
85.021
82.8743
81.7927
79.1976
81.9632
82.8819
83.9619
84.922
85.3746
83.4959
83.8297
79.9482
79.8107
80.9915
82.1197
82.8972
83.001
83.9104
85.0954
86.0194
86.5203
82.9209
80.8959
81.1555
82.1799
82.5928
83.51
84.287
84.9914
85.0756
84.7329
81.7877
80.5173
81.0964
81.2544
81.6607
81.9439
83.9638
84.0035
84.5938
84.5691
83.9951
85.1192
85.5933
81.0328
81.6281
82.4874
83.4004
84.1881
85.3297
81.8579
83.2586
83.536
84.2817
81.3941
82.3976
82.3948
82.7408
83.483
83.9613
84.6861
85.6406
86.2535
86.5872
81.9629
82.0899
81.7007
82.2019
81.501
80.8998
80.3406
82.9134
83.5372
83.9257
85.0862
85.4288
82.7467
82.9671
83.5586
84.7887
78.6418
81.39
81.5699
82.5521
83.3339
83.705
83.6136
81.9359
82.7645
83.5236
