77.0065
77.9278
78.3842
79.3501
76.1562
76.9435
76.209
77.3421
78.0864
78.2137
78.8688
79.3804
75.2014
77.1733
77.4487
77.2809
77.2295
77.4585
78.0262
78.9296
77.3559
75.2904
73.95
76.2403
76.9578
77.9266
79.0758
79.5218
79.6923
76.1939
76.9166
77.1526
74.5398
74.4741
75.166
76.6032
77.4086
78.0822
78.9656
76.3528
77.1987
77.2424
77.7537
76.6847
77.2751
77.4601
77.3214
77.9219
79.047
78.2278
78.8514
79.1764
79.5712
76.5759
76.1993
76.1994
77.4548
78.1044
75.2014
77.1426
77.4852
77.8399
78.9424
79.7459
80.443
75.568
76.645
75.6841
77.0244
77.5191
78.5458
79.2717
79.3777
79.5909
79.0678
78.2832
78.9293
79.5649
75.8421
75.6758
74.9772
75.6929
77.0457
78.4207
79.1357
79.851
77.4461
78.3711
79.1664
75.8765
76.0672
76.5901
77.2248
77.91
78.9801
79.1517
76.3463
77.206
76.6415
76.3566
76.6245
77.1365
78.502
78.992
79.6073
80.1549
80.71
76.3429
75.011
75.2104
74.6686
75.4176
76.1735
77.1975
