90.2593
91.0018
91.7128
92.3575
93.2076
93.6767
93.8189
94.5701
92.3782
89.9897
91.0621
91.3213
91.752
92.2621
89.7601
90.1968
91.9338
92.8771
92.8241
94.1607
94.8433
95.0108
90.8261
91.249
91.1911
90.6878
90.8956
90.8663
91.9717
92.8396
93.7211
94.665
92.6456
93.4907
92.7035
93.9081
91.8941
92.4874
93.2151
93.9825
93.5119
92.7631
92.1585
91.4933
91.7283
91.9805
91.1152
91.7038
92.5057
93.2431
92.0686
90.8486
91.2544
92.2821
92.2626
92.8802
93.6973
93.588
88.6763
90.482
91.9684
91.6279
91.1978
91.6829
92.5887
93.0589
94.1651
94.6265
94.878
92.0186
91.6124
91.5634
91.4615
90.7785
91.3218
92.8799
93.6321
94.3528
94.0958
94.5125
93.9679
88.7539
89.4475
90.9551
92.0192
93.0281
92.9721
93.0786
93.5667
93.6921
90.5658
91.2157
92.0782
93.2596
92.7317
92.8334
93.7636
94.7158
95.7691
89.0646
90.2979
90.6971
91.7586
93.0147
94.0078
94.7233
92.0578
90.8463
92.7488
90.6249
