72.6398
73.2109
73.7057
71.5599
69.6039
69.9377
71.0704
72.4384
73.1923
71.6551
72.2005
72.4064
72.3683
72.7795
72.2169
72.93
73.7542
73.878
70.6758
70.8218
71.0551
71.8643
72.0055
72.5627
72.7161
73.4323
73.9402
74.554
70.1503
69.921
69.517
70.5404
71.6214
73.0681
73.7169
74.2134
72.4815
72.5053
72.7754
73.3407
68.3765
69.2819
70.6452
71.4507
71.9326
72.3609
73.0861
73.8558
74.8691
75.2454
70.567
67.8219
69.6295
70.2897
71.4893
72.5527
73.2701
73.6232
74.1054
75.2197
69.8074
69.893
68.6482
70.0275
70.4078
71.7716
72.3416
73.0593
73.1766
74.0931
72.6117
71.1871
70.0642
70.7503
71.2878
71.6437
72.5344
72.9539
73.2176
72.107
70.2351
71.5938
70.5466
71.1949
71.1642
72.4777
72.7832
73.0078
72.8985
72.6517
72.0512
70.8813
71.0164
70.66
71.4334
72.5252
73.1854
73.5478
72.66
72.6416
72.4081
73.0252
73.7271
74.3326
69.4135
67.9422
69.3522
71.6077
72.0291
71.2195
71.8159
72.74
73.2545
73.957
70.836
70.466
70.7467
71.6328
