34.8856
34.7712
34.755
35.1724
35.4365
35.7031
35.6524
35.9736
35.9947
36.0929
36.4845
36.8684
35.0234
35.7651
35.8097
36.7949
36.3826
36.5239
36.8009
37.1468
37.4362
35.6882
36.6219
36.9655
37.1009
36.9195
36.5943
36.7319
37.0738
37.3105
37.3978
37.4256
37.799
36.5399
36.9811
36.5318
36.38
36.1402
36.2998
36.4994
35.9889
35.604
35.8899
36.1781
36.0052
35.6459
36.4229
35.3841
35.6679
35.8193
35.5478
36.0571
36.1248
36.388
36.4628
36.7254
36.8459
36.1791
36.6522
36.8836
36.95
37.2537
36.5079
36.107
36.2925
36.6265
36.5975
37.2888
37.0472
37.0517
36.9142
36.996
37.1343
37.5065
37.7037
36.4723
36.8574
37.1446
37.2095
37.4379
37.6421
36.147
36.9054
36.5494
36.895
37.2158
37.3058
37.6213
36.8472
37.5682
37.0047
37.3038
37.4004
37.6748
37.8896
36.5698
36.5094
36.675
36.9839
37.1146
37.4206
37.5936
37.7845
36.7032
36.4878
35.8425
36.8006
37.0269
37.2151
37.39
36.8522
37.3263
37.0315
36.9647
36.9468
37.1579
37.384
37.6837
37.0571
36.3075
36.6355
36.7309
37.0891
37.2275
36.8928
37.2851
37.4123
37.6152
36.7667
36.4047
35.4385
35.6044
35.9987
36.2966
