35.0872
35.2801
35.3599
35.5732
34.8742
34.8189
34.7974
35.0463
35.2807
35.4647
34.9187
34.4886
35.0984
34.9375
35.7577
34.9609
35.2015
35.4781
35.6066
35.7198
35.4412
35.0797
35.2006
35.4635
35.1351
35.5627
35.806
35.9224
36.0052
33.9003
33.6332
34.7725
34.9036
34.9558
35.1114
35.4328
34.8186
34.1416
34.9944
35.3877
35.6065
35.8465
36.1456
35.4098
34.6386
34.8084
34.4698
35.1918
35.1769
35.4381
35.7759
35.9371
36.0662
35.5338
35.5404
35.6863
35.4243
35.5707
35.379
35.6361
35.3911
35.6307
33.6711
34.7551
34.6217
35.0296
35.0471
35.1871
35.3189
35.4664
35.429
34.5293
34.0343
33.874
34.3473
34.5461
34.7364
34.6318
34.3776
34.9561
34.9351
34.9396
35.3859
35.485
35.6005
35.833
35.4066
33.487
34.1555
34.76
35.1502
35.3072
35.6166
35.7153
36.0174
35.834
35.5296
35.8801
35.9831
36.2495
36.4124
36.5129
36.6537
34.8803
34.426
34.043
34.5038
34.7629
35.2928
35.0142
35.2954
35.4522
35.6349
35.9639
35.9951
34.6089
35.0758
34.6028
34.9393
35.1404
35.2033
35.3071
35.5132
35.8684
36.1298
36.2025
35.5382
35.39
35.2597
35.527
35.3995
35.5911
35.7912
35.9227
34.9369
35.0463
35.262
35.4412
35.5382
35.659
35.6662
34.6649
33.7339
