40.2475
40.4509
40.8005
40.8613
41.0494
41.1834
40.8203
40.8008
41.2454
41.4078
41.5118
41.8367
42.0372
42.1462
41.1228
41.0829
40.7899
41.184
41.4186
41.5609
41.958
42.0548
40.888
41.4633
40.5896
40.8754
40.4585
40.8719
40.7029
40.7969
41.0461
41.1993
41.2474
40.4281
39.9574
39.5525
39.6743
39.9092
40.1726
40.4365
40.6884
40.7651
40.321
40.2731
40.5288
40.9074
40.7949
41.0331
41.3647
41.4558
40.8578
41.1614
40.8573
41.0972
41.4183
41.7254
41.7612
41.3254
41.3738
40.8589
41.1514
41.4474
41.6294
41.8471
41.9435
41.9471
42.217
40.5713
40.6551
41.229
41.4085
41.4328
40.1619
40.2487
40.5791
40.4918
40.6654
40.8218
40.7164
41.0926
40.8095
40.9984
40.069
40.5098
39.8126
40.2586
40.4472
40.558
40.0016
39.4314
40.3334
40.9084
41.0456
41.2514
41.4602
40.2407
40.5105
41.1725
41.5401
41.7454
41.3145
41.4177
40.8165
40.827
41.2701
41.2145
41.198
41.5114
41.7239
41.9985
42.0806
41.1475
41.3375
41.4053
41.6386
41.6939
41.9201
41.1792
41.2907
41.5408
41.7098
40.7133
40.7011
41.4255
41.1678
41.5166
41.2376
41.3085
41.0277
41.3182
40.8152
41.4316
41.2926
41.3887
41.4954
41.6049
