34.5185
33.2163
33.7602
34.2647
34.5753
34.7922
34.9891
35.1497
35.5518
35.8782
35.989
34.385
35.0507
34.7836
34.8648
35.0228
33.8489
33.8955
34.7094
34.7399
35.0411
34.6755
35.3216
34.631
35.0673
35.2805
35.265
34.4018
34.5301
34.2744
34.0059
34.4861
34.5672
34.688
34.8616
35.0489
34.4149
34.7499
34.6913
34.976
35.102
35.2126
35.3682
35.603
33.2309
34.0389
34.1845
34.7772
35.1397
35.5418
35.0085
35.1389
34.7369
35.0935
35.2949
35.0225
35.1073
35.6276
34.9426
34.308
34.7249
34.998
35.3081
35.5417
34.1531
34.9941
34.5681
35.3843
34.929
34.5995
34.875
34.8204
34.6816
34.5661
33.8441
34.1673
34.3811
34.5298
34.8255
35.0413
33.8856
34.3134
34.2743
34.4918
34.6225
34.8718
35.2731
35.2951
35.4519
33.7689
34.0733
33.857
33.4318
34.1852
34.7722
34.6907
35.0549
35.3721
35.5457
35.7847
35.9342
35.3362
35.8605
34.3962
34.8033
34.8695
34.9715
34.6648
33.8214
34.6239
34.5151
34.513
34.8159
35.0248
34.6004
33.4134
33.4565
33.8456
34.0371
34.1965
33.2811
33.7399
33.7998
33.8833
34.1298
34.0544
33.9923
34.1106
34.229
33.5954
33.7825
33.6273
33.8145
34.3688
34.6151
34.0967
34.2988
34.8587
34.622
34.7347
34.763
