42.5028
42.7217
42.9231
43.0988
42.1087
42.0335
42.935
42.6291
43.4764
43.2503
43.6334
43.7505
43.3321
42.8434
43.3178
43.6115
43.8805
44.1004
44.2403
44.3281
44.5472
44.5951
42.9581
43.4075
43.6498
42.8953
43.5509
43.1815
43.6415
43.477
43.7204
43.5303
44.0458
44.0266
44.1486
44.5157
42.3774
42.724
43.0608
43.2917
43.1897
43.1523
43.0609
43.2281
43.3869
43.6432
43.8678
44.0894
43.1662
42.6894
43.0914
43.193
43.7703
43.9471
44.0282
44.0465
42.8566
43.5209
43.2019
43.5338
43.0068
42.3865
42.7951
43.3611
43.2631
43.5417
43.9194
42.1623
42.5828
42.3561
42.5304
42.7235
42.5938
42.9298
42.6985
42.7491
42.9746
42.7481
43.3058
42.906
43.2671
43.5051
43.6886
43.0186
43.784
43.255
43.3564
43.5264
43.4664
43.831
44.0548
44.3361
44.3866
44.5287
44.5569
44.6467
43.6014
43.3019
43.8312
42.8052
42.3165
42.7077
42.5306
43.3209
43.2861
43.3844
43.7036
43.7731
43.9777
44.1391
43.2708
44.3183
42.1755
42.6891
42.9312
