38.3733
37.2539
37.4031
37.9727
37.7425
38.1073
38.2474
38.4453
38.5857
37.1483
37.7532
37.489
37.6306
37.892
38.1757
37.8718
36.5614
37.7968
37.1042
37.526
37.7886
37.9281
37.203
37.5816
37.1631
37.2959
37.6033
37.9146
38.1961
37.6162
37.3386
37.0125
37.8615
37.9323
38.2691
38.3828
38.12
38.231
37.4908
37.8437
38.1015
38.2464
38.418
38.5167
36.674
37.2869
37.3787
37.5196
37.8257
38.1611
38.1994
38.3987
36.9318
37.2363
37.4282
37.7615
38.1146
35.9628
37.3256
37.554
37.7841
37.9203
38.0005
36.2875
36.0402
36.9218
36.9558
37.0502
37.1105
37.5271
36.0446
36.6728
36.7181
37.4024
37.2461
37.1047
37.6655
36.9057
37.4387
37.6213
36.7291
36.6477
37.4204
37.2935
37.5269
37.4149
37.5173
37.2429
37.466
37.7127
37.8436
38.0905
36.3843
36.9042
37.0179
37.2625
37.4556
38.1474
37.5329
37.9797
38.2091
38.3743
38.5826
38.7213
38.871
38.9438
36.6691
37.0151
36.904
37.0816
37.5176
37.7284
37.977
38.1828
38.3127
38.3606
38.5784
38.3751
38.6601
38.0466
37.4188
37.6649
37.411
37.719
38.0289
38.1452
38.2376
37.4012
36.9873
36.7713
37.4015
