36.1532
36.331
36.3832
36.7177
36.906
36.7075
36.83
36.7719
36.3643
36.7044
36.8072
36.8893
37.022
37.3289
37.3319
36.3627
36.8131
37.037
37.1168
36.39
36.5387
36.8789
36.3785
36.5149
36.7391
36.6941
36.6605
36.837
37.2759
37.5496
36.737
37.4996
37.5594
37.3355
37.6327
37.145
37.4145
37.6457
37.9782
38.1521
37.5466
36.8422
35.9935
37.4881
37.4257
37.4257
37.6846
36.6971
36.6015
36.8211
37.1168
36.9011
36.119
36.8102
36.0427
36.1589
36.311
35.2976
35.8128
35.091
35.6679
35.8713
35.8046
36.2458
36.3718
36.2075
36.2781
35.226
35.7916
35.8155
35.9651
36.2031
36.2557
36.4495
36.4638
37.7349
37.1249
37.3771
37.7666
37.8751
37.7735
36.1255
37.3928
37.533
37.3427
37.6356
36.8627
37.2716
37.4829
37.7567
37.2047
37.5946
37.8376
37.96
37.9504
38.0226
38.216
38.2055
36.5791
37.148
36.4064
36.8884
36.7191
36.6937
36.749
37.4172
37.652
38.044
38.1613
38.1542
37.2025
37.3193
37.6575
37.4264
37.4684
36.9273
37.1796
36.9686
37.1432
37.3602
37.5846
37.8256
37.5775
