38.3405
38.207
38.3031
38.5128
38.7382
38.9699
38.383
39.0079
38.6189
38.8581
38.9302
38.0227
38.2577
37.8434
37.6252
37.7504
37.7113
37.8879
37.6771
38.243
38.6002
38.7505
39.0822
38.4268
39.0103
38.643
38.6666
38.0894
37.6369
37.6779
37.9531
37.4271
38.7921
38.1689
38.4617
38.643
38.9894
38.9931
39.174
38.7095
38.3862
38.4029
38.8362
38.9367
39.0912
38.1696
38.036
38.4513
38.7026
38.7147
39.1322
38.6949
38.9714
39.158
38.6338
39.0157
39.11
39.2971
39.5518
39.5958
39.7542
37.3301
38.6169
37.8995
38.1284
38.3706
38.8049
39.0397
38.6059
38.6682
39.4442
39.3093
39.5162
39.6453
39.8741
39.956
37.8172
38.0486
37.5335
38.0466
38.3802
38.6399
38.865
39.065
38.9421
38.9405
39.1855
37.9145
37.84
37.889
37.8216
38.1897
38.1176
36.9581
37.4117
38.0532
38.1907
38.4767
38.6247
38.9019
37.4003
38.4535
38.1431
37.4534
38.2257
37.7513
38.181
38.4916
37.3831
38.3338
38.3451
38.4645
38.7183
38.9872
39.0312
38.0582
38.2637
39.0656
38.6598
38.768
37.6694
37.8887
37.5112
37.978
38.0613
37.2868
38.0782
37.7464
37.8591
