37.8065
36.9277
37.6359
37.834
38.0471
38.1869
38.3044
37.4708
37.6711
37.0793
37.4486
37.8943
38.2111
37.7828
38.3901
37.724
38.2964
38.7038
38.9617
38.4374
38.859
38.4972
38.6852
38.7597
38.9323
39.1439
39.3072
37.3282
37.4629
37.988
37.9765
38.6799
38.6013
38.2103
38.3552
38.4577
38.2952
38.6125
38.7993
39.1833
38.3245
37.4999
37.8879
38.1236
38.3667
38.5747
38.6954
37.9855
37.9591
38.6756
38.0108
38.2072
38.4025
38.5514
37.9693
37.7338
37.8304
38.1084
38.0549
37.9158
37.767
37.7714
37.6999
38.1565
38.3332
38.6194
38.8193
37.4759
38.0938
38.8272
38.6291
38.8388
38.4235
38.4794
38.7695
38.8626
38.8134
37.4124
37.8072
37.7568
38.006
37.7727
37.8343
37.3674
37.6231
37.1003
37.3705
37.2735
37.4784
37.1523
37.5625
37.677
37.7948
38.0987
38.3497
38.512
38.7139
37.0748
37.8345
37.2329
37.4625
37.6636
37.5709
37.6514
37.4276
37.3659
38.0327
38.2256
38.3696
38.4403
37.4777
37.4097
37.2023
37.3645
37.5569
37.925
38.2697
38.2473
38.5115
38.8575
39.1962
38.7095
38.7009
38.9867
39.0407
36.5771
37.0808
37.1409
37.4048
