39.1452
39.3719
37.9081
38.6289
39.0074
39.2998
38.7517
39.1077
39.0383
39.2106
39.0789
39.1451
39.0436
38.9626
39.2587
39.5849
39.6211
39.1602
38.8363
39.201
38.0226
38.6498
38.9328
39.1014
39.2708
39.4052
39.3743
39.5294
37.5699
38.3377
38.2762
38.4426
38.5749
38.8232
38.9626
39.1326
39.3492
39.665
39.1887
39.2029
38.3525
38.5736
38.8457
38.6761
38.8362
39.0601
39.2002
39.2787
39.3797
38.527
37.8462
38.4482
38.7363
38.4827
38.914
39.1897
38.88
39.6149
39.5018
39.6644
39.856
40.1254
38.4917
39.4658
39.576
39.8446
39.9648
39.7958
39.9576
39.0908
39.4353
39.4584
39.7128
39.7786
39.8692
40.1279
38.3741
38.499
38.2533
38.7559
38.3248
38.3931
38.5985
38.8406
38.9313
38.9785
38.642
38.8255
38.9026
39.0737
38.8519
39.115
39.3001
38.7769
38.7417
39.1942
39.446
39.8239
38.9903
39.3226
39.5498
39.9739
40.1542
40.1682
40.2301
40.4224
39.1137
38.4038
39.1
38.9384
39.3305
38.6457
39.4686
39.4725
39.9411
40.0613
39.837
40.0674
40.0197
40.2049
40.3651
40.509
38.7977
38.8501
38.7783
38.4978
38.7188
39.3169
39.4586
39.6607
39.8167
39.8649
39.094
39.3462
38.7386
38.9471
38.7485
39.1308
39.2893
39.487
39.0066
39.1987
39.4911
