42.8484
43.1298
43.1522
43.2046
43.3515
41.4627
42.1758
41.8174
42.3705
42.6688
42.957
42.2316
42.9983
43.2025
43.5609
43.3741
43.6206
43.7993
41.7562
41.9497
42.341
42.4734
42.0961
41.6968
42.1201
42.4409
42.633
42.7415
42.8131
42.9947
43.1559
41.6189
42.5891
42.0296
42.3011
42.345
41.7185
41.9326
41.8124
42.0002
42.1568
42.3446
42.5316
41.3599
41.7117
42.3373
41.9955
41.9899
40.316
40.9659
41.2523
41.4909
41.8531
41.7304
42.2211
42.2259
42.4619
42.5837
42.7517
41.9521
42.0913
41.6462
42.1178
42.5494
41.9546
42.4037
42.4563
42.8034
42.8995
43.1201
43.2454
42.3458
42.9622
41.8614
42.256
42.5976
42.8344
42.0754
42.0611
42.6251
42.6543
43.0458
43.3942
43.3913
43.7007
42.8344
42.9992
43.1047
43.3956
42.1969
42.6207
42.4832
42.7285
42.3221
42.4654
42.201
42.2253
42.853
43.1839
42.7862
42.9938
43.2717
43.3492
43.4575
43.4116
40.6608
41.4937
41.6787
41.919
42.1603
42.4814
42.7694
43.0298
42.9935
43.1963
43.4004
43.6537
43.5358
42.49
42.8383
42.9466
41.5044
41.9563
42.2777
42.5562
42.1905
42.3472
42.5698
42.6821
42.9584
43.1049
42.2316
42.2459
42.0262
42.4509
42.7069
41.3994
