27.9751
30.2825
23.7304
26.3225
26.9919
26.0407
25.6292
29.0973
22.5416
25.3952
28.2187
29.8932
24.9723
26.5387
28.3637
22.9914
23.8858
25.7167
26.6227
26.045
28.2102
25.7785
25.0934
27.1513
27.0538
27.6626
29.4107
23.1738
22.9167
25.8419
27.1419
25.4805
21.2898
23.9625
26.1214
26.6974
26.6749
28.1276
21.6402
21.3081
23.1343
26.6654
24.623
24.372
24.5083
22.9067
24.4292
27.8326
28.6632
28.5786
24.0585
21.9802
25.1306
25.3098
27.3159
27.3073
27.1687
28.471
23.2146
25.4183
26.7391
25.5079
28.2025
18.9225
23.0008
24.3181
26.5072
27.2547
