26.824
28.2212
24.0233
25.8539
29.0034
26.2288
26.8475
24.6262
25.0494
26.3538
27.1466
27.2954
23.853
23.5955
23.4149
25.0442
27.0937
28.3525
29.3979
30.5678
21.9032
24.6414
27.4137
29.8294
26.9841
28.7676
30.5214
22.3416
24.9816
27.6833
27.4415
26.7574
29.2871
18.0854
24.1694
27.4584
28.9966
22.0219
26.9894
25.7406
23.2849
26.0847
22.4634
25.8329
23.006
22.6048
19.8242
23.434
25.5541
24.7574
25.6348
28.8224
30.1635
23.8287
20.8369
26.6414
27.587
27.2511
29.4262
19.3766
23.7184
25.3282
26.0448
26.2112
27.9727
24.7513
22.8987
25.7056
27.2259
24.3368
