26.9793
29.164
24.6324
23.4509
23.0297
23.3953
25.4915
25.6754
25.1411
26.6999
25.0082
25.2621
26.1895
27.186
28.7635
24.2924
23.926
24.6554
26.6933
26.217
27.0263
28.5375
24.7683
24.4148
24.7343
27.1587
25.2055
22.0288
25.316
26.2712
25.3195
26.5647
29.1121
25.6967
25.1559
25.0116
24.4647
27.2844
28.5508
24.0426
21.6796
24.8247
27.1171
26.3023
23.6999
25.3725
25.0444
24.8124
26.8917
27.0582
26.9711
27.6334
19.2814
22.0891
25.2784
27.9816
27.7365
26.8119
24.3215
24.1479
25.48
26.335
26.4778
27.8594
29.7547
23.8367
24.8165
25.9883
26.0257
27.212
26.6024
24.5911
25.7984
27.6541
24.9151
