26.1102
25.9161
28.1474
21.3097
22.7268
25.4204
26.9527
26.2012
26.4026
27.5171
28.711
23.7271
22.6386
27.0074
29.2407
26.5395
27.0255
24.4744
24.6978
27.1314
26.8408
27.0314
28.3765
23.9393
26.1348
28.9864
26.708
27.3651
29.42
30.4933
22.0284
24.9971
25.2496
26.5095
27.0073
27.9319
30.1272
30.1964
19.0674
22.0168
21.8813
22.7377
24.8449
26.4844
27.5955
21.5927
19.8438
22.6344
24.4982
24.8354
26.9986
29.1506
23.1153
25.1877
26.5674
28.6741
28.6635
24.828
22.236
23.6114
25.3662
26.1748
27.6245
21.3165
24.053
26.6236
26.406
