25.1154
24.2999
25.0729
27.6785
26.7425
24.9931
25.923
24.9409
24.1867
26.6811
26.9166
24.0187
22.2769
25.9139
27.4199
28.8937
25.7811
27.3948
29.849
25.1318
25.5989
28.1552
23.9931
24.3411
25.3889
25.9166
24.8947
26.3373
29.7045
24.9336
27.3433
28.9661
18.5611
25.1277
26.7728
25.2003
24.4976
26.3595
25.2736
23.4792
20.8918
25.528
26.6915
25.2382
25.747
23.9605
27.0097
23.8176
25.7483
25.5709
26.5882
24.5395
20.2031
25.3014
24.6617
25.3232
25.6739
28.3659
23.9208
24.9806
27.2684
27.349
27.6269
29.3641
24.4631
23.617
25.889
26.7529
28.1341
29.5261
26.7272
25.2311
28.528
24.7934
