21.8879
22.176
24.2416
26.4865
27.9632
29.1457
26.5903
23.7326
24.8462
26.1218
27.7345
26.2018
26.6683
23.8212
24.9541
27.2379
28.9402
28.0206
26.5472
23.3316
26.8221
25.5324
25.3821
24.7216
23.6382
26.3473
29.105
27.3325
26.7207
26.9438
26.2383
25.382
26.9281
23.4159
26.2384
26.4938
26.6867
26.7481
28.2312
22.3101
25.4175
25.6666
27.0823
26.6021
27.4705
28.895
23.7792
25.7454
28.1085
23.5372
25.7097
25.3919
24.8213
25.6934
27.5972
25.2357
26.0174
26.6677
28.5101
22.3798
26.869
25.9769
24.1795
27.0046
28.2508
23.6576
25.585
25.8367
25.3762
24.0791
26.9101
25.0538
