25.2002
25.8722
27.528
25.569
25.5701
25.3451
25.3812
25.1352
25.6259
27.2386
29.4373
25.8739
23.9215
25.4602
27.266
25.1792
24.6707
25.4533
26.8822
28.5703
25.2316
25.7597
26.3196
24.6973
24.5674
27.0695
27.5103
24.3036
26.4677
26.316
25.3771
27.6091
28.7317
26.066
25.2505
25.2562
24.4052
24.9591
25.7293
28.014
24.0253
25.2711
26.9821
24.3533
24.1542
25.447
26.4159
27.6475
22.2767
26.533
27.981
24.4349
24.8454
26.8012
27.9978
28.4388
24.2014
23.7961
24.0671
26.2841
27.6025
24.5383
25.2605
25.5848
26.3684
26.4682
27.8725
27.8969
28.716
29.8839
22.5182
22.7635
24.4699
26.2808
26.3114
26.3781
