25.2329
26.168
28.0206
29.1225
23.5418
25.7687
25.1056
27.385
28.9911
25.5138
27.0627
29.1548
23.0156
24.6331
24.6702
26.2308
27.5999
23.986
22.393
22.629
26.138
24.3859
25.3652
28.1588
28.4875
22.6168
21.9947
23.9513
26.0079
26.4676
27.038
28.1718
29.3805
20.4086
23.289
21.4353
25.2327
25.7507
26.7716
28.6248
29.9336
23.5522
23.763
25.5584
27.1528
27.6179
29.0279
24.5188
24.1625
25.8115
27.8314
28.615
26.6405
25.8473
24.1363
25.0089
26.3115
27.6664
24.5992
27.8465
29.0915
19.3508
23.2871
27.6214
28.9297
30.2746
19.9639
19.2729
22.2996
24.6265
24.7397
24.7687
26.2375
25.2171
26.6761
28.7269
26.7712
25.5426
25.1516
27.1703
