23.4341
19.6723
19.3883
24.6127
25.2434
24.5233
24.8554
27.7722
29.78
24.113
24.4082
26.8855
26.7911
28.1201
23.8044
23.3531
24.8284
26.2304
26.2114
27.0511
27.2074
22.3709
24.0427
27.0095
27.8602
24.7083
25.0967
24.1653
25.4636
27.142
24.4365
26.5355
26.7324
24.6342
26.2138
27.8491
24.538
22.1261
20.6104
25.2707
26.3189
25.9839
27.5221
26.4983
25.4426
26.0915
27.4109
28.9121
24.8633
26.0051
26.5462
26.3088
27.3759
24.2009
26.1321
28.593
24.7437
26.1444
29.5209
22.4111
24.952
26.3213
27.5907
28.3121
29.1282
23.3027
23.0681
25.1482
26.1239
26.5629
