26.7203
29.0678
23.8582
24.9806
26.1254
25.4782
24.2884
26.556
27.1609
28.1715
28.9608
25.0818
24.9233
23.9575
25.9572
27.6632
25.1508
26.0674
24.5788
25.8823
27.4461
26.3126
26.2719
22.6351
23.8451
26.982
28.8614
28.961
30.0611
25.6321
19.3801
25.1574
29.0399
24.7627
28.1141
25.0274
23.8724
25.4899
25.6011
27.0358
29.3423
24.0934
26.4362
28.7221
23.658
19.9901
24.8833
25.8497
24.8385
26.6211
28.6103
22.4589
24.2568
26.4332
24.2792
25.4424
27.0214
26.9822
24.5198
28.2104
29.8603
25.0561
25.9323
24.6866
24.1714
26.0783
27.336
23.7822
