23.0683
26.0052
27.6576
26.1732
24.1988
24.1273
23.9276
26.2399
28.0058
27.3038
26.1717
25.4381
23.271
24.5896
27.1125
27.2667
25.4788
27.071
22.8746
23.6882
25.1793
26.4339
26.7245
27.216
26.2892
24.8985
24.6077
23.4032
27.5723
26.767
27.857
29.4994
20.3368
23.8858
25.4339
26.1829
26.425
28.5472
24.7908
23.4271
25.5154
28.0495
28.808
29.2772
30.6564
19.8225
23.3172
26.5616
29.1014
26.8875
28.3849
22.8759
23.9405
27.3289
25.3614
22.7133
25.4967
25.9273
27.496
20.5784
25.2344
26.2181
28.2178
22.143
24.7274
27.523
25.8079
25.1497
23.298
26.4523
