26.5057
28.3093
25.2879
21.8955
20.1645
18.1383
25.8208
27.9965
27.5566
26.8106
25.3792
24.6434
26.3168
27.9195
26.1372
27.9274
29.5601
22.3803
20.069
25.4342
26.751
26.4437
25.9403
28.6882
18.7001
24.629
25.1916
27.1839
23.4479
23.0747
24.3003
25.3574
28.4714
27.4072
26.9905
20.9833
25.017
27.9889
27.085
26.193
28.1761
24.3182
23.4487
25.199
27.0096
26.3156
27.0294
28.7351
19.5284
24.9383
27.6302
27.683
27.5323
29.3409
30.3385
21.6665
23.8653
25.5435
27.2151
27.6735
29.8547
30.4726
20.4734
24.3748
26.2834
28.1021
