20.6273
23.5588
25.1464
27.0351
28.0653
29.8412
25.5349
23.7924
24.1202
26.3069
27.326
24.8145
26.5102
24.0588
26.3688
28.7512
28.0035
25.8247
23.7017
26.1004
25.672
26.3731
24.9498
23.2387
25.4044
28.3854
22.5711
26.9142
26.1651
25.8917
25.6346
27.7918
27.031
26.4859
27.2851
26.7764
27.8739
21.3282
24.8552
25.9431
26.8466
26.7699
28.272
25.1236
23.9891
26.7288
25.4675
24.7542
25.2478
26.0868
25.6105
26.9263
25.8116
24.8964
25.8119
26.3687
28.0779
27.9991
26.0968
25.146
23.9076
26.2019
27.9171
24.1265
25.5797
