25.1279
27.4517
28.6165
23.3775
24.9115
27.3639
26.5608
25.6191
24.79
26.1603
24.1112
26.7763
26.3327
26.65
27.4708
26.2513
25.2511
19.1525
22.0137
24.9266
25.7947
28.0093
26.4624
25.4676
27.7551
22.4674
26.2094
27.8543
26.2316
20.7415
21.6007
24.9381
26.3169
27.706
28.1065
29.4958
22.962
21.9601
24.6111
28.0878
28.2105
26.8363
23.9158
21.7368
24.4368
26.2703
25.5406
24.7208
28.1096
22.9699
21.1762
22.1541
28.2114
28.077
27.0278
25.4356
25.6186
21.3271
26.212
28.503
29.0643
25.4301
25.0526
24.4247
23.4231
23.5839
25.0177
27.7444
23.8389
