25.3944
23.8562
24.2312
26.666
23.7106
25.2352
26.3766
27.693
23.9226
23.8896
26.8967
26.2223
26.652
27.6846
26.8014
25.9775
25.4895
24.1504
23.5584
25.9914
27.5535
23.3531
24.4092
23.2894
24.684
25.0454
26.6388
28.6381
23.1196
25.1134
25.2021
26.5279
27.8526
22.3059
24.6251
24.5822
25.025
26.6636
28.0568
24.6155
25.832
24.8725
25.4279
26.9385
28.6519
26.1472
25.6452
24.4267
26.1952
27.6462
28.2517
27.6023
25.9445
26.2658
25.1299
26.7739
28.5448
27.0346
27.5605
30.1803
20.9966
24.4761
26.8085
27.4334
26.4325
29.5861
31.1399
23.3485
25.6773
26.8927
27.0846
24.2815
