26.2263
24.9829
20.533
25.5101
28.5453
26.398
27.7426
25.6526
26.169
26.8143
26.8375
23.2503
22.2293
26.1941
25.3134
25.4592
27.7035
25.429
24.3356
26.9599
25.6612
27.3663
27.4621
26.3988
26.1047
26.3574
26.2857
27.4974
24.3858
25.7001
25.3
27.6117
28.4664
27.6594
22.8617
25.5007
24.6774
25.9174
26.1313
28.1271
21.1595
25.885
25.3448
25.5494
26.9834
23.7637
23.9129
24.0995
25.0619
25.4538
26.8971
28.0678
25.4819
26.5824
28.0411
23.4533
25.2446
26.5341
28.0296
28.4947
21.459
22.5925
23.6086
26.2726
26.7585
27.0166
29.0515
27.635
23.6592
22.21
23.5941
25.1855
