23.7009
24.4015
26.0803
26.4296
27.1128
24.664
27.2682
24.1323
26.0823
25.5424
27.2515
25.1517
28.0691
24.7544
25.461
26.2789
27.2474
27.6921
28.5654
24.6777
24.7269
25.2944
28.1908
25.6417
27.6771
29.3259
23.9819
24.3996
24.6282
27.5532
28.4209
26.4163
28.1251
29.872
23.1401
25.1886
27.5621
26.4852
26.2989
26.7157
29.8453
29.5103
22.6291
22.2143
23.5391
26.2285
26.9391
27.2469
26.1543
22.9962
24.549
26.1387
26.707
26.6201
25.4703
21.6911
23.1908
24.2737
26.1913
26.3623
27.0875
28.4099
29.608
20.8639
22.5108
25.611
28.2766
23.9828
28.2223
24.0739
23.0991
25.1603
27.2072
25.0439
