25.2911
23.9472
26.7872
20.1693
25.5922
27.3549
29.3485
24.1306
25.2613
25.3099
25.5138
27.3606
27.7492
25.667
25.9118
26.578
28.3699
29.0428
25.2742
26.3814
28.0115
25.0458
25.8015
27.7631
28.4446
25.9999
24.4026
24.8997
26.9914
26.9968
28.7072
20.8939
23.0025
24.6772
25.5306
26.2949
27.3942
28.7044
24.3748
23.9788
18.5182
24.5083
26.0572
26.8024
28.2156
29.5829
23.7168
24.7526
26.932
24.1902
20.4577
25.8143
28.0516
21.5461
22.5505
24.1605
26.6737
27.1224
28.1974
29.8592
24.298
25.5264
27.7319
22.812
26.5839
26.5783
27.3135
28.5103
23.5236
19.4701
23.1147
24.2845
