26.8987
20.0395
24.4581
25.8814
26.7269
29.1485
26.2376
24.588
23.2775
23.0609
25.7585
23.6068
28.2406
27.8347
29.2109
21.6421
23.0819
26.1243
27.4268
27.2339
28.6326
21.0342
24.5815
26.6143
25.1239
24.9918
25.518
22.4067
23.2973
24.4381
27.003
28.3977
25.7281
26.0316
28.2402
25.1472
25.5072
24.862
26.6752
27.6098
24.7463
22.8753
23.1189
25.236
27.3094
24.4877
25.2788
27.9929
23.5899
24.9841
26.5736
29.2183
25.1259
26.8358
24.02
25.452
27.0396
28.3041
27.6067
25.9709
24.7851
26.244
28.4888
27.6593
25.5247
23.6624
23.6741
24.5751
26.4521
27.6928
