27.2632
27.669
28.8597
25.6853
25.1352
25.1917
27.9879
28.8989
25.3559
27.6166
25.5555
27.1259
27.131
27.3121
25.0431
25.8642
27.1318
27.9173
24.5233
25.189
24.2601
24.896
26.213
27.1895
24.4324
24.269
25.9412
27.727
23.8891
25.6357
25.2833
26.8298
27.7917
26.1745
25.3891
25.5529
26.4468
27.2511
27.9709
24.6216
24.753
24.911
27.0262
23.6495
27.0502
26.8692
25.1696
25.3834
24.8596
25.2262
24.8868
26.343
24.7914
26.8692
28.6036
26.771
24.7926
27.1879
28.7101
23.0352
25.565
26.8185
27.6515
28.3213
27.5528
24.5195
24.5203
26.7352
28.58
28.4212
24.8914
