27.2548
28.4504
20.7936
23.9016
25.3946
28.3275
25.3374
26.687
25.7753
27.6904
28.9443
26.1848
25.3803
26.0204
24.9904
25.9367
28.4746
29.6445
25.1309
22.6128
24.8039
24.8281
26.0653
26.7145
25.9565
27.6811
25.0232
24.9515
25.379
25.0755
26.4258
27.3413
26.2019
26.6388
27.7803
23.4472
24.9727
27.1465
26.8079
27.8794
30.4142
23.2308
23.2939
26.0031
25.7796
26.9567
24.7303
23.937
25.5821
28.0759
25.5886
24.8782
25.7463
27.707
23.2651
22.7114
26.2304
28.7576
25.9583
26.2353
24.631
25.1647
26.3429
26.8227
24.4954
25.3728
