26.3148
25.3509
27.3065
23.808
24.1701
25.5637
27.4353
25.8496
26.964
29.4714
24.3549
25.9412
28.6861
24.739
25.9181
26.5779
27.097
27.9306
24.9043
25.4677
25.4711
26.769
28.0548
29.167
23.9267
26.2334
28.3256
23.3667
19.7247
24.8604
21.4179
23.3869
23.5062
25.7441
26.2147
23.0398
21.4445
21.0108
23.2398
23.4105
25.1428
21.1271
21.7464
22.739
23.9203
23.9796
24.6379
25.9238
20.9551
21.4248
21.7446
23.5019
25.7959
24.585
25.7874
20.8726
19.9498
22.158
24.1775
25.6743
24.6981
22.5237
19.5027
20.6782
22.426
23.0152
23.3863
