24.3641
27.4624
22.3143
24.2665
26.1119
27.2881
27.7804
29.5403
24.7563
22.8171
25.9529
28.1641
28.4726
27.9173
24.5986
22.7239
24.0875
26.6047
26.6629
25.6553
27.3402
29.5679
21.9737
25.5199
27.4749
26.7366
26.795
23.1637
22.7447
25.6781
28.1823
27.819
29.9014
30.4609
24.7376
21.944
25.5014
28.4373
26.8274
23.3234
23.587
25.9358
27.8115
23.0273
25.988
26.7216
26.6127
23.2245
23.2514
26.0687
27.8609
28.9981
26.1891
23.2843
23.7258
25.2743
28.045
28.2107
29.4589
24.6861
22.8592
25.2623
28.0036
28.3991
27.6768
23.2825
23.338
24.7789
24.7134
27.0157
28.2277
25.1748
21.0187
23.1764
