27.3444
22.9039
25.2037
27.1963
27.9323
23.9652
24.5185
24.8084
25.1326
27.0848
28.5092
27.7936
25.2755
28.0215
22.7543
24.7821
27.5445
29.5938
25.0453
26.7255
28.683
19.6673
25.6269
27.2727
27.7179
22.1044
23.7528
26.4965
28.2717
28.3428
28.1147
21.9206
23.3793
23.4389
26.2274
28.3443
24.2095
24.409
26.6477
28.672
25.1629
25.0858
26.3569
26.0844
26.7076
28.949
25.0034
25.9925
27.6112
25.7858
24.9049
27.3854
26.5884
27.2909
26.426
26.1769
25.0551
26.9595
27.3582
28.3341
29.0407
24.355
26.5857
28.3487
28.7654
22.454
