25.3584
28.6089
29.665
24.295
22.0026
24.5806
26.4231
26.6059
28.8409
22.8795
22.9383
24.3675
26.291
26.4699
26.646
29.8151
19.3354
24.0023
26.7713
27.8491
25.6042
25.5698
23.8924
25.5534
27.7013
27.5837
26.244
26.0333
25.2317
26.6036
25.4024
25.0267
22.6176
24.4231
26.7213
22.304
26.7214
26.1559
25.5098
27.3286
28.8729
24.572
26.286
26.9662
26.5786
27.7717
24.7356
26.1692
28.1386
25.5151
26.0512
27.6689
29.9956
23.2054
25.0091
26.1306
27.7087
28.5219
26.047
23.0981
25.0049
25.6377
26.2895
24.2042
27.0146
21.3561
21.51
24.7219
26.619
25.7267
