27.7118
25.9591
25.7551
28.0065
23.395
23.195
24.9558
26.8707
25.484
24.5746
27.0021
24.3554
25.7894
26.8604
20.2973
22.0334
25.3181
26.1055
27.5023
20.787
22.4431
26.1442
27.6041
27.2115
28.9782
30.4216
20.7013
22.5087
25.5761
27.6217
27.6692
27.109
24.3476
26.6957
24.6054
25.2422
25.4902
26.4629
28.3756
21.8261
25.0715
27.2944
28.6098
28.696
26.6019
24.0688
24.533
27.2797
28.6466
29.4079
25.9608
26.5991
23.4819
25.4014
27.5898
24.9819
25.011
27.489
28.8324
19.9169
25.8616
29.5954
24.247
25.019
26.0828
24.0206
24.7395
26.2157
28.4266
24.204
