25.8023
24.8587
24.5804
27.6377
28.9591
20.0004
25.1716
26.7129
25.5589
26.4494
29.1868
22.6172
26.7829
29.1594
30.3527
26.3888
26.1404
24.7433
24.0574
26.0893
27.7136
22.5613
23.5539
24.9857
25.0696
26.5539
26.1902
25.2242
27.9857
23.2716
23.1149
21.7363
24.1955
27.0954
27.2505
27.191
27.3862
28.7074
22.9184
26.699
28.9273
29.8561
25.0906
26.5101
28.2918
22.5634
23.9193
27.5885
25.732
21.3148
28.1731
30.1908
24.4892
25.9908
26.782
27.5197
28.3325
26.6201
25.3461
25.9516
26.7495
28.255
30.394
22.3152
24.7193
27.1214
25.0188
