26.622
28.5931
25.126
24.9647
23.6083
23.7897
25.384
27.1077
25.5936
24.4692
26.5945
28.6529
25.7702
25.7398
26.0339
26.8205
24.6834
26.4213
27.5813
26.4401
25.7774
27.4715
29.033
24.0695
23.6583
24.7112
22.9362
21.1487
26.6119
29.0208
24.5612
26.9013
28.1087
24.1287
24.8664
26.6608
25.3812
24.1801
27.0949
26.2608
24.9081
26.8664
26.1546
26.4046
27.3311
29.0744
24.9627
20.4638
22.3179
24.8895
25.9042
27.9439
26.6991
25.6139
26.8293
25.1271
25.4028
27.6991
27.5936
26.3743
22.3789
22.055
25.9275
27.0663
27.557
28.8542
22.967
22.4058
24.5095
27.517
