27.0822
27.7952
23.8927
26.7348
25.4859
24.6734
26.6467
27.7393
23.7165
25.6217
25.6134
25.1872
24.4367
26.0576
21.2127
23.8385
25.1397
28.4106
21.6831
26.0606
25.0407
25.1668
26.6653
28.6912
24.9776
24.7914
26.5577
29.1987
29.9031
25.5135
26.4952
24.3911
24.5653
26.2791
22.0367
24.5811
24.3739
25.0514
24.7916
24.3028
26.1407
27.1782
27.8487
26.8872
28.9637
25.1442
25.5245
27.4287
28.9324
29.2179
26.0365
25.8814
28.2963
24.8313
26.4254
27.8885
25.3659
26.8154
28.5279
25.8923
25.2506
27.0094
25.3064
23.5946
22.9903
23.2926
25.6497
27.4627
25.9328
25.8193
