24.3828
23.0794
25.0896
26.5431
27.362
27.3783
25.2268
27.1793
21.2031
24.8299
26.2801
27.7508
28.2563
25.5573
23.0491
23.9746
26.2353
26.7416
26.9581
28.9959
28.6178
23.7446
18.945
23.0043
24.6661
21.6954
24.04
27.1539
25.014
25.2226
26.7884
27.8208
29.2035
26.1468
24.6063
25.057
26.5568
26.27
27.168
28.4736
24.4341
24.7334
27.2782
23.2816
23.4006
23.7284
26.1866
25.5378
26.7387
28.5153
25.8294
25.4511
24.7374
24.2543
26.5123
27.8848
29.073
26.8932
26.0132
25.3911
27.3833
24.3637
25.7277
25.2942
24.6321
24.8428
26.1819
28.4777
26.6215
27.1521
28.1635
21.9963
