48.7177
48.83
48.9262
49.2373
49.8237
50.0322
50.3095
49.2434
50.085
49.8923
50.2833
50.9131
51.0989
48.9935
49.3791
49.3275
50.0192
50.4042
50.7871
50.1085
49.7284
49.841
49.9399
50.3069
50.7921
51.1976
51.6116
49.9679
49.6758
49.6055
49.8548
50.2954
50.8239
51.4114
50.1003
49.261
49.9806
50.5912
50.8379
51.4774
50.0016
50.3736
50.2554
50.7681
49.0911
51.0959
51.6146
52.0559
52.1458
52.4517
49.9928
50.4669
50.7126
51.2875
51.4896
48.2502
49.1324
48.8843
49.9432
50.2553
50.7807
51.0915
51.2969
49.0079
49.4161
50.1828
50.298
50.8352
50.5892
50.3195
49.8573
50.439
50.5934
51.1605
51.7318
52.0494
50.2999
49.6948
49.6982
49.7685
49.7162
49.8143
50.2488
50.2356
49.8223
50.2304
51.0604
51.2575
51.8093
51.4965
48.956
49.8187
49.484
50.7167
50.2073
50.3432
50.8023
51.3709
51.8147
52.1505
52.2623
49.058
48.7969
49.7796
48.7932
49.4171
49.8605
50.3645
50.8521
48.7836
49.7587
49.9782
50.3062
50.5229
51.2001
49.6147
50.1751
50.7934
51.4851
51.1167
49.557
49.4418
49.7233
50.3504
50.7918
51.0988
50.0898
48.9727
49.518
49.9477
50.6843
50.4298
48.023
49.4903
48.8519
49.9209
49.785
50.5909
51.0032
51.2898
