92.8828
92.7416
94.0034
95.1803
94.7765
94.2889
92.2674
93.1875
93.8088
95.4573
93.0219
93.7212
94.5402
94.5169
93.6692
94.1937
96.2243
97.6184
93.0734
93.437
92.6908
94.3888
95.1887
95.482
93.7102
93.5948
92.8495
93.0332
94.5139
95.7728
94.9924
94.7235
96.2541
97.8507
92.3886
92.5911
93.5392
92.647
93.0611
93.7453
94.6222
96.2297
92.6024
92.5005
94.4988
93.6334
94.1469
94.8708
96.0831
93.1158
92.1274
93.4454
94.8107
95.2809
95.754
97.0511
97.8938
92.7561
93.9882
95.2282
94.6107
94.59
93.7503
95.4439
96.1145
90.2348
91.0394
93.7144
94.7887
95.5594
95.765
96.6396
93.0215
92.1591
92.1921
93.3468
93.6224
95.4401
96.4856
96.8251
93.4441
91.9495
91.8382
92.6133
