79.3626
80.423
79.8764
80.5827
82.0842
83.1378
84.7338
85.154
79.8078
80.4958
80.441
81.4791
82.0676
82.3557
82.6467
80.8239
79.1323
80.5347
81.7596
83.3375
80.6416
81.9391
81.5009
80.013
79.7914
80.1311
82.5191
83.4098
84.0535
81.8638
80.9162
81.9192
83.663
79.7509
81.2161
81.9982
83.6185
79.659
79.5971
81.1999
81.5168
81.5072
81.6409
82.4692
83.8327
84.6393
79.3159
80.3672
82.0484
83.709
85.0053
80.4975
82.0436
80.0661
80.6551
80.937
82.1373
82.5162
80.2678
82.0053
82.7857
83.2692
79.2848
76.7905
80.3949
82.2364
83.5685
80.586
82.0973
83.8091
82.3526
81.0009
82.1257
84.2486
85.1099
79.3593
81.1219
80.6267
80.1924
81.3393
