83.6211
84.1726
86.0956
87.185
87.879
85.6585
80.5101
82.1349
83.8224
85.375
82.8951
80.8283
84.3523
85.6252
82.2928
81.5679
82.0832
85.258
85.7497
85.9793
86.4616
83.7819
83.182
81.4798
82.3202
83.7599
85.1056
81.6162
82.3664
84.6943
83.2744
83.0126
84.0933
85.5207
86.1029
83.1886
85.0078
86.4023
88.0687
81.3218
83.234
85.3211
84.817
84.3158
85.4953
87.3756
88.6097
81.7435
81.7191
83.5098
82.6723
84.0636
84.8383
85.656
85.878
81.9653
83.4437
85.5062
83.4057
84.3753
84.4088
86.301
83.5783
79.3998
83.0667
83.7118
85.3264
86.8563
82.8298
83.8509
84.1739
85.7118
85.998
83.3772
83.5945
83.5936
82.2365
83.1475
83.3863
84.538
85.5761
86.0985
83.8163
83.028
81.4796
80.0417
81.6671
80.839
84.5748
84.8473
86.7472
87.7554
83.9958
80.7478
82.2024
82.6882
