94.5694
95.1471
89.447
92.1367
93.0063
94.7047
95.5481
96.7719
97.1612
94.579
91.0612
93.1206
94.98
95.5095
94.4622
92.7286
94.5258
92.1776
91.803
92.9695
94.5447
95.406
95.6719
95.2737
95.1861
96.319
97.6787
97.8955
87.8472
92.8904
95.1525
96.1382
95.9418
96.2371
96.7386
94.7513
91.742
92.5523
94.0123
95.1807
95.4283
95.6829
93.6771
94.0572
88.5156
93.0601
94.6857
96.4945
96.1593
95.8566
94.55
96.0361
96.9894
97.2237
91.9054
93.3789
93.7435
95.0654
95.7996
95.7922
97.6393
93.5666
92.0263
93.4065
94.6549
94.8496
95.6002
95.717
96.5702
93.2193
92.4908
94.2007
95.7006
91.4824
91.8467
92.9226
94.9192
91.5269
93.2814
94.7122
93.9581
91.829
93.1183
91.6771
92.4988
93.9207
94.7662
95.9942
94.6198
