93.8396
95.2093
96.9307
91.7587
91.5363
92.8898
94.9863
93.9486
94.2939
95.2026
94.8423
92.9911
92.6496
93.7823
94.5416
95.7311
96.129
93.9801
93.9152
92.5934
93.6494
94.7144
95.7939
94.6914
92.1677
94.8156
94.0786
94.2041
95.4127
96.1965
97.026
97.3641
93.3618
94.2126
94.3104
94.7665
95.7387
96.7344
98.0133
98.0354
92.4138
92.4827
93.6663
95.4352
96.0445
96.185
96.7523
93.9065
92.9511
92.4714
93.4651
95.3737
96.5032
94.8196
95.8184
94.744
93.9793
95.0615
95.7341
97.7064
91.5104
92.2007
94.0931
94.357
93.2494
93.8239
95.5096
96.9944
97.7951
91.3998
93.5321
94.3262
90.1327
90.6355
91.0925
93.1626
95.9347
92.3601
94.2971
95.4923
96.6981
96.76
93.0499
93.5687
93.5753
93.9988
95.0637
95.7851
96.1006
96.9523
