92.8298
93.8748
95.7652
92.0131
94.1425
95.3067
95.3204
93.682
93.935
94.6089
93.2189
91.5366
94.2125
95.478
96.7346
93.6146
93.8818
92.0876
91.5678
91.5495
91.9192
90.2778
95.0424
95.1123
95.4088
93.6184
94.9094
95.9812
96.9279
92.1652
93.5137
95.312
95.1249
95.0429
96.6197
93.1669
91.7979
92.5519
93.9972
96.6924
94.9127
95.2063
95.023
94.5287
92.5949
92.7486
92.3343
94.2427
95.2746
94.8308
91.3785
95.1083
94.7939
92.0344
92.3643
92.9208
94.7526
96.523
95.6578
95.4856
95.6446
93.8696
91.6242
92.5902
93.6535
93.9814
94.9597
95.7513
93.6533
93.3079
94.6394
96.4421
93.6938
93.7021
93.5179
94.3525
93.0003
91.5767
94.9889
95.9526
