92.7805
94.5242
96.0187
92.7494
93.1287
94.6556
95.5326
91.7576
92.0366
94.0564
95.5764
97.5231
93.9339
95.0753
96.9474
91.4209
92.9033
93.3693
94.2294
94.3428
95.4673
95.7229
95.1511
91.3754
91.5286
93.6132
94.4099
95.2809
95.9581
96.875
97.7974
92.7901
91.4643
92.2567
93.3253
95.327
95.7866
93.4406
95.885
90.9914
93.8869
96.0051
95.2333
95.9682
95.2963
97.1359
97.9547
90.7997
91.9859
93.2182
95.1479
94.0853
94.8482
95.409
97.7164
93.2465
91.7784
92.7974
94.012
94.4501
94.4967
95.2908
94.6817
90.8134
92.1265
94.5363
95.2097
96.6779
96.8434
90.1467
92.4575
91.7629
93.9879
95.3908
96.2289
95.1201
93.2934
92.7876
94.6159
95.7911
