89.2106
88.9364
89.5386
89.9444
91.9414
93.2237
87.4501
89.7942
90.8844
92.3436
93.7326
89.7298
89.3967
90.5487
91.8372
92.5159
87.0267
87.9583
90.4287
92.5895
90.1392
87.5566
90.4437
89.4454
88.4032
88.2869
89.5327
90.8115
89.4962
89.2416
87.0861
89.7292
90.662
90.7293
89.6409
90.7837
91.1629
92.7144
90.0125
90.3266
91.3837
89.8914
86.2485
88.1577
89.6892
91.5057
84.9539
88.8791
88.9128
90.5768
92.2658
88.9227
88.7043
90.8598
92.3593
86.8594
88.0425
88.8009
91.4108
90.0645
91.1558
90.615
91.5136
87.8241
88.8997
90.6288
91.8408
93.3889
90.6311
90.4685
90.1991
89.447
90.4576
91.2172
92.2731
90.0745
89.3532
92.2561
88.3456
90.4317
91.0466
91.9353
91.2648
88.9652
86.712
87.2907
88.6284
89.6768
