88.581
92.3517
94.6826
96.2162
94.8251
95.3745
93.8536
94.133
92.6965
90.8248
91.8363
91.5893
94.4489
92.524
93.0674
92.9297
93.2356
94.6403
95.9819
96.521
92.5005
94.3548
94.306
95.8054
92.0674
93.4953
95.2488
94.0026
94.9392
95.4725
92.2034
93.5939
91.7904
93.1791
94.9353
95.9511
96.6714
97.2916
94.0657
94.59
93.1241
94.1216
95.7182
96.6561
96.6843
93.8641
93.9391
93.8086
95.7431
96.5623
91.5222
92.8025
94.094
93.6768
94.3956
93.518
94.5694
95.7449
95.0182
93.4713
93.2044
93.3116
93.241
92.1448
93.1769
95.1455
92.8483
91.1247
93.5643
95.2028
96.1737
97.12
93.2143
93.752
95.3637
96.8946
91.1462
93.6231
94.2107
95.2741
96.2817
