84.0967
82.1559
80.9531
81.2759
80.5217
81.3415
83.0591
83.766
84.1828
82.1403
81.8518
82.5269
84.0569
79.4444
81.7701
80.3421
79.6906
83.3507
83.6612
84.0056
85.0911
79.3133
79.1373
80.2515
82.3728
81.3768
81.4906
82.5105
83.2397
82.9558
84.5764
81.7828
82.0749
81.7578
83.3871
83.5288
84.4803
78.695
80.4724
78.7848
78.5875
81.6546
82.7536
82.9562
83.2291
84.3625
85.8502
78.3319
79.4814
81.6563
84.1141
83.2912
82.2056
83.5904
78.144
78.0513
79.1477
79.5932
80.3987
82.5483
83.0706
84.7595
80.3549
79.7168
81.2822
83.0678
81.6971
80.4035
82.8347
84.9467
85.83
85.8001
80.1236
81.1411
82.0183
83.2359
81.0853
81.4803
83.3769
85.4186
86.0988
80.2779
81.9895
83.9586
80.7505
