92.0845
93.1836
94.1634
94.8243
92.1009
90.9472
90.6391
92.0929
91.2704
92.528
93.6544
93.9723
91.7124
92.3724
93.8065
94.2881
94.8671
95.6474
95.8316
89.0572
90.3899
91.3103
91.1376
92.3457
93.6523
93.9331
90.494
93.7701
94.1952
89.6143
90.222
90.748
90.795
91.4842
92.5719
91.9536
91.6697
91.6054
92.6207
90.8938
93.2958
88.8974
91.5481
92.5136
93.3481
90.5842
90.6719
92.0118
92.4059
93.0879
93.3075
93.9644
94.1678
89.1582
90.3651
90.8492
90.9837
91.6953
92.6832
93.5612
93.9891
94.4684
92.4228
90.9487
90.705
91.4019
91.6584
92.1788
90.0335
90.3974
91.9649
92.9419
93.5394
94.1467
94.8346
95.2507
91.6046
91.5207
90.464
90.2672
91.0567
91.3165
92.3424
92.9759
93.7482
94.7999
93.6617
92.3217
92.2317
92.1133
93.0822
92.1355
91.8335
92.828
93.5439
93.7321
92.5158
91.9157
91.7658
92.0523
91.8668
91.5878
92.2706
93.2631
92.3125
92.075
91.2207
91.9885
92.4212
92.5076
93.0745
93.6658
