74.7307
75.2374
75.6961
69.8929
71.181
71.0722
71.9942
73.5497
73.6379
71.128
72.8004
71.4633
69.6249
69.9977
70.8102
71.756
72.9154
73.868
73.9289
74.0165
74.8024
75.4394
76.245
71.1062
71.2835
72.5227
73.2713
74.2714
72.2378
71.895
71.5174
71.9961
73.9218
71.0323
70.5761
72.1586
73.5571
74.4939
73.5439
73.2333
73.7492
73.6428
73.8205
71.9587
73.0468
73.6054
73.1554
73.2952
73.2579
72.9337
72.3101
73.4809
72.7773
72.4607
73.2055
74.2956
72.9925
71.8505
73.1388
72.5677
71.424
71.6944
72.0287
73.4626
74.6678
72.7635
71.1785
71.1017
72.8051
72.7622
72.4634
71.2041
72.6043
73.5569
74.4798
70.5665
72.7062
72.3389
72.7724
73.5497
74.7504
75.5415
69.2026
72.6416
73.5498
73.636
72.5825
72.9133
73.7328
73.9756
73.5869
73.9036
72.1326
72.3927
73.3099
74.0917
74.7673
75.3251
71.8866
70.9281
72.4085
71.9844
72.4272
72.1465
72.8085
73.9756
72.1093
74.2849
73.239
73.6989
73.8189
