97.8896
98.1038
93.1367
91.0816
93.7289
94.0862
94.4003
95.4479
96.0565
96.6422
97.5609
98.2756
92.06
92.2499
89.8894
92.5296
91.9841
92.9463
94.9509
95.4783
95.194
95.3793
96.1198
95.3107
94.4146
91.3254
91.7062
92.8703
93.7402
94.8208
95.8007
96.5056
94.5016
94.8385
95.4843
96.3618
96.7684
91.8855
92.3002
93.3282
93.7546
94.4304
94.3963
94.7107
95.0572
95.9954
96.5724
95.056
93.5346
93.426
94.0496
95.1514
96.1854
93.8783
93.761
94.0788
92.8693
94.6355
94.8271
93.0882
93.3235
93.6531
94.3129
94.8492
96.0478
94.0144
94.1615
94.2708
94.0765
93.801
94.0861
95.2626
95.886
96.174
96.8313
93.7699
93.9652
92.4527
93.7603
93.2131
93.5058
94.7882
95.8569
96.5679
94.9665
94.0346
93.8541
93.502
92.964
93.9807
95.4947
90.7286
93.2811
91.5817
95.0082
94.1313
94.6515
94.9149
93.7032
93.601
94.4079
94.5339
95.2578
93.6786
94.4276
93.9941
94.0771
93.5633
94.7451
95.7182
95.767
94.6173
96.0237
94.7696
92.7445
93.8417
94.792
92.4075
