95.0544
95.3518
94.0565
94.4271
93.4557
93.334
93.8114
92.6801
95.0267
95.4304
96.1246
95.4925
94.7862
93.979
93.797
94.9822
95.7144
96.5768
93.6012
94.2703
94.6551
95.6168
96.305
90.5303
93.2256
94.1496
95.3293
95.7851
94.5593
93.8693
94.9619
95.2532
93.6447
92.4493
92.1424
93.0138
92.0785
94.6645
94.9265
95.971
96.215
96.355
97.4703
93.54
91.5308
92.5563
93.5245
94.5856
95.8087
95.9142
92.8542
95.4532
96.2761
96.8824
97.0472
97.2271
90.6967
92.032
93.5637
94.6894
95.0927
95.783
96.265
96.8872
95.9647
92.7608
90.505
91.2804
90.8285
92.7621
93.3587
94.771
95.1566
94.6134
95.2571
94.1136
95.0142
95.8927
96.2093
96.7143
90.8492
92.7085
93.3301
94.353
95.0544
96.0882
96.5291
93.3276
93.7047
94.4445
95.2592
93.8581
93.4097
94.2747
95.1653
96.2022
94.7671
94.5538
93.5229
94.4739
95.4158
93.4992
92.5894
93.3539
94.3332
95.3808
95.1508
94.2578
93.739
94.3418
95.4379
93.6607
93.2553
93.3355
94.528
95.6757
