71.7801
66.9337
70.4427
70.8387
70.1321
69.2543
70.0352
70.7447
69.1094
70.6954
70.0964
70.6299
70.4524
70.8853
71.4065
71.8496
72.0738
68.7677
68.7077
68.511
69.3201
68.1702
70.248
71.0878
70.9985
71.4377
72.1649
71.7927
68.9085
68.8384
69.7338
70.9394
71.3332
67.7436
69.6478
70.3325
69.7443
69.3738
71.5572
72.0419
72.2436
73.1474
73.5642
69.9449
69.0386
69.2994
69.7726
70.5035
72.0686
72.517
71.3326
72.3968
73.2715
73.8805
67.1043
67.4882
68.3794
68.8174
69.8928
71.123
71.3714
71.9211
72.4952
72.39
70.7532
67.2118
68.0693
68.4599
69.6939
71.0026
71.5274
71.5751
71.9889
69.7303
69.3309
69.1882
70.5358
71.1579
68.586
70.9758
70.175
67.2109
69.9205
69.0089
68.8621
70.0837
70.6729
71.2539
72.3844
69.3591
70.1969
71.1637
71.7749
72.7825
70.2232
70.3327
69.5002
70.483
70.6751
71.254
70.2377
69.731
70.6329
71.3566
72.4267
72.9978
68.9447
69.009
69.0175
69.9357
