96.1198
96.8656
97.1345
91.7233
92.7905
93.0654
93.3882
94.8169
95.5255
93.9985
94.7395
93.5295
94.611
95.2638
93.8507
93.3526
93.3247
94.0116
95.0377
96.1311
97.011
94.9491
95.1659
94.7784
95.2663
95.9889
92.3944
92.8802
94.1229
94.9178
94.9037
95.4753
95.9568
96.7151
97.2334
97.1949
94.2234
94.5739
93.3578
94.7143
95.4802
96.4048
95.3653
96.0674
96.2939
96.5086
97.526
93.4219
93.2878
92.575
92.7305
92.6948
93.8627
93.9737
94.9569
95.7981
96.2949
97.1148
97.6587
97.8154
98.2284
93.6353
93.754
93.3642
93.8483
94.4513
94.9634
95.1023
95.2925
95.8655
96.6937
97.6164
92.0484
93.543
94.7224
95.0725
95.6883
96.0631
93.2173
91.5682
94.37
94.947
94.5108
95.194
96.0709
96.6226
97.2883
93.3349
94.3358
94.8845
93.358
94.1604
94.8647
96.0254
94.1687
95.3021
95.5353
95.2345
95.2143
94.6798
95.7159
95.9601
96.1708
96.8767
92.56
91.8438
92.7074
94.1408
95.1428
95.5225
96.2011
96.6099
95.4537
95.6595
94.4969
93.0007
92.6859
91.4068
94.2805
94.6499
94.3749
95.5463
95.8245
96.3217
