93.51
92.7376
93.1916
92.8771
94.0418
93.6513
95.1733
93.6953
91.8522
93.7793
94.6824
95.7871
96.5295
93.9799
94.6334
95.4259
93.2041
94.6353
95.3066
95.547
95.8431
96.647
91.8334
92.6168
92.9946
93.8693
94.8235
93.4819
93.6497
95.146
96.3734
94.8722
94.5612
95.275
95.9281
96.7469
94.2114
93.8823
94.1298
94.8129
95.6992
93.1874
92.9814
92.4351
94.2877
94.9483
95.7002
95.5973
94.3254
94.6214
95.5305
96.5557
97.3581
94.3163
93.381
93.262
94.1349
95.9447
95.8289
94.3189
94.4909
95.0358
95.444
96.1475
96.711
91.121
92.9269
94.1177
94.4282
94.9799
95.2359
95.8028
96.6373
97.1851
97.6626
94.1081
92.8165
93.377
94.3281
94.991
95.9863
96.7763
92.4772
94.6593
96.0062
95.6988
94.8528
91.8183
93.953
94.7779
95.7692
95.1279
95.4964
96.2409
96.4753
97.2147
91.7021
91.2022
92.3738
93.4774
94.9052
96.2173
96.7804
95.7659
95.1795
96.6161
95.1034
92.6677
93.5942
92.7456
91.216
93.6969
