85.1105
85.6543
85.9363
83.6971
80.8896
82.7215
82.4627
83.4386
84.4954
85.6044
85.3787
85.6989
85.4781
86.5262
87.2844
87.3812
80.9728
80.7604
80.152
82.2981
83.8007
84.6176
85.7064
86.2406
84.0182
84.773
85.3944
81.5228
81.5015
82.2812
83.5106
84.4836
85.2376
86.1227
86.3341
86.2308
86.7959
84.4819
80.0785
81.7327
82.4744
83.8034
85.1637
85.1731
85.4388
85.4804
85.7415
86.3634
87.286
87.3828
80.9322
80.7591
81.5011
81.4043
83.3016
83.8987
84.705
84.9316
85.6349
86.2204
86.8393
87.2309
87.6437
88.0279
87.6097
81.0035
81.9069
82.4841
82.8551
83.7352
84.542
85.9833
87.2404
84.547
82.0405
83.0421
84.0531
84.7119
82.322
83.4846
84.4562
83.8179
84.8383
85.4901
86.362
86.9834
82.9173
83.5513
84.4401
85.0256
85.9729
82.7722
81.5481
81.8727
82.1035
84.4494
85.2766
83.9492
84.6431
85.6249
84.4982
82.5202
83.8863
83.7485
83.4762
85.2754
84.5037
84.9985
85.848
85.0504
84.275
83.2977
84.1727
84.786
82.1692
82.0124
82.6816
83.8774
85.1047
85.7877
86.2521
86.5676
87.4357
83.0342
82.072
82.4866
83.6813
84.4408
