95.5936
96.2546
97.2165
97.4431
92.7109
93.1901
93.4111
94.0451
95.2956
96.1864
96.8239
96.6806
92.9488
95.1363
95.5363
93.4288
93.4958
94.1248
94.4591
95.3755
96.1322
96.9073
95.1011
94.5842
92.5239
93.5387
94.5004
95.1832
95.4484
91.0575
92.832
94.763
95.5043
94.555
94.197
94.7528
95.1093
95.8012
97.1461
96.452
94.7114
95.0046
95.9848
93.7243
94.1111
93.5466
94.4449
95.6818
95.6363
96.1194
95.1709
94.1298
95.3363
95.674
94.2633
95.9274
96.81
97.3791
93.5332
95.2065
95.3609
95.9125
96.5098
93.2099
92.9444
94.1782
94.6986
94.816
96.157
96.6928
96.8351
95.1947
95.8706
94.6452
93.6289
94.8054
96.1039
96.6481
91.4427
95.2419
95.2288
95.1819
94.7127
95.9804
95.1415
94.4981
95.5902
95.4797
96.0146
96.5231
96.9033
94.4389
90.6522
93.9376
94.2368
95.014
95.4636
93.5739
93.9339
94.3453
95.9196
97.4676
90.7815
93.9981
94.9772
95.5636
95.149
95.2256
95.3764
96.0147
96.8457
95.8628
93.8786
94.1615
95.2786
94.1542
