92.8102
93.3956
94.0002
93.9694
89.4029
90.3174
90.8433
91.613
92.765
92.791
90.5245
92.0935
91.7798
92.7966
93.6175
90.3897
91.5808
92.5039
93.5064
90.4225
90.9589
91.0428
92.1936
92.4893
93.2052
93.4437
94.0691
91.7235
91.4608
90.3875
90.8285
91.505
92.1645
93.0375
93.5137
93.7441
94.3403
92.1073
90.162
90.705
91.373
91.8218
92.2263
90.3103
90.3552
91.53
92.6847
92.9742
94.0709
94.3436
95.0979
91.6225
89.6293
89.6414
90.6618
91.0666
91.1119
92.1891
92.8253
94.1538
95.0854
91.1829
92.0949
92.8221
93.8023
91.5451
92.5806
92.9039
93.6287
93.2264
92.9261
92.1551
91.5032
92.1871
90.7961
91.5726
92.1903
92.9706
92.7728
91.7099
91.2601
91.3066
91.935
92.3261
92.9763
93.6872
93.8101
90.081
91.6773
89.6891
92.3307
91.0308
91.6903
92.52
93.3182
94.4099
94.8254
95.0232
92.0004
90.7572
90.5743
91.631
89.3226
91.4449
92.997
93.6057
94.3814
94.3144
94.6295
94.2967
88.6963
89.6226
90.9433
91.0441
92.2097
92.9163
