84.9913
85.0362
85.2007
79.6966
79.3513
80.6786
79.9626
81.8128
82.8067
83.2478
83.6166
83.7042
81.7997
80.3284
80.2448
81.1746
81.6193
82.1797
82.2168
82.5633
82.2256
82.2274
83.9664
84.9083
85.4509
85.6441
79.5922
79.7389
80.9479
80.7095
79.7516
82.4223
83.6988
84.1561
84.3982
84.8458
83.5381
82.1207
79.9787
79.9538
80.8457
82.067
83.1924
83.6671
83.4042
81.1554
84.2609
85.0466
85.6621
85.6776
76.1426
79.8764
80.5817
81.3509
82.9026
83.7307
82.9004
83.1094
83.7057
84.2472
82.2259
79.4396
79.682
80.6862
81.4044
82.9569
83.6722
84.426
84.4748
83.8499
81.0257
79.3926
79.8015
80.5073
80.5506
81.2575
79.8922
81.7315
82.1626
82.2105
83.8817
84.7941
85.3115
79.3905
78.9863
79.6129
79.6918
80.271
80.4327
81.0871
82.5664
83.0566
83.7164
84.6427
83.5344
82.2193
80.9566
80.8918
82.4678
82.9445
83.6952
82.1301
82.7262
83.0255
82.1062
82.7149
82.0998
81.4326
81.7922
82.4291
83.8522
84.2267
82.0939
81.675
81.026
81.897
80.7789
80.8949
80.9927
81.4729
81.5597
82.1326
82.5841
