73.8678
74.2876
75.3573
74.9276
69.4174
70.6699
72.1973
73.3289
73.9945
74.9348
74.3016
74.5745
74.2282
75.1641
75.9071
71.5554
68.9912
71.8104
72.7747
73.8499
72.8406
73.9151
73.0253
73.3499
74.1239
75.4555
76.0499
76.5143
72.1554
71.652
71.7272
71.2363
72.5323
71.6374
72.5805
73.7573
73.8615
74.4337
75.0865
75.3688
76.2445
76.2036
76.5202
70.544
72.103
71.6231
70.2263
72.8282
74.213
74.8544
73.3494
72.6433
73.4853
74.2037
74.9442
75.3813
73.6016
71.5913
70.9621
72.6957
72.973
73.8145
74.6881
75.0375
73.1496
73.0553
72.397
72.6193
71.9757
72.0812
73.0123
74.1886
74.7949
71.3538
73.5671
74.2042
73.9067
73.2948
73.5814
74.0256
74.9159
75.5771
74.1725
73.6951
73.0926
72.3831
73.6752
71.7502
71.9328
72.9417
72.8539
73.0412
74.0563
73.7382
73.1305
74.1713
74.7864
75.7676
73.8228
72.525
72.4159
73.6133
74.6942
72.9919
72.9234
73.8841
74.5917
74.5335
71.9818
72.8753
73.697
74.2351
73.2593
