85.8056
82.6486
85.2677
85.7773
85.0614
85.9202
86.4558
87.2529
88.0398
88.4186
86.0245
84.0772
84.552
83.6044
84.93
85.6151
86.4672
87.0371
86.687
86.9908
88.8377
90.3474
93.3608
85.5427
87.5072
88.5462
89.3502
89.8853
88.5785
89.8942
90.5519
90.8515
91.5065
90.4551
90.8084
91.391
87.4737
87.3417
87.5276
88.8512
89.4268
90.0046
90.6155
91.5837
92.1615
86.8531
86.9614
87.2285
87.7812
87.692
88.5967
89.7153
91.4885
91.031
90.3782
90.6997
91.3607
92.1103
92.1075
92.2342
87.1522
85.7806
88.1191
88.371
88.9731
89.5794
90.0572
88.4558
89.2371
90.0609
90.7334
89.9954
89.7715
90.6112
90.5457
90.9961
89.77
89.9424
87.0898
88.2679
89.077
90.5091
91.3284
88.4238
90.0874
90.809
91.1057
92.0461
87.5044
87.893
89.274
90.4212
89.4863
89.2232
89.735
89.1103
89.7636
90.4401
90.7685
91.4617
86.1629
87.2023
88.4648
89.7711
91.155
91.6804
89.6704
90.2664
90.099
90.255
88.0035
87.3623
88.4051
89.4235
90.5672
91.3343
91.8134
91.0818
88.2234
88.2429
87.9654
