30.5433
22.0848
24.4671
27.1301
28.2954
26.8185
25.0763
21.5584
23.9075
25.4524
26.8559
24.6969
26.1267
20.3022
24.0948
23.9186
26.7202
28.2874
27.8756
25.4489
19.7312
24.7951
27.4955
28.3993
23.7934
25.3736
23.8971
23.974
24.1436
26.6733
28.3881
22.3103
25.1574
26.4623
25.2492
26.0167
27.1103
27.9516
29.1575
24.2577
26.6781
28.5381
27.0496
27.1823
22.537
23.1498
25.2066
27.5644
26.0204
26.3355
26.5953
25.2043
24.3968
25.777
27.9061
26.2063
26.5956
27.6945
26.0535
24.2716
27.2886
27.4069
28.2908
23.2661
25.8356
24.9945
26.4417
27.9735
25.8048
26.4157
