27.7546
29.6398
22.6735
24.5546
26.623
24.8825
25.3608
23.0651
22.4089
23.3712
26.2557
27.5133
24.8836
25.4974
27.8371
24.1376
24.5311
25.5251
24.8303
26.9862
27.7476
25.6792
19.2316
25.2338
26.9163
27.9233
25.5165
27.7332
23.1648
22.5513
26.0281
29.1341
22.5107
26.2803
24.8544
26.0095
28.1139
27.2224
26.3441
26.1007
25.0833
25.614
28.2729
27.3845
25.4815
24.3216
23.4634
25.0724
26.6707
27.5018
27.8746
28.7724
29.6301
21.2693
21.8988
26.3741
27.2393
26.9238
28.401
30.1063
21.7108
23.817
27.18
28.1673
26.9004
29.2271
22.3932
25.6013
27.2914
