23.5439
27.6634
27.9769
29.2029
21.7779
24.5557
27.899
25.5635
26.8086
27.3494
23.0705
23.9334
24.7849
26.2199
27.1888
28.1937
29.9489
24.2578
25.1886
24.8279
26.7929
27.1572
25.2438
22.1468
23.42
23.4803
24.342
25.1571
26.4191
26.9534
22.2721
23.5638
24.8156
27.4317
28.7108
29.1913
23.6665
23.8857
24.267
26.8898
27.4724
21.9681
27.3169
24.4083
26.8927
25.459
23.263
26.0701
28.6711
29.1454
22.6939
23.4854
23.6019
25.512
26.7421
26.4274
28.2075
25.3139
26.1388
27.7974
26.6823
25.33
27.247
28.5059
28.8076
25.3055
23.8716
24.1776
26.0208
26.2503
