29.2693
20.7996
23.6005
24.608
27.1354
27.2069
26.2354
24.9876
22.9875
24.2239
25.0958
26.5129
25.5665
22.3353
22.7072
19.2468
22.2019
24.6879
26.369
26.4898
28.1271
29.4218
22.6522
24.2163
25.7447
27.0656
27.9413
29.73
22.4048
24.2224
28.2695
25.5491
26.3174
29.0753
30.5403
19.2578
24.699
26.9255
29.2818
26.6422
26.1937
27.8805
26.6028
25.1494
23.0033
25.3952
25.1887
27.7187
28.1618
24.0166
24.1789
24.349
25.5995
26.9285
29.0766
24.8515
21.9635
23.0987
24.4632
26.4644
28.4329
29.4771
19.5297
23.678
25.4131
28.6014
26.9748
27.4386
26.5459
25.5779
