26.2014
24.2474
24.3329
25.6439
28.0251
29.2358
26.6549
24.1716
24.4287
25.6027
27.4677
26.8585
24.3068
24.2334
25.3511
27.3796
23.6266
23.8503
25.3662
27.4298
28.2951
25.2288
26.6642
28.7365
25.145
21.9789
26.4008
29.6613
25.2423
25.8809
25.6718
25.3171
26.1781
27.4032
22.4527
21.831
25.9544
26.7643
26.3425
28.2758
24.5963
24.2071
25.0654
27.0015
26.9064
26.7595
29.7474
21.0794
24.902
27.3184
24.9258
22.7044
25.6187
20.6405
24.1294
26.2865
25.9519
26.1704
28.1399
29.5137
26.9305
28.6495
22.7695
22.8473
24.7236
28.4526
29.431
26.0158
27.957
29.8065
24.2428
