24.5842
26.6901
28.4947
27.6989
29.4531
30.6797
22.2692
23.8223
24.1748
26.3181
26.6022
27.1272
24.7483
23.4434
25.6941
28.5548
23.9459
29.6417
30.5539
21.1039
23.2107
25.5105
26.8438
25.4824
25.727
24.4655
25.797
27.9929
20.351
25.4819
28.4167
24.3409
23.9467
26.7885
27.0272
27.4048
25.8555
23.3871
24.0065
26.5261
24.0017
26.4225
25.5573
27.8924
28.9297
25.0218
26.4083
28.7893
25.2917
25.5931
26.3177
26.8026
27.5494
28.2734
24.9465
23.9765
24.8106
26.6858
27.3299
26.4182
28.4931
24.228
24.898
25.0692
28.7012
28.4163
26.3476
24.6342
19.9388
23.3147
26.2412
