25.0637
24.6002
26.5491
27.6075
22.9681
24.7482
25.7481
24.9553
27.1716
28.6925
22.6755
24.8063
25.162
26.2071
26.7725
27.6112
25.1238
24.5364
19.2242
22.9973
25.4611
28.1874
25.7122
27.3936
29.4401
24.084
24.9212
26.4898
28.7025
25.9784
26.5221
28.9246
22.3795
25.3944
28.3521
29.6512
25.1203
26.7946
28.6265
19.0475
24.4287
27.2216
26.1625
26.2951
28.0683
24.8889
25.4293
28.2354
27.2608
27.6684
28.458
21.8433
20.245
24.4725
26.965
26.0294
23.3345
20.7943
24.3466
26.124
26.8278
27.0085
28.1468
21.61
22.9352
26.4446
24.7754
25.6633
