25.7467
27.7712
25.3326
23.6652
25.4519
26.5705
20.8859
25.7238
25.0789
27.1379
28.6946
25.1456
24.8053
24.8396
23.9386
24.3809
26.2334
26.3834
23.9727
25.3453
28.2287
29.3608
26.3928
25.171
25.2852
27.7769
29.5109
24.78
25.4791
28.1777
24.4459
25.0813
27.3012
28.3724
28.9632
24.2791
26.5764
29.1784
23.6671
25.6077
28.1438
24.8884
24.3314
26.9437
26.1977
27.2351
27.1815
25.6779
24.3029
27.18
29.0064
20.771
26.6255
25.3338
25.4282
26.7707
27.7312
26.1473
25.256
22.6372
24.5504
24.6528
27.2328
28.745
29.1888
24.8054
25.064
26.9618
27.0671
23.8065
