20.8634
26.1255
26.8767
26.3713
27.9084
25.9269
24.8277
25.3186
25.9696
26.4221
26.7158
28.4649
23.5729
24.0973
24.7007
27.5375
25.5646
26.3788
26.7555
25.7305
27.4342
29.0968
25.6268
23.0579
24.5844
22.88
24.9478
27.8333
25.2638
25.9499
25.4563
26.0835
28.6639
24.4318
25.2665
27.7112
24.4621
24.3838
26.0042
25.9398
25.666
28.5377
29.9607
25.9713
27.671
29.4888
23.9635
24.3028
27.6191
29.092
24.215
26.619
23.11
23.8124
25.4987
25.3007
22.4982
26.8271
24.9423
25.9571
27.7085
27.6651
26.3222
25.1775
26.2601
26.7003
28.4078
23.6684
25.1977
26.0655
