26.1404
22.219
25.678
27.7036
29.3889
24.839
25.3285
26.8431
24.571
27.0358
26.9962
25.9688
26.8172
29.2305
30.2089
21.6211
23.9903
22.2854
23.8251
25.8416
28.1263
28.6618
24.3969
26.8988
28.4739
23.5956
25.3382
27.008
26.3738
25.5222
23.9483
25.9517
24.6914
25.781
28.8448
26.8629
26.8847
29.1949
24.9015
23.0324
23.6755
24.5674
26.5097
26.8305
27.1311
25.3219
27.2949
23.0591
25.6295
27.5372
26.9254
21.188
23.7897
26.4304
26.9878
27.9685
29.2019
22.6866
22.2936
24.5517
28.0733
26.4628
26.9321
25.8243
21.6354
24.7911
26.8369
22.2529
