27.3281
29.955
24.8195
26.9123
28.7525
29.9103
24.2716
24.1849
26.5168
27.153
28.5007
24.2361
23.1259
23.6393
25.4619
26.0492
27.1429
28.4523
23.9963
24.3281
26.8269
27.027
27.2794
26.7229
23.7957
25.1915
23.6514
23.7251
24.3956
25.1955
26.0463
24.7061
27.6032
25.0883
26.2598
25.2593
25.5757
26.7408
29.1382
25.2139
24.6115
26.8491
23.5555
24.139
26.5317
25.6873
25.2859
25.8922
27.3682
28.4285
24.9668
24.1602
27.5157
23.9492
26.2716
26.7447
26.3505
27.0079
26.6512
21.4203
25.6154
26.758
26.2434
25.5914
27.8352
29.5673
