26.7506
28.5038
28.6347
23.0883
25.4948
23.3287
24.2895
26.1648
27.6612
24.4659
26.6358
29.1151
30.2979
26.4736
25.8604
24.439
26.0522
27.7523
21.3164
23.2516
24.6849
24.5748
26.6657
25.7475
24.7143
26.213
28.8093
21.9393
23.7476
24.6442
25.5615
27.3317
26.8095
26.4742
28.0293
23.6748
25.7722
27.8452
30.1582
26.2329
26.6566
28.4015
21.9718
23.5282
24.5882
27.3532
23.8288
26.2167
29.8243
19.4712
25.0069
26.0398
26.1778
27.6094
28.2944
26.5534
24.95
25.6055
27.7154
28.9572
30.7148
22.7831
24.7193
27.0736
24.564
24.8554
27.0029
26.1283
24.6589
23.8382
23.9327
25.011
26.7459
