22.2659
25.6281
27.6503
28.6052
25.6358
27.5359
29.2405
22.6441
24.1379
25.3325
25.4054
27.1156
23.8162
25.636
28.0022
23.1611
26.5856
28.146
24.2782
23.6975
25.2942
28.1804
28.441
22.9415
23.9597
26.0168
25.7195
26.8718
25.4064
24.8969
27.471
24.9272
24.6385
25.1805
27.1331
27.0818
27.2188
29.2449
20.9672
23.2639
25.6585
26.4979
27.6339
25.3227
23.8823
26.1421
27.4348
28.1861
30.0896
24.7541
23.4546
25.6005
25.9608
26.2818
26.4481
25.788
22.7469
25.0368
25.513
26.281
26.9451
24.6799
22.1587
23.2506
25.2745
25.57
