25.6055
27.9936
21.3602
25.2715
24.6711
26.1581
25.476
27.5492
24.4196
25.2149
27.2259
28.1261
23.8146
23.7181
25.3526
23.9614
26.4079
28.2639
24.2547
25.5626
25.5453
24.6492
25.0325
27.3184
25.143
24.6111
27.9646
25.1169
26.0218
26.0058
25.5789
25.402
27.1883
24.98
24.6528
26.2847
29.2009
25.3488
26.7104
24.5609
25.296
26.4157
26.4478
26.4782
24.6587
24.8618
25.2988
24.6174
26.3612
27.8979
27.218
28.0421
24.3832
24.9452
26.6544
28.2305
29.3463
24.4143
25.5739
27.2685
24.1669
26.2279
27.1662
26.9802
26.4019
28.3518
25.1842
24.9475
27.5619
24.8101
