27.1182
28.047
27.5795
29.4418
23.4607
23.6927
25.224
26.7543
26.9563
27.7914
29.7163
30.6712
23.3502
24.094
27.5266
27.8345
27.4776
24.9852
23.5591
24.9239
27.4092
25.0215
24.895
21.959
22.8937
24.458
26.9193
23.7561
25.8697
26.3612
29.7204
21.6468
24.5736
27.3751
26.4503
20.7292
23.3365
23.1161
24.5241
26.2168
28.0356
24.7958
24.3059
24.6454
25.1116
25.5216
27.4435
24.5761
24.491
27.4261
29.625
25.1774
25.9224
28.9735
25.37
26.6711
26.7095
25.8865
27.3024
26.7226
23.1671
23.6693
26.6479
21.5
24.7315
27.8905
23.6151
25.1503
27.707
29.7418
23.8881
25.6519
