24.4948
25.787
27.777
29.2332
23.96
24.8293
24.6333
24.5195
25.6196
28.4059
28.4368
24.7305
26.1823
25.0238
26.2297
28.8178
22.4666
25.172
26.9621
29.9226
25.991
25.9961
24.6773
24.5132
25.5944
27.3945
23.2563
23.5488
24.9975
25.1227
26.4789
25.6441
25.0264
27.2124
29.6859
21.2958
21.2778
26.5249
27.1537
27.6724
26.5243
27.0684
28.5709
24.7865
26.1813
28.8455
26.8417
24.8044
27.118
28.4831
22.4448
24.3509
27.6891
25.36
25.3115
28.3184
29.8532
25.3382
26.8816
27.1703
27.7384
27.2995
24.6077
24.9776
25.8731
27.0346
28.3353
30.4167
23.0676
24.9157
27.2899
25.471
