27.7359
30.1401
25.1275
26.3507
27.6439
23.6971
23.5792
25.0132
27.7478
29.9205
25.0838
27.1694
28.8601
29.8425
23.0896
25.8576
25.4814
26.6131
27.5717
23.6161
23.6389
23.4896
23.8315
26.3645
26.8437
28.0028
28.6953
24.4009
24.4188
26.4017
26.8894
27.4353
28.5631
26.0211
24.4968
27.1084
23.8829
24.8756
25.0854
25.7282
24.5298
27.5558
25.0971
25.3354
26.3603
25.2747
25.5613
27.1705
29.6726
26.4155
25.8489
27.8799
24.0895
25.2747
28.368
25.8447
25.8548
27.8296
28.1643
28.9114
23.6395
24.9166
27.7667
27.4227
22.9445
26.1032
26.7635
28.0319
19.719
22.1327
26.2612
27.6311
25.5276
