23.7795
24.7191
25.463
27.1389
26.7138
28.4868
22.0579
23.5084
24.9135
25.5128
25.1645
25.01
22.1828
23.1001
21.3658
23.4425
26.3676
27.8546
25.0714
24.9645
27.2478
20.2664
24.7842
25.4979
25.8095
27.08
24.3019
25.6619
21.8458
24.1355
26.0238
27.7675
24.8372
27.3902
23.1794
24.9787
26.6139
29.0857
24.9821
25.3491
24.3452
25.8633
28.0308
27.3828
24.9387
25.0555
26.6014
28.7981
27.3788
25.5473
24.4178
23.7129
24.4
26.9528
27.6263
28.3138
30.3554
22.9424
23.4748
26.4319
27.1709
27.5452
29.3429
22.338
22.4313
24.5332
28.2198
27.5612
27.181
29.214
22.2582
24.0344
