62.7347
63.7346
62.6303
62.5655
62.7065
61.6302
62.9647
63.6208
64.0712
64.6361
65.088
65.4319
63.323
63.3934
63.6585
64.1461
64.5606
64.9565
65.2939
61.8197
61.2718
62.7621
62.7933
63.0591
62.9905
63.1409
62.3665
61.9947
63.2637
63.9792
64.2653
64.4569
64.5638
64.7659
63.1836
61.4179
61.7041
61.9477
62.1221
62.3932
62.603
62.9944
63.4599
63.7433
61.2229
63.1763
63.7524
64.2062
64.5912
64.8498
65.3213
62.2077
60.938
61.6968
62.3627
62.6425
63.1502
63.868
64.0047
64.4042
63.5196
64.1408
63.8596
63.0456
59.6422
60.7943
61.0742
61.185
61.5508
62.1018
62.2612
62.7799
61.9205
62.145
61.9315
62.9486
63.2303
64.0338
64.427
64.8912
61.1388
63.0385
61.9638
63.2085
63.7809
63.6662
64.2046
64.5656
62.1834
62.4323
63.1937
63.6126
64.1231
64.8021
65.2078
63.1319
62.965
63.9794
64.2953
64.5657
65.1311
65.4745
60.5609
62.4742
62.8722
63.4128
64.3009
64.0125
62.8792
63.2984
63.9404
64.1347
64.4811
64.9494
62.2223
61.832
62.1281
62.8283
63.5344
64.3895
64.6741
64.7211
65.2317
65.5322
63.2319
63.7192
61.9908
61.6887
62.1707
62.2891
61.6324
61.7568
62.2451
62.8574
63.3377
63.6259
63.9042
64.4092
63.1307
62.4083
61.2317
62.267
