60.9582
61.1892
61.7295
61.8867
62.1724
59.2652
59.2715
57.3042
58.4125
58.3933
58.6941
59.1952
59.4459
59.6443
58.4226
58.4509
59.4577
59.1371
58.3958
59.8585
59.8016
58.175
59.5641
60.1169
60.1097
59.4111
60.552
60.6804
60.6004
61.7046
61.5194
62.0374
59.3836
58.9088
59.0421
59.5275
59.852
60.6078
60.9952
59.6957
60.3499
60.5017
61.2439
61.7633
62.0532
62.53
62.7261
62.1816
58.5353
58.7549
59.221
59.4898
60.1463
60.5269
60.9578
61.0865
59.4882
59.6416
59.7562
60.8135
60.3062
60.6529
61.2295
61.3896
58.1329
58.5734
59.1482
59.5651
60.0238
59.2734
59.1072
59.9163
60.8711
60.3087
60.4234
61.0482
61.4117
61.6831
59.2637
59.0286
58.9413
59.6159
60.4174
60.884
59.7944
59.9096
60.3281
60.2709
60.395
60.6936
60.7347
61.0542
60.891
60.7961
61.0717
61.5722
61.7196
59.2822
58.6167
58.7944
58.1205
58.628
59.2266
59.7578
60.0345
60.1262
59.9933
60.7618
60.2491
60.5438
60.8232
61.2358
61.4732
62.0092
59.0383
58.9607
59.5859
58.5252
60.0384
60.311
60.7409
61.1884
59.4048
60.6012
60.8292
61.0271
61.6008
62.0371
62.4192
59.4509
59.5603
60.1681
60.8544
61.4806
61.7598
59.1754
58.7874
59.4486
59.2406
61.1103
60.1225
59.7217
59.9357
59.8443
60.267
60.4076
60.7392
61.1985
61.449
58.7015
59.6571
60.2231
59.608
59.417
58.0586
58.456
59.134
58.822
