52.6524
52.5838
51.11
52.0219
52.6585
53.1492
53.1729
53.7982
51.7236
51.4146
51.1036
50.1909
51.6873
51.3545
52.0633
52.6935
52.8904
53.0378
52.1285
52.168
52.0612
52.9695
50.5997
51.4296
51.8543
51.0931
51.0477
50.6436
52.0211
51.5553
50.6035
51.0447
51.8024
52.1768
52.8392
51.3048
51.6072
52.1521
52.4513
52.9709
53.6388
52.4439
51.7199
52.0334
52.1616
52.5637
51.7974
52.468
52.6751
53.0539
53.4694
53.683
49.4907
51.6012
52.0097
52.7027
53.2249
51.2633
51.4845
51.7694
52.5442
51.5285
51.8965
53.25
53.0321
51.7475
50.9434
49.913
49.3353
50.7744
50.9607
51.3203
51.6049
52.4138
52.7726
53.4348
53.7414
54.1124
54.4743
54.528
54.8283
54.9405
54.9679
49.8772
50.3572
49.9024
50.7176
51.2571
51.6638
52.1006
51.6668
51.7226
52.1706
52.4567
53.713
53.9265
51.6649
50.7274
50.1833
50.401
50.6364
51.3569
51.525
52.2277
52.2338
52.6591
52.4358
53.0601
53.3347
53.8559
54.0655
50.3914
50.2412
50.5262
49.3211
49.3634
51.163
51.1666
51.8807
51.9679
52.3159
52.8022
52.6775
52.978
53.1282
53.2068
51.5944
51.7667
50.7007
50.8311
51.8059
52.1771
52.3231
52.8468
53.2899
53.6579
53.9998
50.6831
52.0458
52.2037
52.5849
53.1127
