52.3226
52.8187
53.2647
53.5675
51.25
50.6012
50.5803
50.8847
50.3194
51.3463
51.3814
51.6233
52.0595
52.5417
52.9799
50.2446
50.9287
50.6795
50.3705
50.5061
50.0473
50.2544
50.7499
51.3291
51.8443
52.2722
50.7584
52.3153
52.2779
52.3252
52.8494
53.232
53.3044
49.5236
50.0625
50.0436
49.7362
50.7833
51.0771
51.8999
52.1626
52.5218
52.88
53.3147
53.8204
51.9701
50.3758
50.9682
51.4138
51.8693
52.1622
52.6632
50.6248
51.0398
51.584
51.8419
52.3541
52.8208
53.2927
50.6774
49.6555
49.8859
49.7741
51.6787
51.7196
50.7511
51.2526
51.5549
51.8055
51.9972
52.3267
51.5939
50.3511
49.0492
49.1737
49.4823
49.8489
49.9324
50.4775
50.8625
51.2976
52.3101
52.8065
51.9943
50.1732
51.8771
52.1718
52.5817
52.8111
53.2151
50.5742
51.201
51.9587
52.0899
52.4867
52.8899
51.3897
50.5209
50.7843
51.2883
51.9086
52.1875
52.8085
51.4436
52.2006
52.6961
52.8957
53.2226
52.0541
51.0024
50.351
51.0382
51.5591
52.0217
52.5643
52.041
50.7388
51.1379
51.662
52.4516
50.9221
49.5073
50.1613
50.9895
51.3453
52.1336
52.715
53.0064
53.1213
51.084
50.7308
50.9901
52.7178
50.6115
50.8846
51.0188
51.7691
52.5571
52.5423
52.1808
51.6106
52.0743
52.2134
52.7084
