4
6
6
5
11
8
8
8
8
0
0
0
2
2
4
4
4
3
3
3
6
6
1
1
1
5
5
4
4
4
5
5
6
6
6
13
13
13
13
13
14
14
14
14
14
14
1
1
1
1
1
0
0
0
0
0
2
5
5
5
3
3
8
8
3
0
0
0
0
13
6
6
9
19
19
19
19
23
23
0
14
14
9
9
7
21
11
11
0
0
9
9
13
12
15
15
27
0
11
23
18
43
36
36
3
3
3
0
0
12
12
12
12
18
18
12
12
12
13
13
40
40
40
5
5
0
4
4
36
41
41
42
42
13
13
13
0
0
1
1
1
11
11
9
9
9
7
7
21
21
21
21
8
8
8
0
0
0
0
21
21
21
30
30
30
30
11
11
11
11
15
15
7
7
0
0
0
14
14
8
8
8
14
12
0
0
0
6
16
11
13
17
0
0
0
19
28
28
20
11
11
17
17
2
2
2
0
0
0
8
8
8
11
11
8
8
18
18
12
0
5
9
16
16
16
27
27
27
27
33
33
33
33
0
0
0
0
0
0
0
19
19
19
20
20
20
20
10
10
10
17
17
17
17
17
6
6
6
6
0
0
0
0
0
0
0
0
28
28
28
7
7
7
7
6
12
12
10
10
0
0
0
9
9
9
13
6
6
12
12
12
12
0
0
0
12
12
16
5
12
12
17
17
17
13
10
11
20
3
1
13
15
9
19
2
6
14
14
11
25
25
22
22
8
8
8
4
