32
7
0
0
0
0
0
0
0
0
0
32
32
33
33
33
0
0
0
0
0
0
0
15
15
15
0
0
0
0
0
0
0
0
16
16
16
33
33
20
20
20
20
0
0
0
0
0
0
0
0
0
0
0
0
0
0
0
0
0
0
0
0
0
0
0
0
0
0
0
0
0
0
0
0
0
0
0
0
0
0
0
0
0
0
0
0
15
0
0
0
15
33
12
12
0
0
0
0
0
0
30
37
37
37
8
8
8
0
0
16
16
16
0
0
0
0
0
0
0
0
14
14
0
0
0
0
0
0
7
7
7
31
31
31
31
36
36
36
36
36
3
3
3
3
0
0
0
0
0
0
0
0
0
0
0
0
0
0
0
0
0
0
0
0
0
0
0
12
12
32
17
17
0
1
13
0
0
24
33
13
9
9
0
0
8
21
41
40
0
15
18
18
53
53
16
16
7
7
7
7
1
7
7
7
7
3
3
3
2
15
15
12
12
12
3
3
17
1
1
1
11
11
16
16
16
16
6
6
6
6
0
0
0
0
0
0
1
1
1
0
0
4
4
4
0
2
1
1
0
1
1
0
0
0
3
3
0
0
0
2
7
10
13
13
3
6
11
11
11
12
17
17
17
6
13
9
11
11
0
0
0
0
4
4
4
0
0
9
9
22
19
17
17
17
29
29
29
1
1
1
2
2
2
2
0
0
0
0
0
11
32
32
23
23
22
22
2
2
0
0
0
0
0
0
2
2
13
16
16
16
16
16
0
0
0
