5
5
5
0
6
6
12
12
8
8
5
5
5
14
14
14
14
9
9
9
9
0
0
0
0
0
1
1
1
1
1
1
7
7
7
7
7
6
6
6
6
5
5
5
5
13
13
13
13
8
8
8
18
18
18
18
19
19
19
18
8
8
8
11
11
7
10
10
1
12
12
12
12
5
17
16
16
0
0
7
7
14
25
19
8
16
5
4
8
6
3
0
0
10
5
6
0
12
18
18
0
0
9
9
9
9
20
20
20
0
0
0
0
0
0
0
0
0
0
0
0
0
0
0
0
9
9
9
0
0
0
0
0
0
0
0
0
0
0
0
0
0
0
0
12
12
3
0
0
11
11
41
41
41
41
26
26
26
26
1
1
0
0
0
0
0
0
0
0
0
13
37
37
29
0
0
0
0
0
16
17
0
0
0
16
21
21
48
48
48
48
0
0
0
0
0
0
0
0
0
0
0
0
0
0
0
0
0
0
0
0
5
5
48
44
44
43
16
1
1
0
0
14
0
0
0
0
0
3
0
0
0
26
26
45
45
0
0
0
0
0
0
0
0
0
0
0
7
0
1
0
0
0
14
0
0
0
19
23
32
32
25
25
0
0
16
16
16
0
0
0
0
3
3
44
44
44
44
14
14
14
14
14
0
0
0
0
0
0
0
0
0
0
0
0
0
0
0
0
0
0
0
0
0
0
0
0
0
0
0
0
0
0
14
17
17
0
0
0
0
1
34
34
42
42
26
26
4
4
8
8
8
0
0
0
14
14
14
0
0
0
0
0
15
41
41
4
0
0
0
0
16
16
4
11
11
0
0
0
0
19
19
19
19
41
41
41
41
6
6
6
6
6
10
10
10
10
10
0
0
0
0
0
0
0
0
0
0
0
0
0
0
0
0
0
0
0
3
0
0
22
27
19
19
0
0
0
16
16
0
0
11
27
30
8
8
0
0
0
0
0
0
0
0
0
11
0
0
0
0
12
12
12
32
32
32
0
0
0
0
0
0
0
0
0
0
0
0
0
0
0
0
0
0
0
0
0
0
0
0
0
0
0
0
0
0
0
0
0
0
0
0
0
0
0
0
0
0
0
0
0
0
0
0
0
0
0
3
0
0
0
0
31
34
34
44
15
0
0
1
0
5
5
5
12
12
0
1
2
42
19
19
18
1
1
6
0
0
0
0
11
11
22
22
22
22
8
8
8
0
0
0
0
0
0
0
0
0
0
0
0
0
0
0
0
0
0
0
0
0
0
0
0
0
0
0
0
0
0
0
0
0
0
0
0
0
0
0
0
0
0
0
0
1
8
0
0
2
17
17
17
17
23
0
0
0
0
5
16
17
17
6
6
0
0
0
0
0
0
0
0
0
0
0
0
9
9
0
0
0
0
0
0
