0.292957
0.293867
0.294349
0.293119
0.294674
0.294643
0.29639
0.289034
0.290637
0.288527
0.292811
0.29046
0.292805
0.295065
0.295544
0.291006
0.292703
0.290118
0.291372
0.289301
0.290915
0.289188
0.29135
0.287075
0.285089
0.285025
0.285234
0.285411
0.28694
0.28794
0.287805
0.289299
0.289835
0.290777
0.290278
0.289579
0.29034
0.290142
0.290744
0.292374
0.29278
0.289008
0.288062
0.287803
0.288511
0.292003
0.293143
0.293898
0.293235
0.295644
0.296071
0.29632
0.295526
0.296087
0.297125
0.296809
0.289343
0.28463
0.286129
0.286122
0.286255
0.285822
0.288901
0.289219
0.289863
0.291164
0.291612
0.291643
0.291916
0.291683
0.292228
0.290718
0.290749
0.292058
0.291498
0.291852
0.288297
0.286595
0.288096
0.28817
0.291064
0.293826
0.295347
0.295908
0.295188
0.295959
0.296783
0.295835
0.297052
0.293715
0.292555
0.291981
0.291057
0.291259
0.289454
0.286827
0.283103
0.281076
0.284176
0.284686
0.283895
0.286257
0.286252
0.286898
0.285526
0.286922
0.286024
0.285382
0.286818
0.287264
0.285927
0.287011
0.286952
0.287051
0.289011
0.290461
0.291096
0.291432
0.2916
0.295906
0.297534
0.297961
0.297522
0.300125
0.300868
0.302154
0.302633
0.301538
0.302741
0.302505
0.302555
0.302365
0.302776
0.303179
0.300833
0.303407
0.302673
0.30334
0.295765
0.296006
0.29216
0.288785
0.28603
0.287361
0.286695
0.287221
0.287351
0.287264
0.287392
0.282628
0.282161
