0.288295
0.288637
0.288362
0.290629
0.291145
0.290818
0.290244
0.29018
0.292236
0.293689
0.295075
0.294449
0.294505
0.295995
0.296818
0.297118
0.297248
0.297483
0.297065
0.289936
0.288855
0.288169
0.289901
0.289054
0.290702
0.291599
0.291827
0.290805
0.291848
0.29116
0.292124
0.291662
0.290919
0.291864
0.2919
0.291493
0.291933
0.291961
0.286328
0.286174
0.284885
0.285607
0.285675
0.284957
0.288524
0.290968
0.292737
0.294659
0.295087
0.294968
0.295206
0.295069
0.296852
0.296522
0.294704
0.296789
0.297044
0.291594
0.29294
0.291237
0.289729
0.292791
0.292886
0.294025
0.294516
0.296099
0.29235
0.290953
0.291565
0.290795
0.288742
0.28928
0.289426
0.290185
0.28916
0.291426
0.290264
0.290302
0.28727
0.28675
0.286779
0.28672
0.289118
0.289152
0.289419
0.289968
0.287659
0.285263
0.286281
0.285229
0.28613
0.285907
0.286491
0.288561
0.289332
0.289529
0.288185
0.290375
0.290742
0.290301
0.291082
0.289812
0.29016
0.293973
0.295063
0.295681
0.295138
0.295029
0.295517
0.291863
0.292968
0.294212
0.29298
0.295101
0.29384
0.296011
0.295913
0.291582
0.289711
0.289413
0.290681
0.289064
0.286699
0.286362
