0.293567
0.295505
0.297298
0.297031
0.297102
0.301018
0.300991
0.301599
0.302838
0.299643
0.299134
0.298792
0.298623
0.297954
0.29326
0.29316
0.290171
0.288106
0.28846
0.288595
0.288488
0.288348
0.287007
0.287629
0.288086
0.287985
0.287402
0.288698
0.287821
0.286945
0.287186
0.287683
0.288658
0.288448
0.289584
0.289496
0.291731
0.291674
0.292776
0.293536
0.293793
0.294434
0.293769
0.294833
0.296274
0.297523
0.298839
0.299426
0.298629
0.299018
0.298129
0.298792
0.299356
0.298802
0.299923
0.299332
0.299151
0.295235
0.292584
0.288661
0.288727
0.288333
0.288143
0.28765
0.290995
0.290506
0.292409
0.293334
0.293734
0.293249
0.294378
0.2935
0.294489
0.293652
0.293626
0.293465
0.294009
0.293546
0.293533
0.294157
0.294329
0.294038
0.29544
0.296611
0.300127
0.301203
0.301479
0.298689
0.299899
0.298455
0.29855
0.29949
0.299245
0.295933
0.294315
0.294347
0.293574
0.289419
0.289329
