0.251736
0.252574
0.252852
0.254718
0.25565
0.258664
0.258555
0.259693
0.259151
0.259999
0.260592
0.251953
0.251703
0.251732
0.251793
0.251376
0.251652
0.251795
0.251429
0.251715
0.251368
0.251633
0.247783
0.245984
0.246451
0.246541
0.246576
0.246614
0.246572
0.245504
0.246314
0.246487
0.246649
0.245551
0.246592
0.246517
0.246597
0.249719
0.251685
0.252313
0.252852
0.254713
0.255603
0.255365
0.256233
0.257054
0.256556
0.256701
0.259135
0.259437
0.259975
0.259479
0.253845
0.252097
0.253474
0.253044
0.253415
0.25213
0.253382
0.25351
0.253464
0.253115
0.253262
0.248434
0.247153
0.246556
0.247373
0.246991
0.247806
0.247769
0.247913
0.247602
0.24796
0.247925
0.24738
0.247648
0.247653
0.246642
0.246743
0.24872
0.252812
0.253989
0.254937
0.25535
0.256864
0.257178
0.254678
0.251962
0.25237
0.255517
0.255493
0.256071
0.255783
0.257838
0.254382
0.252476
0.25279
0.253368
0.253262
0.253113
0.252281
0.253288
0.252451
0.248152
0.24748
0.246627
0.2472
0.247694
0.247229
0.247769
0.247843
0.249738
0.250562
0.251483
0.251815
0.251516
0.252477
0.252725
0.252723
0.25268
0.254965
0.255739
0.256375
0.256027
0.256674
0.254022
0.251239
0.2518
0.255337
0.256118
0.256176
0.257519
0.257862
0.258159
0.258239
0.254155
0.253528
0.253128
0.25244
0.252839
0.253321
0.253315
0.249487
0.247864
0.246823
0.246262
0.247395
0.24722
0.246695
0.247241
0.24831
0.250604
0.251094
0.251352
0.251209
0.253062
0.248441
0.247143
