0.295913
0.29628
0.296653
0.296662
0.291635
0.292017
0.291685
0.291721
0.292092
0.293052
0.293299
0.292762
0.293173
0.291809
0.289976
0.288473
0.287537
0.287125
0.28938
0.289928
0.290232
0.291588
0.29202
0.291664
0.292969
0.291937
0.292184
0.294428
0.295772
0.296439
0.294235
0.287881
0.285753
0.28794
0.286637
0.287143
0.287039
0.288057
0.28911
0.290979
0.291065
0.29204
0.292332
0.291827
0.292098
0.292657
0.292496
0.29307
0.29323
0.29228
0.292537
0.287347
0.287255
0.288048
0.287841
0.287639
0.290187
0.293072
0.293817
0.295438
0.2957
0.297512
0.297869
0.298639
0.298632
0.298735
0.296819
0.299029
0.298533
0.298714
0.298275
0.292048
0.288172
0.287842
0.28765
0.289214
0.289321
0.289586
0.291938
0.291309
0.292478
0.29239
0.292842
0.293334
0.292832
0.292141
0.29267
0.293255
0.293157
0.287268
0.288306
