0.289942
0.290562
0.290521
0.292259
0.294279
0.295622
0.296005
0.297176
0.296749
0.297732
0.29689
0.296428
0.300044
0.30056
0.301412
0.297765
0.296005
0.292933
0.290864
0.292052
0.29107
0.2915
0.291383
0.291876
0.291806
0.289744
0.286204
0.286262
0.286107
0.285732
0.285785
0.28678
0.28691
0.287152
0.286968
0.287066
0.286245
0.286577
0.286248
0.285893
0.286604
0.28562
0.288104
0.289982
0.290554
0.291955
0.294517
0.291895
0.292778
0.292506
0.29416
0.295196
0.294563
0.296978
0.296456
0.296718
0.2964
0.297684
0.291754
0.292116
0.29146
0.291133
0.291753
0.289599
0.291326
0.291521
0.291963
0.291186
0.29158
0.286745
0.290541
0.290612
0.29051
0.291847
0.292036
0.292052
0.292315
0.29186
0.292087
0.291973
0.291731
0.291229
0.292938
0.290635
0.289065
0.289086
0.290595
0.290849
0.290389
0.289578
0.290434
0.290702
0.290105
0.291034
0.293303
0.293753
0.294484
0.293609
0.295685
0.293753
0.295413
0.295899
0.296199
0.296291
0.295525
0.298592
0.299141
0.299045
0.300404
0.300516
0.3014
0.301352
0.301489
0.301036
0.300999
0.300168
0.29955
0.301268
0.300067
0.301685
0.301242
0.301348
0.301226
0.301334
0.301064
0.300954
0.301416
0.30122
0.301658
0.300973
0.301329
0.302028
0.301223
0.300874
0.299202
0.294079
0.292578
0.291207
0.287285
