0.300106
0.300725
0.30174
0.301386
0.298818
0.299916
0.29842
0.299053
0.299246
0.299235
0.295544
0.294656
0.293109
0.292746
0.290167
0.289081
0.288882
0.288822
0.288193
0.288709
0.288925
0.288937
0.288537
0.288615
0.283522
0.283926
0.283521
0.283745
0.283592
0.283737
0.285356
0.286882
0.286668
0.287139
0.288644
0.28814
0.288711
0.289039
0.290984
0.291438
0.292304
0.293361
0.295532
0.297129
0.297551
0.298489
0.297699
0.297732
0.298922
0.299255
0.302079
0.302878
0.299081
0.299258
0.297643
0.298133
0.294176
0.29464
0.293327
0.293138
0.293366
0.293145
0.29354
0.293474
0.290372
0.288071
0.288331
0.288017
0.289668
0.289353
0.288885
0.289762
0.287853
0.289633
0.288968
0.288738
0.291935
0.290692
0.293416
0.292809
0.294791
0.294469
0.295483
0.296773
0.296574
0.298241
0.29822
0.296612
0.299954
0.299118
0.296699
0.296302
0.297882
0.296904
0.298698
0.296975
0.297266
0.298353
0.299338
0.299156
0.296242
0.294353
0.292097
0.293971
0.290277
