0.293868
0.29311
0.294967
0.295741
0.298272
0.30012
0.300242
0.301639
0.298058
0.297899
0.297478
0.296876
0.297767
0.298447
0.297968
0.295153
0.290146
0.288201
0.28701
0.286923
0.287807
0.287802
0.286804
0.287297
0.28746
0.287663
0.287768
0.28791
0.287364
0.288138
0.288051
0.287523
0.28914
0.288075
0.289503
0.292026
0.292745
0.292608
0.293179
0.291908
0.297933
0.299563
0.300415
0.297973
0.29167
0.291498
0.291508
0.292578
0.293204
0.292594
0.291853
0.290981
0.292802
0.292903
0.292183
0.289804
0.287804
0.28748
0.287976
0.287154
0.287612
0.287437
0.287315
0.287244
0.287136
0.288452
0.292762
0.294257
0.294898
0.296824
0.296959
0.297552
0.297877
0.298466
0.298459
0.297957
0.298396
0.296511
0.300939
0.296938
0.29151
0.288759
0.288641
0.29091
0.290639
0.291291
0.292374
0.291676
0.292421
0.290978
0.293457
0.293732
0.292704
0.292819
0.292468
0.291729
0.291927
0.289947
0.289585
0.288064
0.287935
0.285188
0.287767
0.291399
0.293611
0.294428
0.295435
0.296014
0.294776
0.294471
0.296376
0.296486
0.295829
0.295832
0.295817
0.296165
0.296245
0.294823
0.294063
0.297755
0.298697
0.299789
0.300253
0.301072
0.301136
0.301397
0.301805
0.302165
0.297862
0.297548
0.290832
0.29091
0.290342
0.289722
0.289718
0.289881
0.290311
0.290462
0.290678
0.291104
0.289624
0.290057
0.290642
0.288964
0.290107
0.289117
0.289091
0.290074
0.291052
0.288941
0.288883
0.290034
0.291125
0.293957
0.294597
0.29594
0.297951
0.298415
0.299959
0.294386
0.294284
0.296292
0.293744
0.296187
0.297241
0.295781
0.296999
0.296919
0.297435
0.297139
0.296504
0.292763
0.291538
0.290066
