93.1156
92.6179
92.6998
93.4294
93.8561
93.7007
94.7034
95.6918
96.4464
97.4194
92.3493
92.1325
93.9767
95.0276
94.4145
94.43
94.3117
94.6643
95.763
96.5141
93.0805
91.9483
92.4149
92.9965
93.8142
94.3484
93.7296
94.0022
94.7201
95.4708
93.0595
92.9927
92.7018
93.2885
93.8868
95.5378
96.1975
96.7203
93.6991
93.3259
93.053
92.442
92.456
93.0051
94.4884
95.6141
96.1548
95.3879
94.1029
95.3667
96.1639
96.7416
91.068
91.7231
92.0532
93.1906
93.9094
94.5097
94.7662
95.2916
95.5234
92.2271
91.1995
92.1859
93.081
94.3106
95.2383
95.5861
96.2528
96.7138
94.8266
93.3565
94.3195
94.8398
89.3594
92.7235
93.0243
93.5176
94.3364
94.3938
95.2213
95.4542
96.5009
96.8878
91.7833
93.3266
92.0123
92.7318
93.2536
94.01
92.9989
93.9871
94.0304
92.9789
95.0507
94.7124
93.3069
93.1037
93.2589
94.4162
95.7868
96.5913
97.0309
92.2947
93.2281
92.6829
92.0269
92.2315
93.7978
94.1193
94.3431
