68.8617
69.6985
70.4012
70.9199
71.16
71.2587
69.7693
71.3018
71.4191
69.5516
69.1685
70.4951
71.5415
72.658
73.3088
73.2323
71.0773
70.4804
69.0541
69.2432
69.0481
69.6458
70.7458
71.6864
71.7213
72.5264
72.7819
71.7963
69.2944
68.9716
68.1411
68.9661
70.0543
70.6902
71.8129
70.9153
70.6531
71.7812
71.3822
71.3983
72.6264
72.8375
73.6171
73.9186
68.9166
67.5534
67.9639
68.4857
70.2738
70.5077
71.7513
71.3151
71.8128
72.6454
73.3229
71.9653
67.6163
68.1255
69.3208
70.4931
71.1191
70.0387
68.1639
71.6946
72.1098
72.8298
73.5484
74.4834
69.0114
69.9322
70.6472
71.8053
72.6654
70.737
70.3612
71.0385
71.4504
72.8706
73.6029
74.1452
68.463
69.0616
70.0652
71.2842
69.842
69.8976
70.5255
71.3974
71.0116
72.5694
72.3247
70.6451
69.1324
70.4223
70.875
71.815
72.0551
72.2486
69.7566
70.1283
71.4664
69.3157
69.1124
70.0837
71.0522
70.8209
71.4392
72.2482
73.3768
73.9604
68.9963
69.7114
69.5438
69.3549
70.2479
70.7239
71.4074
