80.4494
80.3001
80.4399
80.7529
81.836
82.189
82.5366
77.1614
78.0329
78.371
79.111
80.4992
81.0903
81.6496
82.4687
81.0248
82.2422
82.9038
83.0091
77.0208
76.8811
78.0966
78.6951
79.713
80.7248
81.2486
81.8432
82.3481
81.0362
80.3554
77.6676
77.4955
78.0181
79.1391
79.1799
79.7979
80.3115
79.4331
79.7167
76.945
77.9742
78.962
79.6607
80.4087
77.2785
79.7736
79.8877
79.7892
80.5972
80.3568
80.8779
81.5061
79.0312
79.3969
79.5623
80.3035
81.4123
76.5703
79.3211
79.9344
80.2963
80.6143
80.7019
81.2119
81.4978
81.9446
77.1667
79.3517
78.3712
78.8251
80.1815
80.7829
81.3496
81.99
80.0528
80.0666
80.8566
78.7648
77.5909
78.392
79.184
80.8705
82.0002
81.5221
79.5007
79.5914
79.9593
80.3797
80.8086
81.1589
77.8629
75.4469
78.0438
79.0193
79.9867
80.7666
80.5377
81.6152
81.6831
82.5161
83.1662
78.5775
77.3839
77.6587
79.2166
78.3073
79.912
80.6128
81.0781
