86.898
87.5546
83.5174
82.1078
82.8653
83.6833
84.514
84.1579
83.6088
84.6669
85.1587
85.7252
84.5284
83.9365
84.0236
83.0443
83.8821
84.5512
84.4582
84.0786
83.5788
82.9078
85.5454
84.076
83.4611
83.9813
84.5891
85.7949
86.5181
86.8155
83.93
85.1499
83.813
84.618
82.7537
79.7659
84.128
85.0541
83.6693
85.7695
86.9124
86.9189
84.2152
84.5261
84.9923
85.5175
86.3252
82.1909
82.6883
83.4568
84.7282
85.806
86.6219
84.3735
84.4069
84.9264
85.5391
85.3587
84.9127
84.6177
85.0174
85.8839
84.6754
84.3031
82.2054
82.9709
82.8802
83.0157
82.7785
82.8131
83.5379
84.6973
85.0842
86.3656
86.9227
83.8023
85.0649
85.8493
86.7946
82.9233
83.2718
82.0827
83.4558
84.0068
84.441
85.0158
85.9447
86.4737
86.7603
82.931
83.2071
82.1906
83.6037
83.2781
84.3674
86.3455
85.3202
85.5748
86.0341
87.0758
87.3921
81.1432
82.2826
80.9276
83.1888
83.911
85.37
86.0473
86.362
82.2078
84.9044
83.8837
82.3824
80.9905
81.0601
82.7194
83.7289
