93.4742
93.4821
94.3412
95.3938
96.1053
96.4975
92.8819
95.1076
92.7104
93.1886
93.4992
94.1634
94.4598
94.4572
95.4625
95.7885
95.9201
96.3624
97.327
98.313
98.1045
91.681
92.7175
93.4486
94.3162
95.5729
96.5472
94.8769
96.2755
96.1927
93.4987
92.784
93.7948
94.5886
93.0728
93.3751
93.0384
95.7148
96.0943
97.367
97.9745
91.2215
91.8067
92.9625
92.4135
93.6128
94.2329
94.9006
94.1008
96.4541
96.4858
94.9238
93.2135
93.8276
94.754
95.9084
95.0794
94.172
95.7206
96.3577
97.3211
97.7468
97.9678
91.4801
92.8907
94.0404
94.9958
93.7914
94.5514
95.6639
96.4694
97.4537
98.3501
92.7063
93.7499
94.5902
95.6835
97.174
94.4677
93.679
95.1308
94.5422
95.7326
93.2243
92.9115
93.3387
93.6106
94.4818
94.9581
93.1198
92.8908
94.0963
93.1081
93.7517
94.6162
94.7579
94.936
95.0575
95.5566
96.4213
97.4213
97.8824
96.5776
93.0445
92.1693
91.9956
92.1306
93.39
