94.3534
95.6543
96.8116
97.3632
97.6496
93.7611
93.8272
93.6878
93.4663
93.2037
93.4415
94.0513
94.6765
95.6515
96.4851
94.303
94.5504
94.6148
95.8058
97.0779
94.3773
93.2807
94.4405
95.8016
93.4263
92.7014
93.7885
94.0818
94.8314
95.5842
93.2114
92.6471
92.573
94.2277
95.2257
93.8216
94.5716
94.6813
94.9319
95.657
96.7633
96.8553
91.4171
93.2715
93.2578
93.5057
92.6649
93.5169
94.0177
93.44
92.0714
94.2902
94.2239
95.0383
95.7958
96.2264
93.5021
94.1173
94.2633
94.9233
95.5994
94.866
94.6523
95.3247
95.2458
96.1878
94.0046
93.8125
92.8205
93.8766
94.3153
94.0245
93.5627
94.5121
95.1627
96.7325
95.2972
94.043
94.7787
95.4224
96.2993
97.0213
92.2541
93.8614
93.5065
94.5393
95.2397
93.0455
93.6978
93.4468
93.5046
93.7052
94.6242
94.7503
94.6323
94.4942
95.593
96.6111
97.5035
92.6932
94.083
94.2417
94.4825
95.9301
95.8389
93.9395
94.7364
95.0466
95.9027
96.5288
91.7077
92.1083
90.8901
94.3188
94.432
