73.0881
74.1633
74.9946
75.6267
77.1455
77.8673
78.2453
78.6098
79.4556
77.1007
76.2992
72.5907
74.2759
75.4772
77.1043
77.6794
77.569
77.9059
78.6978
79.1381
79.9209
74.2633
74.2369
74.9706
75.961
77.2545
78.1469
78.3786
78.6934
78.198
78.4339
76.5114
74.6956
74.9029
75.5435
76.4883
77.2537
77.3997
78.2524
79.2666
76.5319
75.2603
74.0568
74.8547
75.4087
75.696
76.3034
77.2404
78.5848
79.127
75.3727
75.1695
74.2146
74.2951
75.883
75.9421
76.6609
76.9749
77.3846
77.5451
78.687
79.4381
79.8799
72.2613
75.0943
76.2934
77.0157
78.0577
78.9028
76.2941
76.3267
74.9182
77.9971
79.0147
79.6891
80.1167
74.9392
74.4508
76.0623
76.8787
75.6428
75.1738
76.1747
76.7431
77.9006
78.9378
78.1856
76.6217
75.2593
76.5081
75.4385
74.9063
76.5703
78.1612
78.8274
79.2402
79.8577
75.3253
76.1029
76.5745
77.2933
78.5822
76.0427
75.6795
76.3055
77.4115
78.7646
79.9631
80.412
77.9145
75.4629
75.8844
76.8611
75.2156
75.6401
