75.4692
74.412
75.7315
76.9329
76.044
74.3528
74.4181
75.2443
76.1944
76.7586
74.9017
74.3037
74.3716
74.9531
75.6474
74.9739
73.7933
74.3233
74.7104
75.1775
75.8589
73.495
72.9639
72.9084
73.5927
74.7861
75.642
76.6011
76.6752
76.8285
76.7982
77.9735
78.532
72.0767
72.6859
72.4658
72.3041
73.5496
74.1209
74.2703
75.4561
75.7871
77.1854
75.9208
75.7884
73.711
73.5282
74.4052
75.5694
76.4816
77.3621
76.4022
75.9471
77.2959
75.2214
71.7303
74.1343
74.7608
75.5363
76.6015
77.2691
76.1305
76.2303
75.0163
75.4008
75.6627
76.4059
77.374
77.4811
73.9181
75.0091
76.2647
74.7572
74.2751
75.6312
75.4352
75.4992
76.018
77.0045
77.5546
78.1283
74.6963
74.9794
75.5959
76.2507
77.0615
73.707
73.65
75.1139
74.3989
75.7571
77.0017
77.8616
78.2161
74.7329
76.5261
75.9854
73.9171
75.0766
75.3074
75.6724
76.9198
77.1915
77.619
77.5369
77.9516
78.631
72.1208
72.7583
73.2976
74.0773
