95.4089
96.2519
89.4949
91.4718
93.2266
94.6712
95.8923
95.4013
96.3096
97.9025
90.4386
92.404
92.8024
93.7727
95.2083
94.7514
96.607
92.1743
90.6341
92.7947
94.2408
95.8233
93.4947
93.6171
94.0967
96.0998
90.5133
90.3399
91.9521
94.7811
94.4315
95.2371
95.8953
94.8631
94.1307
91.2169
93.4241
94.6895
94.5926
95.0693
94.9821
94.0515
93.4891
93.1931
94.7949
96.4223
94.9632
94.9062
93.7132
93.4527
94.3492
95.4997
96.4722
92.8976
91.8235
94.2229
97.0151
97.844
91.7182
94.7621
91.9324
91.2439
92.4209
92.9795
94.4857
96.0467
93.8731
94.2433
94.3834
93.3048
93.1009
94.5273
95.8039
96.8964
97.5808
91.835
93.0612
92.234
91.8197
90.8035
91.272
90.9764
88.9324
94.3232
95.7868
96.5156
93.9245
