93.1649
91.6415
94.0062
94.9665
95.7007
95.5532
94.1046
94.6734
96.268
97.0608
88.2283
90.2062
92.2876
94.0496
94.3134
94.1652
95.1885
95.0195
94.2931
91.862
93.4926
95.2722
91.5116
93.2317
93.0197
93.4451
93.1016
92.0687
91.9892
93.5328
95.1138
95.9281
91.5439
92.9892
94.8113
96.0519
92.8146
93.6523
94.5065
92.7583
93.5034
96.0806
93.2911
93.4187
94.5595
96.142
96.8642
92.5112
93.8771
95.3357
96.762
97.6083
91.9436
94.1726
91.2808
93.4374
93.4099
95.0147
92.6718
94.5577
95.7749
92.9706
92.8807
93.521
94.7636
96.1358
96.7127
92.9546
93.9312
93.2744
94.4988
95.5879
89.45
94.3613
93.5879
93.0975
94.9172
95.5476
97.0064
93.0809
93.0242
95.1505
93.4677
95.095
95.7138
95.2889
92.9054
94.3666
92.5197
90.293
