96.1444
97.3965
90.1711
91.4468
92.9268
94.1368
95.4035
95.9677
95.0723
95.8101
95.1571
91.1727
91.1631
92.6372
94.873
96.3569
95.9814
94.8089
96.6723
97.5079
98.2123
87.394
90.7075
91.9798
93.1862
93.1288
93.3159
94.0281
95.1854
96.8199
97.7488
91.5497
90.6205
93.3154
92.0681
92.6248
91.8392
94.6309
95.6911
94.0523
94.6772
95.5328
90.9593
91.3455
92.7593
93.9368
95.5341
96.009
95.069
93.8341
92.7324
94.6156
90.3793
91.2755
92.7047
93.8738
94.5261
95.1934
96.1246
94.1769
94.8961
95.2967
88.5809
92.7463
94.6341
93.3869
94.8464
94.2858
95.1386
87.3299
90.7061
93.1363
93.2486
95.0026
94.8217
94.6774
94.9439
95.7765
90.4588
91.4473
93.2773
93.4935
95.6378
95.9668
