84.7074
85.1612
83.0536
82.7114
84.1655
85.7561
86.2076
83.2204
85.5046
87.052
88.2926
82.6465
84.7876
84.3469
84.1525
84.5005
86.6105
87.8535
81.2256
81.1994
82.9008
83.3053
83.7382
84.2479
84.3639
85.8624
85.6681
82.639
84.7235
86.6982
84.392
84.0122
85.7829
85.0762
83.0599
82.9191
83.6409
85.2279
82.9671
82.722
84.5804
84.4313
85.7192
83.6549
84.0207
81.9278
82.4616
83.4491
83.5936
84.2285
86.0103
86.2064
82.7139
80.2882
81.3019
81.8774
81.6753
83.4339
81.9271
84.6749
86.0622
87.7431
83.9519
79.2152
81.9593
82.3881
84.4318
85.1124
84.7743
85.049
85.48
82.1507
82.78
84.032
85.1455
86.824
85.5377
84.196
84.8975
85.0259
83.6005
83.8128
85.5276
86.3247
