95.8524
97.2025
91.8382
94.162
96.549
97.8782
92.5923
93.1805
94.7986
95.0092
95.7075
94.4418
94.7524
91.5137
92.6943
94.1208
94.7697
96.0125
96.9771
93.6048
89.805
91.9703
92.1415
93.6295
95.4587
94.1807
93.6588
95.9095
88.8877
93.2323
95.4884
95.3189
95.6614
95.3836
96.5627
97.5603
90.872
92.811
94.0538
95.7127
93.9869
94.4663
96.0174
98.006
90.976
92.6856
94.1716
94.5269
94.6951
94.808
93.9918
91.0813
92.8987
95.2291
96.4621
96.2775
94.7076
90.8639
92.2395
92.295
94.2882
95.7094
95.6787
96.8023
93.575
91.9395
93.6098
95.5285
91.0499
92.7249
92.5653
92.0456
91.3377
92.0841
94.6755
96.6675
93.3718
93.7347
94.0159
94.054
94.5462
95.9494
92.2364
93.5853
93.2069
95.9213
