64.0917
64.4793
60.8873
61.7761
61.1843
60.8553
60.7119
62.228
62.5909
62.7756
63.2656
63.335
63.906
64.4851
63.7024
63.0594
63.3457
63.7405
64.1326
60.1372
60.1465
61.0631
61.1622
61.6302
62.3304
61.7189
61.2448
61.5441
62.6641
62.8626
63.7625
63.9194
62.0583
60.8733
60.5049
61.5655
61.5388
61.7567
62.2394
62.7045
62.4984
62.1199
61.9635
62.0824
62.7175
63.2491
63.9115
64.1243
62.1333
62.4041
62.5652
61.6284
61.435
61.4969
61.8147
61.9382
62.0127
61.9716
62.2448
62.7011
61.7433
62.077
61.543
62.3474
62.5815
63.1009
61.7025
59.6065
61.496
62.1174
62.4923
63.0146
63.5011
61.4905
62.9862
62.0045
62.1758
62.8404
63.3104
63.6866
64.1923
60.9044
62.2008
62.1412
62.9092
62.5422
62.8357
63.1492
63.7026
64.0944
64.4192
63.2658
63.5158
61.8138
61.8858
61.226
61.7588
61.7634
62.1284
62.2981
62.5667
62.8055
63.2353
63.6494
63.9959
64.4651
63.4475
62.4825
61.8612
62.6809
62.88
63.4278
63.7728
61.0384
61.3439
61.8916
62.4099
63.0099
63.3817
64.0064
64.2556
62.3222
61.6385
62.3246
62.8114
63.0864
63.427
60.7598
61.32
61.9127
62.6499
62.9857
63.1764
63.5442
61.0798
60.061
60.823
62.4316
62.3009
62.7337
63.3517
63.5806
61.6325
62.2462
62.8102
62.9078
63.5811
63.2079
62.4078
61.5663
61.622
62.0008
