48.4038
48.9262
48.7054
46.3369
46.793
47.2378
47.4997
47.6253
48.482
48.8599
49.0403
49.2228
46.9276
48.2991
48.0684
47.6761
48.0597
48.3696
48.7833
49.1611
47.2831
47.0947
47.2132
47.9255
48.5933
49.1351
47.5456
48.3612
47.6938
48.2039
48.6759
48.963
49.6258
50.1299
47.452
47.5107
47.8775
48.7152
49.2247
49.605
46.6955
46.9619
47.4979
48.1118
48.7138
49.2565
47.5728
47.2619
46.2454
47.1849
48.5213
48.7948
48.9968
49.5736
46.9025
47.4766
48.0014
48.5327
49.025
49.5572
48.1996
47.8787
46.4932
46.4911
46.8818
47.2176
47.6754
47.8947
45.5164
45.5933
46.1524
47.2464
47.6211
48.0758
48.6391
49.0153
49.6989
48.1173
48.6486
48.1688
48.8701
49.0341
46.5146
46.2679
45.6496
47.0344
47.5361
47.9872
48.5316
48.9491
49.1093
49.5787
49.8638
47.8706
47.4886
46.5018
46.1947
46.3432
46.8735
47.2205
47.0539
47.7568
48.2799
48.6053
49.0093
49.1026
48.3467
48.6671
48.9422
49.2679
45.9599
45.9527
46.1129
45.0222
46.1763
46.7374
47.2563
47.0493
47.2401
48.1417
46.6924
48.5757
48.8932
49.1243
47.3084
46.139
46.0087
46.0439
46.8962
46.8392
47.4079
48.0893
48.5063
49.2622
49.5878
49.006
48.3774
48.1258
47.7438
46.4504
46.5725
