50.8738
51.3766
49.4277
49.1017
48.8765
49.8538
48.9736
50.1985
50.3014
49.5726
50.1873
49.0184
50.5049
49.7913
50.298
50.6671
51.1962
51.692
49.0098
49.3611
48.3675
50.3921
50.2025
51.1618
50.1353
49.0599
50.6185
50.3242
51.3542
51.3111
50.774
49.6922
49.5567
49.7904
50.0258
50.6688
50.9467
51.3224
48.8086
49.0192
49.2907
50.1812
50.0204
50.1829
50.7595
51.1551
51.1268
49.0242
49.0899
50.1832
49.4179
49.3498
48.5899
48.6937
49.4678
50.0934
50.2363
50.9528
50.4274
50.6247
49.6896
50.2634
49.4798
50.1994
49.6904
48.9823
48.9949
49.3469
49.9684
50.5647
50.9821
51.4565
51.707
50.2354
49.4638
49.7468
50.1518
50.6435
50.8942
48.3834
47.8081
48.1439
48.6532
47.9767
48.9262
49.0737
49.7778
50.0552
50.6314
49.5335
49.5438
50.0729
50.4809
50.9051
51.2206
49.487
48.7458
48.6395
49.9898
50.3596
50.7249
49.7961
50.13
50.2604
50.8981
51.279
51.7988
49.6601
48.1038
49.7516
50.237
50.6748
51.0046
50.0754
49.6166
49.2728
49.6466
50.0143
50.3561
50.8791
51.6869
49.8312
50.2261
50.219
50.0024
50.9015
51.2337
52.0458
52.2054
52.375
49.4295
49.9365
50.4524
50.7488
51.1295
51.4895
51.7644
50.3257
49.0038
48.7671
49.9449
50.203
