60.4042
60.5084
60.9729
61.4351
61.7186
61.9596
62.1786
62.2511
62.5738
62.5022
59.8974
60.4537
61.1995
61.6189
62.4182
63.0324
63.1475
63.3286
60.9406
61.4113
61.8216
62.0411
62.4795
59.5825
59.7795
59.6466
60.3982
61.3164
61.6129
60.3603
61.8172
61.334
61.8371
62.5462
62.6537
63.127
59.9977
60.4385
60.064
59.7163
60.9909
61.9228
61.6063
59.7595
60.7882
61.3552
61.8021
62.54
63.0601
62.3454
60.7301
60.7012
60.9344
61.2136
61.736
62.2056
62.6604
60.2856
59.4232
60.74
61.2718
61.5006
60.4598
61.5939
61.0631
60.4317
61.0367
61.2946
61.7665
61.9792
62.3685
62.5183
58.8913
58.9503
60.078
60.7922
61.3846
62.1025
61.0993
60.9937
61.1227
60.7824
61.6688
62.5686
61.3965
61.8658
62.1389
62.4422
62.9864
58.7655
60.4468
59.6762
60.5307
61.2355
61.3324
61.6147
62.0862
62.3441
62.7393
62.9019
63.4067
62.0679
62.3107
59.9759
59.6772
60.1852
60.6989
60.9148
61.6275
62.0669
62.6645
63.0473
63.4528
63.3096
61.8758
61.6742
62.1042
62.3484
62.6104
62.795
63.2413
60.0086
60.7181
61.0701
61.7678
62.3232
61.811
61.3731
61.649
61.9916
62.5958
63.1212
62.6528
62.3453
61.4238
61.8866
62.2706
60.8584
61.1835
60.564
60.8605
61.2531
61.687
62.2335
61.0827
61.2239
60.0086
60.3005
61.2817
61.3689
61.3216
61.1382
61.6377
61.8549
62.2928
