49.2996
50.8449
51.0363
51.5591
51.5383
51.8233
52.3639
52.7621
53.4239
53.7632
50.7317
49.8161
50.8547
50.304
51.1986
50.8621
51.3026
51.62
51.9865
52.1736
52.8855
50.5977
49.8434
50.6386
50.7271
50.6302
50.0815
49.7504
50.7123
51.0883
51.7185
52.3497
52.3744
53.0463
52.4018
52.4866
52.9983
53.1866
53.4366
49.2076
49.9834
49.9039
49.3965
50.7456
51.0504
52.2009
52.5049
52.8649
53.2547
53.7831
51.8877
50.8546
50.946
51.3303
51.8185
52.1983
52.7168
48.9496
51.1811
51.7214
52.0834
52.6518
52.6999
53.2886
50.7057
50.29
49.38
49.4531
51.4927
51.7719
51.7475
51.2497
51.2612
51.5681
51.7729
52.0764
52.5243
51.6359
50.2926
49.4389
49.3226
49.2521
49.4549
49.7173
50.3016
50.8333
51.3388
52.2463
52.7744
50.5066
50.3162
51.627
52.0094
52.3877
52.7253
53.1117
50.6793
51.0009
51.2391
51.9132
52.2033
52.6485
52.9716
51.4328
50.2758
51.1873
52.0111
52.0999
52.7158
51.4388
52.055
52.3375
52.8624
53.4328
51.0372
50.6983
50.5494
51.1892
51.7998
52.2149
52.3864
51.2692
50.9198
51.5454
52.5287
48.9758
50.1898
50.1489
50.9445
51.3903
52.2176
