54.0658
54.4998
54.3554
54.6833
55.2854
55.92
55.3005
55.0832
54.5699
55.2948
55.5341
55.8022
56.1002
53.3029
53.3222
53.9913
54.4477
54.5074
54.7808
54.2403
54.622
55.0795
55.4982
54.8119
55.2013
55.0962
55.4716
56.0595
56.5186
53.8686
53.6268
53.6699
55.3487
55.6745
56.1734
56.5713
56.7662
53.6633
54.3573
54.9109
55.394
54.034
54.5114
54.8014
55.2468
55.6649
56.1728
56.6571
56.9103
54.3571
54.1371
54.9597
55.1078
55.586
55.8672
56.1598
53.5903
54.0591
54.2005
54.5085
54.9735
55.3099
55.6717
53.4994
54.2315
55.0941
55.8617
55.1338
54.6488
54.5239
54.2992
54.444
54.8063
54.8363
54.9576
54.5059
54.8286
55.3044
53.4273
53.8277
53.9017
54.2014
54.7337
55.3979
55.9758
56.2057
53.3165
54.0345
54.8504
55.3403
55.755
56.2717
53.6943
54.2984
55.0005
55.6916
56.4136
53.5161
54.2428
54.5931
55.0802
55.5802
56.0051
54.7643
53.458
53.0246
54.1532
54.4211
54.8027
54.9496
55.4065
55.7665
52.5541
53.8659
54.5025
55.5156
55.0539
54.6692
54.4641
54.3406
55.1184
55.5767
56.2212
56.3616
53.9692
53.9671
54.6399
54.8574
54.3026
54.5986
54.6502
55.3122
55.6357
55.9971
56.3587
57.0054
56.3071
55.6113
54.9766
55.0714
55.4005
55.7842
