51.2639
51.2493
51.5838
51.8292
52.1676
48.1457
46.5783
47.0191
47.6063
48.072
48.7895
49.694
49.8052
49.9008
50.6639
50.9155
51.5897
50.9102
49.8692
47.6297
46.1986
47.3934
48.2562
48.7514
49.5554
48.9771
50.7258
50.6479
51.1968
51.7214
51.9494
52.1625
48.9826
47.4026
47.8936
48.1029
48.2301
48.7433
49.1929
49.4171
49.9097
50.088
49.2005
49.9797
48.2672
47.1502
48.0844
48.3756
48.9728
48.904
49.958
50.3314
51.0008
51.1668
51.6247
49.9735
50.4054
48.5858
48.6651
48.6673
48.7565
48.8195
49.519
50.2347
50.4775
50.7777
49.5908
50.7822
49.077
49.9646
50.4895
50.7711
50.9579
47.1434
47.9993
48.295
48.6021
48.6492
49.1075
48.8765
48.0762
47.7318
48.6832
49.6599
50.0301
50.6736
49.1062
47.0621
48.4092
48.9115
49.2349
49.578
49.9017
50.3857
48.2438
48.2799
48.1961
48.8619
49.3232
49.8678
50.234
47.5279
48.5653
48.3258
50.1787
50.3893
50.4692
51.1152
51.246
51.4651
48.6837
48.0754
48.7545
49.296
49.7269
50.2725
51.0686
49.3226
49.446
49.8621
50.649
50.5853
49.7655
48.7033
48.2592
48.8457
49.2631
49.0905
49.9188
50.4827
50.4057
48.9235
50.0895
50.4321
50.5431
50.842
51.1583
51.3674
51.6654
47.7059
47.1561
48.8607
49.3816
