57.8215
58.1923
58.5991
56.4434
57.3007
57.6132
57.8484
58.493
58.9074
57.1888
56.4207
58.0363
58.5506
58.8005
59.3068
59.4558
55.8113
55.8655
56.3066
56.8923
57.4024
57.9139
58.1606
56.9259
57.0749
57.3213
58.0758
58.2659
58.3908
58.8962
59.2193
59.3365
55.7207
56.8344
57.3512
57.8262
58.2273
58.5765
56.4605
56.5525
56.9794
57.7608
57.9202
57.5199
58.2113
58.4593
58.9082
59.2022
56.4833
57.3317
56.6858
56.0229
56.2945
56.5939
56.6944
57.0836
57.3957
57.5476
58.4671
59.0754
58.3342
58.3156
57.1767
57.5494
57.8248
58.0977
58.2218
55.8911
56.5801
55.3053
55.8597
55.6508
56.8681
57.5231
57.2359
57.7791
57.6711
57.6232
58.1757
58.5719
57.8206
55.2842
56.5352
56.4438
56.5594
56.9435
57.6033
57.9889
58.6071
59.1362
57.0061
56.8922
57.0812
57.6319
57.0787
57.0514
56.8865
55.6725
56.0079
56.6793
57.3356
57.0695
56.577
56.7065
57.794
57.3452
58.0709
58.6801
58.7459
56.1567
56.6313
57.1971
57.6052
57.9969
58.6939
59.0754
59.4774
56.4185
56.1258
57.2714
57.7804
58.0525
58.5031
58.6753
56.3252
56.7555
56.2137
56.4045
56.972
57.8064
58.2644
56.7021
57.404
57.7018
58.3827
58.5133
58.5515
58.88
55.9047
55.9861
55.1321
56.2148
56.6813
56.7346
56.5919
55.9729
57.5352
57.946
58.2906
