94.6624
93.8179
95.4265
96.4473
94.2635
93.4649
94.8414
96.583
97.3809
93.2041
94.6451
96.2519
93.3104
93.2798
94.3577
96.2065
94.1095
95.1815
96.1016
96.5339
91.3455
93.421
95.5604
96.7712
90.3149
94.2541
95.6465
96.969
90.7504
92.9329
93.9875
95.3075
95.6683
96.5805
96.8434
95.1107
94.9607
96.1132
96.2426
89.493
93.6273
94.6854
96.8435
95.7458
93.3642
95.4528
97.488
92.6676
94.1292
94.5201
95.1664
96.9049
97.3612
97.1211
94.6504
94.9689
95.919
92.9603
92.0196
92.6968
93.8924
93.8609
94.651
90.9809
93.9091
92.7249
93.5647
94.7217
92.9462
94.0888
94.5745
94.2877
93.7743
95.4855
95.0138
94.5029
92.5357
94.2174
94.7507
95.9974
96.2451
94.9261
93.8125
92.7314
92.8439
94.7494
95.2274
