92.725
94.7702
95.7286
96.6076
97.3805
92.6671
91.5873
92.7559
93.6931
95.293
95.5309
92.9067
95.262
92.5911
92.7217
93.9449
95.5558
96.5422
95.1095
94.8631
96.105
97.6227
91.2695
92.5258
94.0224
94.2923
93.7933
94.3016
96.536
94.5277
93.1642
93.8935
94.3948
95.6195
97.4739
92.7204
94.1588
94.5785
93.8466
93.0278
93.4528
93.312
95.2433
96.4297
97.8508
94.3441
91.9183
93.3934
95.5742
94.7908
94.5145
95.5637
94.8941
92.7103
93.296
95.1553
92.207
93.5573
93.7175
94.9769
96.5602
97.5705
92.2229
92.4987
93.3228
93.7487
93.0419
95.4696
96.9506
90.0566
93.2974
89.81
92.2955
92.435
94.0622
94.4478
95.8242
97.4255
97.859
93.3273
93.2331
93.512
93.4153
93.4643
