94.1904
95.1784
96.4171
93.3922
93.6189
93.6843
94.5964
91.988
93.0825
93.2363
95.5067
97.0674
92.0999
93.4959
95.0407
96.7306
97.3061
93.3523
93.1964
92.7526
92.4544
93.3079
94.3848
94.336
95.7287
95.6956
94.0922
92.7982
91.0686
93.6638
94.1291
95.4547
97.2302
92.0811
94.1531
92.3667
91.4949
93.4607
94.6489
96.2652
92.2063
94.5791
95.7988
97.1168
91.3884
92.611
93.7124
95.7238
96.3896
91.8066
93.0352
92.8048
91.6256
94.3033
94.9879
96.1832
96.4939
96.1158
97.0549
97.9335
90.4816
91.7373
90.9447
92.3448
93.4864
93.7393
90.7039
90.3116
94.7672
92.1548
94.0445
95.5915
93.6641
93.2989
93.4559
95.2819
96.103
90.019
90.968
90.7672
94.2882
95.7848
95.8876
96.1766
97.7413
90.6948
91.8694
92.5907
93.3805
94.8825
