90.1731
89.3444
89.0569
89.3316
90.4763
90.7987
92.1013
90.1634
89.3182
90.5951
92.8292
87.3772
90.0297
91.1766
91.2888
91.4847
89.6358
91.6593
93.192
90.0845
90.5804
91.8188
93.4104
86.3141
89.2876
89.7971
90.4684
91.4337
90.4717
90.7983
92.5468
93.7992
93.8885
89.0393
91.1554
93.0308
91.0633
90.3076
91.6656
91.5845
90.3641
91.2903
89.2455
88.4076
88.0748
89.5452
90.9275
92.0061
91.7383
89.2025
89.4076
90.7458
90.8867
91.3111
92.5504
93.9762
94.5424
91.2056
91.2465
92.4904
88.0916
88.5506
89.5344
90.4875
91.8222
91.5097
91.9492
93.2742
94.9077
87.4354
89.4597
90.4515
91.8543
91.0189
92.8327
91.1642
85.3777
89.6344
89.9594
91.7876
93.2922
92.2809
91.1133
92.5936
91.5005
89.1749
90.0437
91.289
91.8826
