94.6154
96.2283
97.1284
98.1922
93.2884
93.0883
95.1781
95.1252
94.857
95.2831
96.1011
90.8743
92.4696
93.711
93.5249
95.1197
95.1782
95.9607
94.3336
92.5486
92.8886
94.1723
96.3573
96.7055
93.7532
93.9144
92.5786
92.8573
94.5192
95.7421
96.7712
95.3621
95.7997
97.0114
98.0086
97.9237
90.4462
92.8215
93.5686
94.9202
95.557
95.4969
96.2638
91.5605
91.5641
92.3979
93.2877
94.0693
94.8166
95.4855
93.6733
91.9251
93.6967
91.5823
92.8158
93.8277
94.6191
95.4537
94.5882
94.4499
95.9349
96.5208
90.9462
91.7901
93.1629
90.7012
90.9098
91.6726
95.9407
96.8138
97.4429
92.2225
94.3229
95.123
92.1468
92.24
93.5496
94.3284
95.5195
94.2908
93.5604
95.0687
96.0594
96.6983
96.7116
91.6265
93.1757
92.8857
94.4896
