66.7
67.0801
67.6471
64.2607
65.0082
65.1403
66.0254
66.2738
66.1259
65.3581
65.3861
65.8463
66.3168
66.5345
66.5201
66.9742
67.5906
67.9853
65.2834
64.4356
65.3082
65.5498
65.6389
66.1609
66.0064
66.5016
66.6199
67.172
67.4186
67.8169
68.217
68.3262
63.2274
64.1057
63.8349
64.046
64.2136
64.3826
65.1771
65.6088
65.9696
66.2395
67.2957
67.6123
68.0155
66.0834
65.3633
65.2708
65.0455
64.6754
64.879
65.6329
66.0777
66.5182
66.4702
66.4543
66.8872
67.4866
67.8983
68.099
65.2083
64.4534
63.9998
64.6675
65.0809
65.2421
65.621
65.6236
65.8687
66.6646
66.236
67.0407
66.7566
66.0364
65.7328
65.3583
65.2929
65.9652
66.3898
66.795
67.0087
67.281
64.7144
65.6028
66.4287
67.061
67.5319
62.8333
64.228
64.6513
63.9847
64.9111
65.3941
65.7686
65.8888
66.3038
66.3592
65.078
65.3553
64.829
64.7725
63.8533
63.9365
64.4412
64.9064
65.5225
65.5969
65.8695
66.0224
65.9299
67.3582
67.1509
66.3235
65.7807
66.2824
67.1996
64.9742
65.7381
66.0803
66.527
67.0738
67.1536
66.6029
67.2189
67.4162
67.9055
67.9655
68.2438
65.1285
64.5517
65.104
65.8071
66.3344
66.8106
66.7177
66.4215
66.6891
67.097
67.7419
