58.6593
57.1651
59.2164
59.6499
59.9408
60.1477
60.4645
56.5912
58.1275
57.4481
57.2494
58.5428
59.3499
58.0841
58.1701
58.1723
58.2693
58.4359
58.9214
58.0884
57.8116
58.0824
58.5846
59.1568
57.0653
57.2524
57.7048
57.9485
57.8031
57.8878
58.0339
58.1118
58.4105
58.9949
59.1493
59.0737
58.2544
58.9647
59.6315
60.1609
56.4731
57.8937
58.55
59.0502
59.6372
60.36
58.0777
58.6146
57.9369
58.1719
58.624
56.2569
56.2247
57.243
57.2591
57.9094
58.1899
58.6105
58.9073
59.1794
60.2277
58.0823
58.1771
58.2607
58.6991
58.0606
58.6559
58.9157
59.0448
59.8289
59.1261
59.2183
58.9512
58.5658
58.9626
59.4098
59.7945
60.1251
57.1872
57.9955
56.9344
58.9681
59.502
59.9077
60.392
60.8882
58.3086
58.1525
58.7425
58.9851
58.3644
57.756
57.8791
58.3584
59.0952
59.6046
60.2748
60.416
58.0039
58.2725
57.1157
58.4059
58.6901
58.745
57.8664
57.6671
57.7008
58.2821
58.6095
59.2598
59.7386
59.1509
57.9545
57.534
56.2005
57.8851
58.3066
58.7357
59.149
59.2422
59.7239
56.9245
58.5001
58.8874
59.1317
59.4134
59.7474
55.9992
58.1546
57.0424
57.2158
58.435
57.5608
58.1409
59.2656
59.4996
60.0906
60.2984
58.6296
59.2496
59.1761
59.5546
59.6989
59.9662
60.2734
57.1196
57.4474
58.156
58.2315
58.9448
59.205
