55.6597
55.4214
54.8818
55.5098
55.0952
55.4959
55.7849
53.1283
53.2075
53.0522
52.0091
53.5573
54.3683
54.5996
53.3139
53.8414
54.1571
54.0968
52.5529
51.296
53.1623
53.7559
54.3039
54.9088
55.2512
54.8
55.1678
55.4949
54.4827
54.2043
54.2194
53.9932
54.2957
54.7899
55.133
55.3591
53.2982
53.1996
53.7652
54.3166
54.8979
54.3989
54.7143
55.2285
55.651
55.7244
54.3961
53.292
53.9179
54.8805
54.5462
53.8967
54.0507
53.7696
53.8704
54.1
54.7933
55.2038
55.3594
53.8621
53.6775
54.0155
53.44
53.9787
54.3935
54.6053
55.0922
55.2456
55.5152
55.8311
53.342
53.3878
53.8119
53.9922
54.3192
54.1128
54.515
55.1489
55.3134
55.6327
56.2061
56.762
57.0461
53.1356
53.4864
53.206
53.4194
54.0773
54.0292
54.3585
54.7709
55.0269
55.3278
55.7217
56.0415
56.5067
56.9763
57.1548
57.1817
57.323
52.1017
52.7125
52.3796
51.7858
53.0726
53.7496
54.2392
54.7155
55.1009
55.7678
55.8428
54.9463
53.8015
52.2691
52.6432
53.3091
54.1231
54.8806
55.6802
55.1147
55.0363
55.7654
55.4324
55.5817
54.3961
55.1416
53.3124
53.0713
53.78
54.2834
54.4717
54.7656
54.5749
53.6002
54.2652
53.6409
54.6386
54.6838
54.973
53.8484
54.193
54.2854
