59.6335
60.5427
60.9871
61.5799
62.4366
60.6244
61.0058
61.7107
62.1957
62.6358
59.8601
58.7796
59.193
59.5644
60.4142
60.729
61.472
62.0621
62.3503
62.4962
60.4918
62.4919
61.1671
59.7336
60.2
59.4627
60.3733
61.0865
61.7219
61.6001
61.4235
60.7835
61.4795
61.9544
62.5016
62.8553
63.1722
59.6993
60.5439
60.6448
61.0754
61.6492
60.7981
61.5707
61.2832
59.9268
58.2179
59.6091
60.2254
60.6896
61.0952
61.4941
62.0547
61.8674
62.1594
62.146
62.5644
62.911
59.3004
59.9193
59.746
60.5369
60.9805
61.486
62.0394
62.4184
60.3966
60.4531
61.163
61.487
61.9017
62.1031
62.4564
58.3701
59.7827
60.4105
60.7989
61.0829
61.4092
62.0997
62.4035
60.7321
60.212
60.6647
61.6467
61.8073
61.894
62.3258
62.7989
63.1051
59.8858
59.2063
60.3179
61.1171
60.3935
59.6025
60.3122
60.8794
61.1445
61.5253
62.2332
62.4401
62.9482
63.1228
63.4694
63.7526
60.182
60.3143
59.8448
59.7042
60.2048
60.4593
61.0342
61.363
61.484
61.7831
62.067
62.5294
62.9492
62.2478
62.7588
62.8561
63.2469
58.6245
59.117
59.4057
59.7813
60.1539
60.835
61.4078
60.3191
60.3521
61.5746
62.1569
62.6918
63.0506
63.1372
60.2267
60.661
60.9688
