63.3095
65.0294
63.1775
64.4163
63.7323
63.966
63.7362
64.546
65.0832
65.7979
64.8824
66.4959
66.0493
64.8618
65.2352
65.5102
65.6671
66.0972
66.7862
66.86
63.5198
64.334
64.9064
65.605
65.8756
66.4403
64.5077
64.6039
64.4468
64.7849
65.1092
65.5262
66.0371
64.8007
64.278
64.0387
64.5214
64.8347
65.0798
64.3932
64.0003
63.6943
64.7507
64.9341
65.8385
66.4419
64.4342
63.2454
64.8254
64.9646
64.4268
64.8101
64.4437
63.2856
63.9502
64.4543
64.8478
65.2165
65.7641
66.0475
66.3463
63.3543
64.4888
64.2833
64.3415
64.471
64.7314
65.0913
65.647
66.0868
66.5286
66.6252
65.3998
64.0082
65.4656
64.5896
64.9199
65.2702
65.6333
63.3846
63.2416
63.5739
64.0914
64.7507
64.7715
65.4249
66.0387
66.3103
66.6976
64.44
64.4961
64.7291
65.0559
65.4552
65.6264
62.1902
63.1626
62.7032
64.3198
64.7651
65.5126
66.0159
66.1871
66.6869
64.387
63.8055
65.1699
65.5529
65.9358
66.2947
64.2257
63.5459
64.8985
65.0655
65.3747
65.9307
65.1973
64.1443
64.0366
64.7552
64.8044
64.9268
64.1531
64.4865
64.8754
65.5118
65.8869
66.4547
65.3731
66.0479
65.2816
64.9334
65.1235
64.6159
64.9489
65.2423
65.603
65.8866
66.2001
65.3302
63.9841
63.7592
63.9582
