46.035
46.4965
46.69
46.3845
46.728
47.3707
47.9843
44.6801
46.1718
46.6768
47.1299
47.4466
47.7754
45.1821
45.4041
45.0689
45.7259
46.3551
47.0219
45.1107
44.9478
46.1963
46.8266
47.1237
47.8423
48.2244
48.5253
46.4785
46.4988
46.4002
46.6427
47.1719
46.3976
45.7514
46.2178
46.6595
46.8862
47.2737
44.9655
47.1642
47.5151
47.7514
48.2455
48.5655
48.7993
44.1154
44.7179
45.1733
45.7936
46.5268
47.0585
47.6135
47.9876
48.2107
47.8235
48.007
47.8207
47.6515
46.5735
47.0115
47.2597
47.612
44.4967
45.0343
45.5843
46.0756
46.728
47.5346
46.9357
47.4946
46.5207
46.6628
47.1479
47.423
46.356
45.8355
46.2037
46.6174
47.1002
47.3367
47.8461
45.2417
44.7669
45.5548
46.2472
46.6183
46.6649
45.9209
45.6783
45.6501
46.2569
46.3137
46.9359
47.3822
47.6206
48.3998
48.6594
48.7136
48.8954
49.138
47.6208
45.2554
45.6394
45.006
44.7324
46.2198
46.3263
47.1787
47.65
47.7565
47.963
48.3961
48.5814
48.9053
46.663
44.5464
43.8203
45.5388
45.5522
46.0812
46.7488
47.7486
48.1211
48.4436
48.5732
49.0085
49.2108
49.1532
49.2792
44.4501
43.9179
44.4003
44.9553
45.1004
45.5644
45.4262
44.9222
45.5308
46.2551
47.4253
48.1897
48.495
48.6619
44.8422
44.6961
45.2942
45.2417
45.4317
