62.2102
63.117
63.0301
63.6794
64.034
64.5717
65.0866
61.3448
62.8049
63.4334
64.0144
63.7055
64.2794
64.4456
60.9167
62.545
63.1938
63.6925
64.1555
64.7507
65.1851
63.5112
63.728
64.3395
64.7004
65.1204
65.369
61.3519
62.1565
62.4726
62.857
63.4069
64.2231
64.0766
63.0537
63.3601
63.81
64.3081
64.8165
63.2701
62.3693
61.8342
62.0841
62.7224
63.4654
64.0574
64.1485
64.6596
64.8562
65.268
65.5445
63.4864
63.3283
61.622
61.9338
62.0787
62.4325
60.7359
61.7786
62.2219
62.4751
63.1483
63.5162
63.7852
64.5161
62.77
62.2433
62.2144
61.575
61.3638
62.2828
61.9799
63.1078
63.3443
63.9155
64.2233
64.6121
65.169
64.6616
62.0615
61.6419
62.574
62.7554
61.6288
62.8105
62.7871
63.2169
62.4968
62.9394
63.4346
64.064
64.7796
64.9893
63.7734
63.0026
64.2127
63.8455
63.2368
61.7049
62.5144
62.5153
62.29
63.3645
63.9166
64.5249
63.5813
62.5712
63.4766
63.7207
64.0228
64.306
64.5827
65.0046
60.2955
61.536
62.1882
62.2567
62.9175
62.6599
63.2162
63.6337
64.4032
64.6803
65.2005
65.6247
63.1828
62.9538
62.8288
61.3751
62.0319
63.2953
63.4034
63.8723
64.1317
63.9281
64.2841
64.8138
65.1228
65.296
65.5818
61.2261
60.9315
61.5667
62.091
62.5985
62.7641
