63.764
63.5798
64.8872
64.9182
65.2759
65.544
66.2763
66.6105
67.0831
65.8737
65.8392
66.0551
66.1657
66.8867
67.3326
67.6235
64.6993
64.4682
65.0754
65.4521
65.9068
66.1584
64.992
65.5404
65.9678
66.2091
66.6872
67.1876
66.8518
65.8355
66.2839
66.732
64.8504
65.0568
65.1779
64.0839
64.8605
65.3142
65.5901
65.7541
65.9075
66.5205
66.7876
67.1171
67.5176
67.9152
64.0183
63.6515
63.6511
63.9797
63.7797
65.1569
65.8891
66.1295
66.5055
66.934
67.2315
67.2116
65.7345
64.0805
64.9072
63.3845
62.9293
63.9549
63.8856
64.3796
65.6831
66.6274
66.8644
67.1778
66.4214
67.1347
67.558
67.7593
67.8827
67.875
67.9194
61.3257
63.4224
63.8967
64.1671
64.787
65.5878
65.9834
66.2656
65.9826
65.388
66.4458
66.8524
66.9161
67.5224
67.7918
63.7863
62.5375
63.0139
63.667
63.9674
64.0542
64.7504
65.0046
65.1642
64.088
64.6559
66.2401
66.2363
66.4274
67.0294
67.4479
67.5002
63.0993
64.5833
64.7801
65.3748
65.848
66.2661
66.2651
64.4464
65.3138
65.6928
64.9083
65.8152
65.2907
64.6574
64.7256
65.373
65.6126
64.7776
66.371
66.646
65.5199
66.1245
65.9579
65.5518
66.4911
66.9302
67.2399
67.6703
64.7112
65.2582
65.694
66.0325
66.088
66.7057
66.9469
64.7024
64.2776
65.1855
66.0557
66.6981
65.6532
65.4036
65.3658
65.6588
66.0325
66.0826
