47.4181
47.9493
47.3608
47.0632
46.5452
47.3163
46.2176
46.9677
47.1545
47.4348
47.4601
47.7824
47.7999
45.4759
45.9041
45.1835
46.2089
46.8763
47.2922
48.0063
47.1256
47.723
48.5216
49.0906
49.3761
49.6585
45.6798
46.1044
46.218
46.7217
47.6761
46.6891
46.971
46.954
48.0945
47.8937
46.4156
47.6151
48.0672
48.2426
48.6594
44.9425
46.2738
46.1916
45.8922
46.7653
47.0143
47.8217
48.4504
48.6204
49.0799
47.3809
47.3747
47.5076
46.8517
45.9781
45.7745
46.1569
46.1998
46.5131
47.0121
47.5295
48.2619
47.6251
48.1278
48.4131
48.8967
49.1734
49.397
45.5119
45.738
45.433
46.1666
46.1938
46.8205
47.45
47.6835
48.174
47.7754
48.3193
48.3255
47.9446
47.1649
46.432
47.1394
47.366
47.7797
48.532
47.3109
47.6797
48.0653
48.6478
49.2615
49.4405
46.7626
46.4293
46.4513
46.4319
47.2577
47.6294
46.314
46.2907
47.6008
47.8685
48.4332
48.8333
49.3004
47.1883
47.5028
46.8621
46.8773
47.1113
47.7141
48.4191
48.5545
46.2918
46.7597
47.2282
47.392
47.8235
48.3326
45.9209
45.8952
45.5148
45.6001
45.648
46.8466
47.166
47.3475
47.8348
47.9048
48.3099
46.0675
47.0499
47.3891
47.8033
48.2203
44.2143
46.2148
46.5391
46.9544
47.6173
48.4254
48.5504
47.5048
46.6884
47.2116
47.5235
48.1175
