55.6556
55.5142
55.4357
55.1973
55.337
55.8972
56.117
56.3251
53.5161
53.9498
54.3531
54.8212
55.5891
56.0185
54.8431
54.9127
54.0777
54.6046
55.1059
55.943
56.3363
56.6476
56.8068
57.1217
54.8811
55.5266
55.884
56.0888
56.3054
53.6754
53.7736
54.1137
54.5647
55.2007
55.8284
56.2385
56.7267
54.5107
55.187
55.4298
55.8273
55.8208
55.0767
53.5423
53.9094
54.3731
54.5275
55.2696
55.8696
56.3869
54.9327
54.1702
54.36
53.9182
55.5837
54.3394
55.2381
53.2072
53.7164
54.2631
54.4252
54.9071
54.8935
55.1424
54.5998
55.0032
55.5637
55.9967
56.2822
56.5784
55.3319
53.8575
54.632
54.9044
54.6812
54.9316
55.9
55.2691
55.1919
55.4472
56.1209
55.4667
55.7883
55.458
56.0907
56.23
56.6867
54.3557
55.1915
54.8618
55.685
55.9399
56.3388
56.8871
57.362
52.4672
54.3477
54.647
55.0945
55.4273
55.37
53.7154
53.6562
52.8841
54.2597
54.1878
54.031
56.3259
56.1312
55.6644
54.8245
55.0047
55.4285
55.8683
56.1636
56.4969
53.2894
52.8461
53.6976
54.5025
53.943
55.4058
54.5214
54.9939
54.9305
55.2063
55.4695
55.6038
56.0559
56.4714
57.0753
53.1181
53.3514
53.9733
53.8279
54.4245
53.8524
54.174
54.6476
55.1266
55.3823
55.5797
55.9739
56.6319
56.677
55.0582
53.6306
53.6638
54.1117
