59.3992
59.7434
60.2969
60.6064
60.8621
58.4744
56.7418
58.1814
58.9128
59.4779
59.7839
60.2522
60.6896
60.6836
60.7108
56.1263
58.092
58.6229
59.0706
59.6665
60.0736
60.348
57.256
58.2071
57.8996
58.994
58.8886
58.8493
58.3517
58.2405
58.5334
58.6606
59.4715
59.805
59.5894
59.8384
58.6256
57.8409
58.5186
58.8262
59.1786
59.3245
59.8005
60.3525
60.5183
60.7181
58.5332
57.9938
57.872
57.6964
58.0503
58.4681
58.6729
59.1089
57.7108
58.5942
59.1299
59.428
59.3905
59.1806
59.098
59.4433
59.7654
60.1335
57.2805
57.6152
58.3289
58.3757
56.8499
58.7257
58.9812
59.2809
60.3501
60.8382
59.1054
58.953
59.727
56.6637
58.2598
58.4274
58.4873
59.0877
57.9682
59.9776
60.3907
60.6793
60.9988
61.4897
58.8131
57.6998
58.6334
58.9412
59.5299
60.0281
57.692
58.0642
58.5388
58.7247
59.5801
60.1301
60.4977
60.8176
61.2007
61.4612
56.6782
57.8098
58.0031
57.8091
58.0134
58.3684
59.1197
57.6449
57.807
59.3635
59.9437
59.7123
59.2425
58.5041
57.8037
58.3431
58.9776
59.2484
59.79
60.1307
60.1901
59.1067
58.1122
59.4616
59.8615
60.2731
60.5748
61.0224
59.4479
58.9715
58.2307
58.1996
58.8426
58.7829
58.7887
59.3439
59.3884
59.7282
60.3189
60.9553
59.0038
58.8669
57.9105
57.8237
57.9404
58.2232
58.4454
58.8428
58.9875
