94.646
96.6454
92.0828
92.0391
93.5152
95.0492
94.6039
93.3043
94.4456
95.8714
96
91.0823
91.8665
93.4615
93.2257
94.2365
94.6278
96.9256
92.4058
92.3733
93.6215
93.0707
93.8283
95.1024
95.2788
93.1527
91.6109
92.9271
92.9992
93.5438
94.566
92.8187
94.2657
95.2517
92.0479
92.4059
92.9446
93.9306
95.0202
95.3988
96.845
90.6021
90.9922
92.3271
93.3033
93.4975
93.8989
94.9461
96.013
93.2499
92.1917
93.6814
95.2035
92.335
91.5067
93.5038
92.3993
93.2639
94.0116
95.9689
93.4567
92.5876
93.391
94.1974
92.6879
93.6155
93.2974
93.4643
93.5558
94.7184
95.0014
91.6622
92.2433
89.7883
94.1021
93.897
93.7258
94.4642
95.1005
96.2151
89.3021
92.0523
92.9325
92.9831
93.4249
94.8559
95.1804
94.7147
