93.1248
95.5261
94.4307
94.184
94.5071
92.2242
94.026
96.2071
97.2044
95.2696
93.2237
94.9793
95.5611
96.0754
97.0495
91.0087
93.2957
94.1341
93.2256
94.3493
94.8323
95.3429
95.9428
97.2767
90.8501
92.436
91.4006
94.8675
96.5882
96.8225
96.065
96.1772
97.725
97.9301
97.8814
90.7773
92.8087
93.7794
95.331
96.2908
95.9695
93.7746
97.8683
97.9831
91.3196
92.8054
93.1003
94.9759
94.8938
95.8855
97.8399
91.3956
92.7335
94.2692
93.2249
94.4895
93.5334
95.6829
96.9374
97.1089
89.9678
92.3403
94.2415
95.8748
94.8128
94.4734
93.8985
94.8048
93.5843
92.6308
94.742
94.8213
94.6706
95.4138
96.1309
91.3744
91.5919
90.3712
91.9181
93.6264
93.9651
95.1736
96.4585
93.0231
93.6285
92.9615
93.643
94.5409
94.7218
