84.0075
86.9966
87.5283
88.1657
88.4775
89.2472
90.5253
84.5987
84.8797
87.4952
89.6894
87.268
87.5368
89.3934
87.745
85.8099
86.6862
88.0355
89.5468
90.1342
87.5602
88.4379
91.0923
85.1064
85.6481
87.2257
88.5813
89.6584
85.502
87.432
87.7446
85.8276
86.4486
87.0731
88.6319
87.6728
87.2526
88.9008
89.7045
90.9192
90.9091
91.2629
86.3675
84.0869
84.16
86.2118
88.228
89.4813
89.8008
90.8509
89.2559
85.7417
86.1702
85.4986
87.7518
89.4076
89.3608
89.7874
91.2934
92.1547
84.8747
84.4676
86.1393
88.0154
88.6351
87.1469
88.5805
90.8203
92.0507
84.6343
86.2658
88.1363
89.821
87.6128
84.1301
88.3698
88.344
86.2514
87.5254
89.1062
86.2085
87.3
88.9915
88.2117
89.5574
90.4272
91.4141
91.7573
87.5001
83.9412
86.8368
89.1109
