95.7565
95.8752
92.4237
94.7701
96.4454
97.08
87.055
92.1428
93.3499
94.0899
94.8589
94.8514
92.2672
90.9178
91.2512
93.2444
94.527
94.7667
95.9445
96.8665
93.1043
92.0037
92.8975
94.5004
95.0524
92.6045
92.8085
93.4096
94.9354
96.1554
92.6292
91.366
92.2344
92.8865
93.9187
95.9933
91.8189
94.4428
96.1835
95.1571
94.7026
93.9879
94.1566
91.8914
92.1123
94.142
96.1299
94.5079
92.7567
92.0802
93.0156
93.2363
91.182
89.1773
90.4984
93.6939
94.7093
95.4676
94.1584
94.4636
95.9051
96.9279
92.321
93.4382
94.9655
95.1463
95.3644
95.6829
95.1747
92.5248
92.5274
93.5872
96.0641
94.7152
95.144
95.774
94.4676
92.4431
92.144
93.001
94.9808
94.8904
94.5756
