80.9904
79.444
79.5127
79.2825
81.0609
82.0091
81.2923
81.554
80.577
80.613
80.9904
81.9385
81.1845
81.2712
81.0597
80.7892
79.2591
79.9414
81.7592
79.1012
79.0843
79.6817
79.1417
80.3841
78.5663
79.9428
81.4312
82.7286
83.5701
79.8228
80.2633
80.8477
79.8545
78.4663
82.1433
80.8521
79.3798
79.8728
80.8743
79.7489
78.1388
78.4471
80.5491
79.8054
77.9494
79.8926
80.5819
82.2245
80.7357
79.7569
81.193
82.8253
84.0027
79.6886
80.6341
82.2647
81.3963
80.49
80.8746
82.1908
83.6745
79.5322
80.2027
81.8898
81.0623
81.1448
82.0111
83.0286
81.4446
80.7179
81.9918
83.6764
80.0078
78.9505
80.5665
82.096
81.1649
81.0254
81.4661
82.6704
79.07
79.121
79.1758
81.1688
81.5547
82.1205
82.2718
