88.195
89.7041
91.1419
87.6505
87.6173
87.4919
88.5802
88.2304
88.3009
89.1211
88.4437
88.6957
88.2627
88.7712
89.6403
90.2628
86.9289
88.1242
90.3127
91.9978
88.2648
89.4098
90.6497
87.1999
85.7127
86.6293
89.6138
88.524
88.2358
88.3297
89.4629
88.6505
86.9721
88.9094
90.6611
91.8371
88.804
90.341
92.2929
87.9216
88.3685
89.0807
87.1596
87.5548
86.5418
87.6941
90.0843
89.7655
88.7956
88.8877
90.2668
89.8727
89.3134
90.4997
88.9112
86.199
88.5731
90.4491
89.5758
89.3753
89.6198
91.1818
92.0542
84.4748
88.4879
89.278
90.2474
88.5891
88.8703
90.1048
91.8847
88.571
86.5624
85.5539
89.5892
90.0695
89.8018
91.0427
91.944
86.7228
86.5671
88.5718
90.0781
85.084
89.2946
89.1962
90.4717
91.2403
87.8374
88.6872
89.9651
88.474
88.3903
