92.7492
93.356
95.0123
93.0039
87.638
88.7665
91.0985
92.5208
93.8364
94.5739
95.1289
96.201
87.9263
90.3056
92.0383
88.1868
90.3153
92.2046
90.9159
90.6625
91.4607
90.7861
92.2714
93.0876
94.2913
91.0936
91.6941
92.4264
88.1479
88.7332
91.4365
91.9369
92.635
92.0617
86.2712
90.2178
92.5288
93.1322
94.1304
94.3809
91.5765
89.4402
90.1159
90.3438
90.6857
92.2457
93.6735
94.1082
93.838
92.4987
91.9546
91.6785
92.0042
93.5104
94.1575
94.4525
92.1247
90.6928
92.9304
94.8995
89.4427
89.6074
91.146
93.8471
93.1649
92.8451
91.8926
93.9696
95.2435
95.8514
91.5546
92.239
92.16
92.5402
92.3739
92.4801
94.4822
94.3648
92.2061
90.6434
92.1737
91.806
92.7631
93.3485
94.7565
96.2367
90.9108
91.4979
93.4935
91.3379
91.4819
