95.5078
95.7272
95.9994
94.3986
96.3137
94.1759
92.193
90.4859
94.1288
94.7197
94.1845
93.5693
94.5115
92.2157
92.4365
92.6897
93.6316
95.4123
96.3075
97.6079
92.6622
92.4122
93.196
94.2481
95.1367
95.2884
97.2975
91.4301
93.1295
94.9183
96.7612
93.1668
94.736
95.2088
94.0856
95.4212
96.517
97.5938
90.7987
93.6201
93.5063
93.6211
92.3197
93.0369
94.062
95.6809
93.3932
94.2466
95.7974
96.8352
93.5087
92.8143
93.0382
93.8452
92.5158
93.8847
95.2012
96.0284
96.8489
94.8774
94.0756
94.2733
94.3641
95.5122
97.1614
97.2133
94.6611
95.0955
96.3272
97.496
91.518
92.8301
94.7831
96.4609
91.2902
95.1892
95.2543
95.9889
95.7691
94.8013
93.653
94.8763
96.8678
92.6278
93.8401
94.721
96.8422
95.3176
94.2119
95.3829
93.7863
94.987
96.5485
94.479
94.5044
