25.9297
27.8185
24.6131
25.6765
27.0479
28.2751
29.2095
24.588
26.9615
28.9443
26.9902
27.4076
23.4117
23.5738
24.8708
28.28
25.9173
26.7666
25.4488
24.8947
25.4801
28.9126
26.2469
26.8641
25.2166
24.9352
25.5146
27.942
28.0446
28.1937
24.3224
25.3866
26.2682
27.6787
26.1934
25.8324
27.2072
24.9843
24.8344
26.422
26.4897
27.4942
26.7247
23.1891
25.2825
25.7108
27.1819
25.9428
22.4493
23.7025
23.1322
25.8731
27.9364
29.073
24.7304
24.5472
27.5053
29.1844
25.703
25.6554
26.0641
27.5147
27.6359
25.4911
24.0576
25.6612
27.3693
24.6063
