26.4275
27.4252
28.8211
22.7511
25.3845
27.2153
27.4837
29.4725
23.3522
22.7768
23.8435
25.6371
26.1823
26.9712
27.242
24.5789
26.5857
23.7327
25.2191
25.3081
25.871
25.2019
28.1707
24.7013
25.5988
26.6155
28.3992
27.4862
28.553
25.0429
24.6375
25.8685
28.1982
25.7139
27.2149
28.3987
23.2454
23.9112
25.2468
26.4385
28.8849
26.3633
27.8459
29.4867
22.6365
24.7439
27.4678
25.2485
26.1246
26.3428
27.8106
29.8557
29.7432
22.9602
21.3
24.3583
27.0656
27.0376
26.6632
23.0907
23.5653
26.0158
26.1121
26.5594
22.8917
24.3874
21.7869
21.972
25.9048
