24.0211
25.4628
26.2626
24.4582
24.5931
21.9555
26.1197
28.1406
28.741
25.6453
27.354
28.8046
19.7317
23.7987
24.8932
25.4248
27.3787
21.5697
27.5218
29.2113
25.7882
26.7075
28.1037
25.779
21.919
21.7734
25.8693
27.5148
28.4232
28.5474
22.978
23.3091
25.5843
25.6273
26.4374
25.2116
24.9433
27.2955
29.1241
24.3984
25.3908
26.7193
27.1213
27.3888
29.4935
22.8395
24.1681
25.9329
26.7821
27.3007
24.7972
24.0202
25.8541
27.2081
27.8544
29.7499
22.5125
23.9568
26.5624
26.8977
25.5059
26.9443
25.5935
22.6561
25.1442
25.884
26.4876
26.9968
25.0502
21.8983
22.6685
25.2274
24.2083
