26.3794
28.7612
21.8025
23.7518
26.0154
26.19
25.1916
26.3104
26.8658
28.0259
21.1398
25.3524
25.5244
27.5303
27.0486
29.1675
22.4274
25.6943
28.4125
26.0918
26.6398
26.5759
28.4339
25.3381
22.5685
25.8846
28.2803
29.198
24.8167
26.9788
23.8889
26.403
27.5404
27.1187
25.945
25.6939
26.5036
27.8244
24.2798
24.905
24.3213
23.8594
24.8378
26.2008
27.0487
25.193
24.1638
24.46
26.8469
24.6356
23.529
25.5985
25.2436
26.8385
28.0468
26.1138
25.4605
26.4673
26.4936
27.75
24.8026
24.8801
24.5694
26.5296
26.1989
27.0556
27.2409
24.9866
24.3055
26.6699
25.4767
24.3453
