28.2682
24.4771
24.5167
25.6443
27.326
27.9776
21.9178
22.5348
24.3536
27.0958
24.009
25.9176
26.3889
27.9226
29.0475
25.392
27.563
25.1286
24.9712
26.7306
26.8117
27.5414
25.2022
24.79
24.1702
25.6635
26.8708
26.8978
27.5828
29.2861
24.7795
25.0605
27.1765
28.916
29.0333
30.0982
24.7799
20.8754
24.7468
27.6953
28.4481
29.8395
30.7383
22.5252
25.0844
27.7
26.1119
22.4108
26.9855
23.9775
23.2532
26.3809
28.2958
28.1088
24.8961
23.3493
22.5995
23.8785
25.3106
27.3828
25.573
24.9158
23.448
25.4634
27.1667
28.6718
28.9839
25.6228
22.0462
22.6312
21.9184
26.2619
27.0297
