23.6688
25.3721
26.3379
24.6987
24.9594
27.4735
23.608
24.7333
28.5821
22.8923
26.8631
25.5751
25.8584
25.9098
27.5397
24.9947
24.5879
25.4058
27.8738
29.9336
25.5095
26.566
24.1234
25.5866
26.682
25.3705
24.2886
25.3418
25.5307
25.1863
26.619
27.2983
26.7717
28.7947
24.6365
24.9999
26.2537
28.1822
28.9298
25.4818
26.6383
27.2893
23.3928
26.0329
27.1005
28.2009
25.7298
27.4322
25.5398
24.7252
26.8773
26.0403
25.4836
23.6787
23.6883
24.6136
26.7928
27.736
22.888
24.2974
23.2693
24.8977
26.5687
27.6218
26.9762
26.2681
