41.2043
40.2413
41.1563
41.0772
41.2239
41.3312
41.3772
40.5213
40.4721
40.8804
41.1114
40.0212
40.7574
40.8091
41.0905
41.2963
41.6453
41.9432
41.3301
41.6831
41.4363
41.3471
41.4897
41.8014
41.1841
41.2964
41.5429
41.692
41.9244
42.1122
42.2377
40.6286
40.5441
39.7564
40.6261
40.5083
40.6112
40.8224
41.0135
41.0961
40.9916
40.9357
41.1432
41.2414
41.4837
41.558
41.7486
40.0841
40.244
40.6255
40.8689
40.819
41.0254
41.238
41.458
41.4982
41.1165
41.1951
41.5195
41.681
41.5083
41.493
41.9215
42.0229
40.7211
41.1841
41.769
41.1411
41.7091
41.9401
42.1312
41.4438
41.3992
41.8009
41.7675
41.1086
40.9954
41.2062
41.4715
41.7763
41.2926
41.9081
41.6781
41.7822
41.7998
42.0748
42.0993
41.2155
40.6655
40.0715
40.2742
40.1739
40.9872
40.3906
40.6383
40.7612
40.7669
41.0076
40.3097
40.1379
40.4837
40.6882
40.852
40.0277
40.5725
40.2694
40.8354
40.9585
40.7902
41.6442
41.8767
41.5425
41.4285
42.2131
41.1533
41.1274
41.2985
41.4526
41.7862
41.758
41.3033
41.2158
41.3831
40.7072
40.9726
41.2752
41.5037
41.5527
41.2022
41.5289
41.1277
41.424
41.2391
40.911
42.0075
42.2486
40.4973
40.437
41.1566
41.3612
41.466
