36.7315
36.9391
37.0238
35.645
36.2936
36.2742
36.5704
36.2989
37.3875
36.9861
37.1978
37.6712
37.8588
37.2877
37.1949
36.173
35.9518
36.459
36.8112
37.1611
37.2607
37.459
37.6642
37.5379
37.8868
37.3558
37.6244
36.4192
36.088
35.9471
36.5079
37.0462
37.1361
37.4718
37.7027
37.9379
38.15
37.9067
38.3957
37.7318
37.9042
38.0092
38.2196
36.8458
35.7246
36.8378
37.1409
37.4102
37.5296
37.7479
37.2596
37.2012
37.4431
37.6021
37.8376
37.921
36.6851
36.1968
36.645
36.9349
37.1798
37.4211
37.3084
37.1417
37.4868
37.6238
38.2025
37.7735
37.824
38.0716
38.1179
38.2602
35.8143
35.8608
35.8032
36.1041
36.3089
36.4494
36.6689
36.0396
35.9107
35.9817
36.0915
36.2567
36.3716
35.7179
36.0937
36.1372
36.1318
35.9438
35.9115
36.1218
36.457
36.6262
36.362
36.9231
36.9236
36.6703
37.0439
37.0373
36.2697
36.821
36.0841
36.0888
36.4749
36.8348
37.2551
37.6029
37.7364
37.1435
37.1137
37.5833
37.7079
37.9308
38.0049
38.1326
38.3592
35.9371
36.4568
36.8298
36.9745
36.5641
36.7799
36.9214
36.6605
36.723
36.9542
37.0494
37.16
37.0306
36.7283
36.3141
