35.3073
35.4546
35.6827
35.9141
35.9415
34.65
35.8972
35.0811
34.9496
34.8209
34.8002
34.982
35.1641
35.267
35.461
33.9054
33.9994
34.4157
33.7159
34.0015
34.2096
34.5071
33.9212
34.2637
34.345
34.7914
34.9914
35.2732
35.2621
34.4605
34.4305
34.7093
35.0385
34.5882
35.2913
35.255
35.5111
35.65
34.8093
34.6431
34.4565
34.4578
34.7823
34.7696
35.1315
35.2387
35.389
35.6225
35.8534
34.3417
34.2722
33.8631
34.1375
34.3982
34.3502
34.5642
34.8595
35.1708
34.6514
35.5589
36.0408
35.9098
35.1372
35.4862
35.118
35.2657
35.6093
35.7878
34.8675
34.1945
34.6591
35.102
35.298
34.9488
35.7021
35.2808
35.7184
35.7857
35.9498
36.0502
36.1058
36.3533
34.4811
34.4981
34.9655
34.5477
34.6539
34.7981
35.1592
35.4229
34.752
35.2803
35.0377
35.2035
33.6594
33.8884
34.1886
34.4933
34.3019
34.7977
34.8477
35.2316
35.3651
35.545
35.5955
35.7942
34.1491
34.1809
34.3531
34.2094
34.2675
34.6065
34.6033
35.0834
35.1163
35.351
35.5139
35.6185
35.4317
33.7799
34.9806
34.6803
34.4581
34.1236
34.388
34.7846
35.1323
35.2294
35.5263
35.7617
35.9104
36.0699
35.0969
35.7364
34.557
34.8126
35.0765
35.2465
35.2685
34.1568
34.0814
33.8994
34.5226
34.1571
