38.1713
38.0468
38.3055
38.5834
38.8798
38.884
38.5493
38.7358
38.9227
38.9182
36.1279
36.7355
37.0507
37.3845
37.5335
37.9358
38.1363
38.1901
38.3569
38.4555
38.6256
38.8487
37.1209
36.6599
37.0877
37.2349
37.5011
38.3645
38.234
38.8049
38.8066
38.8719
39.1369
39.3066
39.3999
38.3299
38.3218
37.8721
38.0351
38.2188
38.4216
38.5747
37.3141
37.0065
37.6586
37.8751
38.2044
38.3689
37.4374
36.7361
37.6639
37.4227
37.619
37.8451
38.3405
38.7136
38.1003
38.4495
38.6693
38.5782
38.6228
38.8376
39.1179
39.2897
38.5833
38.1691
38.5058
38.7349
38.8996
39.0819
37.1985
38.1167
38.2368
38.5748
38.7316
38.9361
39.0981
39.0045
39.0556
39.3083
39.3815
37.5904
37.9124
38.4534
37.8653
38.1169
38.2664
38.3245
37.7724
37.4965
37.9062
38.6503
38.2075
38.3022
37.6347
38.1494
37.8334
38.2029
37.8486
38.2386
38.4575
38.8215
38.7214
38.641
38.9428
38.7859
38.3096
38.0673
38.4988
38.7881
39.1302
38.5241
38.515
38.4201
38.502
38.551
38.7148
38.8897
37.5934
37.8697
37.8984
37.5994
37.814
38.0581
38.2036
36.2573
37.1938
37.3135
37.6057
37.8876
38.0251
38.2352
37.2565
37.2766
37.3419
37.5392
37.617
37.6019
37.9948
38.0175
38.1778
