42.6353
42.9649
43.2614
42.6953
43.5757
43.7984
44.0777
43.4802
43.3709
43.5675
42.8181
43.0885
43.5516
42.9146
42.3997
43.3753
43.7176
43.8182
44.1614
44.2312
44.0544
43.9118
43.9252
44.4405
44.5634
44.6598
44.7493
44.7929
42.8145
43.2773
42.6221
42.7957
43.0766
43.311
43.6282
43.3621
43.2489
43.45
43.6865
43.7828
42.8405
42.112
41.9678
42.2709
42.7077
42.653
42.8815
43.1505
43.2201
43.3039
43.2472
43.6945
43.4928
42.6161
42.8285
42.6644
42.8278
43.3637
43.8261
42.3737
43.5539
43.6756
43.9708
43.4445
42.6758
43.263
43.5408
42.825
43.1443
43.5266
43.6475
43.8555
43.8243
43.4492
43.435
43.659
43.9039
44.0018
44.1412
44.3245
44.4974
42.3347
42.1777
42.915
42.7714
43.2059
43.5255
43.7555
43.565
43.9885
43.7112
43.8889
43.8768
43.2851
43.744
42.0981
42.4333
42.9314
42.959
43.4584
43.5565
43.7846
44.0331
43.6142
43.2438
43.5455
44.2347
44.3866
44.6104
44.7048
44.8886
42.9805
41.9922
42.9299
43.3222
43.4979
43.667
43.1501
42.7184
43.1303
43.471
44.0009
43.648
43.8915
44.0284
44.2814
44.3237
42.8186
43.0014
43.375
43.7041
43.967
42.9536
43.5846
44.3283
43.9365
44.0231
44.3195
44.2923
44.4868
43.833
43.0585
43.1881
