37.6446
38.3621
38.5583
38.4412
39.0353
39.3731
39.7427
39.4071
39.6318
39.932
40.1822
39.303
39.4775
39.6595
39.8712
40.1132
39.8393
39.1005
39.3711
39.4638
39.7151
39.7938
39.9658
40.0514
38.2278
38.2386
38.7693
38.169
38.5564
38.5511
38.7627
39.1131
39.2541
38.5113
38.7118
38.2812
38.8958
39.0689
39.134
39.0352
38.5095
39.2823
38.7932
38.7174
39.2605
39.448
39.8695
38.4431
39.2134
39.5147
39.7579
39.9165
40.0721
40.2366
40.192
40.4072
40.5543
39.297
39.1
39.2888
38.8572
39.0828
39.4331
39.975
39.3733
40.2457
40.164
40.1304
40.2084
40.5157
38.7898
38.7593
39.2823
38.443
38.889
39.3137
39.6415
39.8103
39.8866
39.0688
39.4935
38.8029
39.024
38.7486
39.0252
39.3592
39.8177
38.2789
39.5148
39.495
39.5883
39.4207
38.9482
39.0507
39.3126
39.445
39.6373
39.6771
38.4849
38.5222
38.1878
38.3572
38.1931
38.7366
39.1668
39.5002
39.3025
39.3392
39.9226
39.1046
39.4856
39.8183
39.3582
39.6095
39.3799
39.5992
39.6803
38.3998
38.2979
38.1526
38.3336
