34.2726
34.4673
34.5241
34.3371
34.5886
34.6338
34.7321
34.0955
33.8501
34.333
34.2038
34.457
34.7544
34.4694
34.3742
33.8516
34.1924
34.5754
34.0127
34.2139
34.5847
34.8527
34.9928
35.3312
35.5765
35.7918
36.0118
35.8842
33.7145
35.038
34.7068
34.8467
35.0088
33.8622
33.886
34.6557
34.7702
35.0499
34.6695
34.6924
35.028
35.2854
34.4011
34.1774
34.5066
34.4748
34.5882
34.6655
34.8375
35.0574
34.605
33.9986
34.6979
35.0608
35.2618
35.365
35.5406
33.9283
34.0486
34.1941
34.7326
35.2011
35.4776
35.3172
34.7765
35.2993
34.9048
35.0898
34.1984
35.1136
34.9361
34.2779
34.6453
34.8777
35.2015
35.4257
34.8228
34.9411
34.9601
35.363
35.5203
34.9148
35.2878
34.9356
34.8413
35.1057
34.0138
33.7785
33.9699
34.2121
34.453
34.6297
34.9304
34.9614
33.6547
34.2083
34.5066
34.686
34.8493
34.9639
35.2543
35.3251
35.5479
34.0083
33.9101
34.4245
34.4007
33.7047
34.7086
35.0468
35.3763
35.5119
35.7554
35.9281
35.2885
34.2354
34.4753
34.7409
34.8014
35.0515
34.3866
34.407
34.4566
34.544
34.8391
34.9082
35.0955
33.7923
33.3643
33.43
33.8552
34.0434
33.4832
33.3461
34.2913
33.8174
