71.2425
71.8485
72.4131
71.3561
68.1228
69.4603
70.782
71.4263
71.4581
72.629
72.8367
72.8427
71.4038
72.1467
70.9549
68.5454
69.3504
70.4012
71.082
71.8471
72.2985
72.2117
72.0788
72.1505
71.8306
70.6656
70.6833
71.4991
72.2989
71.9104
72.6865
70.9315
71.0451
71.2804
71.6201
72.2215
72.9262
73.4015
70.2873
70.4239
71.029
71.2108
71.7134
70.3204
71.2619
71.279
70.576
71.6312
72.979
73.6334
73.6629
74.2804
69.795
69.0398
69.2492
69.9892
71.2076
71.8968
72.1393
72.8871
71.0873
71.6665
72.5458
73.5228
69.4156
70.1792
70.9186
71.3627
71.9245
72.5167
73.3139
73.6324
74.4319
69.5836
69.9757
68.2704
68.8631
69.4006
70.0378
70.9431
72.2944
73.1281
73.1266
72.5907
71.7553
70.3595
71.1425
70.0866
71.1414
72.0879
72.3266
72.1159
72.4341
72.7504
73.124
73.4775
69.762
70.356
70.065
70.8685
72.3631
72.6372
72.4783
73.0095
73.6273
74.6429
69.3307
69.3446
70.6692
71.4581
72.0336
