95.6239
93.573
95.7956
96.1166
96.879
97.3731
97.9746
94.5557
93.1236
93.9715
94.9315
95.2542
95.8891
96.5445
97.5129
94.5228
94.4999
93.3355
94.1585
94.7232
95.1285
96.2776
97.2045
97.912
96.3832
96.0523
93.0926
93.009
93.769
94.351
93.0007
92.0086
93.2953
93.8576
94.3105
93.3608
93.9646
94.8936
95.8283
96.2487
97.0519
95.3467
94.7338
95.4415
95.5989
96.1979
97.0057
93.7742
93.8842
94.5498
95.6114
96.706
95.5514
94.6043
95.3739
95.9118
96.6056
94.8615
95.0567
95.3894
92.9571
93.9949
95.5862
96.9229
95.8001
95.4053
96.6411
96.5392
95.8189
95.5851
95.8523
96.8142
97.374
97.9818
94.4351
93.8631
94.0033
94.2022
94.7777
95.1122
95.2844
96.5641
96.1245
92.7019
93.4486
94.3965
93.2521
94.0485
94.8459
95.5141
94.1082
95.2532
95.1583
94.6071
95.5818
95.8337
96.4426
97.1268
97.7934
95.7079
94.6654
94.6218
95.2607
96.4131
94.3279
94.0968
95.2437
95.8565
96.0736
96.1241
