85.4772
84.1668
83.872
85.0203
85.9675
86.9386
84.6585
87.0914
87.5151
88.1695
88.5762
82.9849
82.201
82.4374
83.9665
85.3536
85.955
86.2132
86.1467
87.2455
86.3751
82.0215
82.5699
84.0101
84.9265
85.914
86.1694
86.6373
86.9683
87.3678
87.5567
85.3098
83.7037
83.5544
84.098
85.0143
84.2146
84.3492
84.7022
84.7079
85.8329
86.0988
82.8529
83.9046
83.8545
83.8653
83.5678
84.3745
84.5866
85.2866
85.9635
85.091
85.4531
86.0449
86.7298
87.1501
83.1134
83.6103
85.1266
86.2965
85.7076
84.9447
85.289
85.5291
85.9201
85.8875
85.9354
86.5699
87.007
87.2878
81.9685
83.9103
83.9805
85.307
85.5527
86.4722
87.3988
85.6894
85.1417
84.7854
85.9744
86.7909
87.4841
82.0176
83.1717
84.5197
84.6117
84.2591
85.1713
85.9211
86.2188
84.0043
85.9381
87.025
83.0062
83.6022
83.888
84.1443
83.7528
84.6719
85.4464
86.4593
87.2137
86.861
84.6793
84.6979
85.9069
86.8027
84.0922
85.2335
84.9279
85.7367
86.1415
87.2437
87.7303
87.7093
85.9546
85.4857
86.1598
86.8128
