66.815
66.8565
67.5962
68.295
68.863
66.7863
68.5834
68.9575
66.0836
65.2692
65.0907
66.3422
65.8569
65.9349
66.1475
66.9797
68.2417
69.4089
70.3743
66.9143
67.8429
68.2182
68.8835
69.2729
69.5443
66.3062
67.9295
67.428
67.3751
67.2653
68.242
68.3419
67.3207
69.9624
69.85
68.1046
67.6039
67.6222
69.0803
69.5683
66.8374
65.4378
66.1865
67.4466
67.8611
68.3799
67.7404
66.8896
67.0488
68.2048
69.0705
69.9457
70.807
65.5986
66.8745
67.1952
67.6011
66.3928
66.242
66.8712
67.974
64.9024
69.4653
67.6316
66.789
67.315
68.511
70.0434
66.4152
66.7828
67.8943
68.7496
67.579
66.5101
66.4652
66.1071
67.2577
67.3689
67.4831
67.8064
68.5488
68.5578
69.2167
67.7482
68.7214
69.2642
67.5148
68.3858
67.3361
66.338
67.0886
67.4469
69.0947
69.6177
66.7137
66.5501
67.8589
67.9401
67.6957
68.1575
67.9196
68.8581
69.3785
69.5264
67.1061
69.1133
67.1129
66.98
68.6428
69.5241
69.7814
67.8996
68.1808
68.9248
67.7052
