80.8946
80.7833
79.8939
79.7126
78.7891
79.9278
80.817
80.5957
81.9016
82.4817
82.8884
83.6817
79.7696
79.1363
80.394
80.182
80.8202
78.6871
80.0178
80.1797
80.5064
81.1322
82.0382
82.1798
82.5078
83.3755
81.4503
81.222
81.7293
82.3756
82.9529
80.0906
78.5643
78.2478
78.8656
79.3501
79.8273
80.2524
81.5067
82.6146
83.8227
84.4024
84.686
79.4636
79.2204
78.9978
79.4876
80.2955
81.5476
82.1326
82.3938
83.367
84.0334
84.692
79.1337
78.7681
77.9857
79.4068
80.7725
81.3933
81.5424
82.2767
83.0821
83.5791
76.8486
79.7938
80.0866
80.5041
81.6837
82.7472
82.864
83.3801
84.1646
80.84
80.7707
81.0374
76.6953
80.169
81.3981
82.3104
83.0044
83.4207
81.4208
81.8845
82.0518
81.6093
81.0721
80.2591
81.0594
81.5637
82.6374
82.4268
82.7323
81.4607
81.4049
81.5931
80.674
80.9192
81.0479
81.5597
82.3748
83.5085
82.8406
79.5116
81.7092
81.8664
82.8077
83.4012
