91.2995
92.6586
92.5194
92.0812
92.923
93.1901
93.7803
94.0229
94.5485
94.3164
92.5589
93.0472
94.2641
94.7314
95.3808
90.4132
91.6516
92.5424
92.9927
93.5544
94.6002
92.2953
91.7494
92.4196
93.5243
94.5409
95.0296
89.0198
92.1739
92.841
92.9405
92.5355
92.3317
92.9144
92.8219
90.6307
91.5649
92.6101
93.1061
94.2106
94.8841
95.1489
90.5064
92.1829
93.2668
93.8608
94.6434
91.0774
92.0169
92.441
93.1667
94.0563
94.7156
88.4517
91.2139
91.9762
92.8599
94.0817
94.6912
95.059
95.3064
95.4856
91.2059
91.129
92.1022
92.7333
93.4315
93.9441
92.9466
92.0354
91.5246
93.5345
94.6948
95.3639
95.7775
88.1856
91.0984
91.3966
91.0459
92.1449
92.9173
93.0969
92.6784
93.0727
93.1039
93.6879
92.3418
90.9981
92.294
92.26
92.9259
94.4813
95.2564
92.7664
91.1794
93.2757
91.498
91.5582
92.2401
92.7752
90.8778
93.6342
94.8131
95.3589
93.5979
92.8403
89.7563
90.3684
92.0145
92.9683
94.1288
94.863
95.3893
95.5369
93.981
94.4841
95.128
95.6657
95.9841
90.3147
90.9219
90.0936
92.4126
