97.3058
97.1809
97.3457
94.3045
93.6051
95.0339
95.9812
94.2203
93.0618
96.1559
96.3059
96.4058
96.7652
97.8576
92.9439
90.8218
93.6952
91.4371
93.3625
94.2874
95.7327
96.2012
96.7297
97.4303
97.7787
93.3485
93.3811
92.4973
93.935
94.6256
95.0823
95.6244
95.354
96.2567
97.447
94.2624
93.1651
94.0598
94.6218
95.041
95.6803
96.3506
92.3319
92.1571
94.9015
94.4128
95.4377
96.0782
96.7301
95.3248
95.3176
94.3825
92.4814
93.8044
93.9508
95.0975
95.819
94.0794
95.0718
95.6435
95.2619
95.0314
94.8749
95.6858
95.83
96.2827
93.776
92.1449
92.9935
92.3068
94.2347
94.8585
95.984
96.2386
96.6407
93.5624
94.9942
94.4036
92.8775
93.3561
94.3342
94.2428
94.941
95.5947
95.9065
96.3807
97.0408
97.9023
98.1665
91.177
92.5164
93.4978
93.6082
94.5065
95.2475
96.2075
96.4628
96.4523
96.2924
95.0598
92.6744
93.3548
94.8854
93.432
93.7487
94.3015
95.5647
96.1731
96.5791
97.801
88.9784
90.2479
91.8598
