93.2642
95.2545
93.9131
93.2385
94.7604
96.0775
95.928
94.9696
94.4675
95.3712
97.0412
92.6668
92.48
93.1986
93.8184
93.6694
93.4157
95.4096
96.8679
97.0972
92.2111
93.3488
94.0214
94.2396
95.727
96.1063
97.5138
96.8639
96.6388
97.177
97.7876
91.1345
90.1121
93.8002
96.1236
96.9124
92.364
94.5733
95.9799
92.8596
93.9967
95.4289
96.2734
96.4966
93.7659
95.4286
97.3098
93.1258
94.1872
94.7686
95.4064
95.7398
96.4264
94.3344
93.6219
93.0916
95.0599
95.8795
96.4849
97.2318
91.8181
91.7067
93.7188
92.2751
93.0942
92.6233
93.6006
95.672
97.1205
97.6955
97.7264
87.3608
90.4021
91.5785
94.2182
95.6062
96.0547
95.3587
96.1346
95.5969
96.7529
97.0061
86.9598
88.4493
89.3322
91.2186
92.4206
93.8115
94.4306
94.1289
95.2247
97.3024
90.6012
92.1948
93.6068
94.8095
