90.6836
92.3533
94.6196
94.5991
95.177
95.9155
94.0205
94.173
92.0799
91.5511
92.2684
92.4419
91.6097
94.1273
92.0492
92.1899
93.1102
93.6527
95.3726
96.4322
94.6791
95.3805
94.3903
94.7628
96.3142
93.0855
94.6909
94.3546
94.8547
96.0771
95.5118
96.3672
91.5442
92.3728
92.0458
93.2985
95.5046
95.8997
96.4112
96.8768
93.7278
91.466
93.2027
93.674
96.1399
96.5552
96.9273
94.7574
93.6592
94.8457
96.1167
96.8653
93.0739
89.6571
93.8769
94.3434
93.4122
94.8393
96.5875
92.1055
93.6818
92.796
93.1595
92.3704
93.0762
94.4539
91.2669
94.3032
93.4331
94.5742
96.2677
96.9113
93.1918
93.3499
94.6442
96.1013
92.9749
91.3561
93.7101
90.7221
96.3868
96.5244
94.9725
86.7865
90.7411
92.9236
94.6857
95.6138
