95.2726
96.5343
88.8095
90.6728
92.2643
93.2546
90.1029
92.2721
92.7256
91.8988
92.7523
94.4054
92.3289
91.9111
92.2554
93.3497
94.3884
95.0717
91.4565
92.0389
92.6801
91.1001
91.3901
91.2873
91.872
92.7393
93.0566
90.3908
89.3264
90.1467
90.4114
91.1479
92.0205
92.5362
91.133
92.2229
93.6074
94.3427
94.6557
89.0418
89.7198
90.4605
91.1916
91.712
92.1309
92.0444
92.5645
89.6837
88.0555
88.4387
88.8838
89.8927
90.9528
91.8047
92.2786
92.8648
93.5868
91.2182
88.4404
89.6721
90.6934
91.9757
90.171
90.5236
91.0534
90.6923
91.625
91.8895
89.6444
89.0034
90.2982
91.1398
91.7475
91.7635
88.1949
90.0996
90.883
91.2608
92.0678
88.0024
88.0993
89.1045
89.6117
90.5388
89.6445
89.8942
90.1442
90.4891
91.3408
87.1455
87.0471
87.6945
88.0228
88.1688
88.5522
89.5303
88.6955
88.2788
