92.0737
91.4009
91.2963
93.2006
94.5544
94.6781
94.995
92.0938
88.4457
92.6719
94.3554
95.8229
92.929
93.538
93.2597
92.0643
91.0132
89.7651
91.1719
93.3058
94.1871
95.3024
95.1789
95.9977
93.5341
91.591
91.1956
92.865
94.4922
94.5936
93.47
92.8712
91.7905
90.3166
92.4015
93.7708
94.5618
92.5157
92.575
92.5334
91.5792
91.7925
92.9932
94.5411
95.3266
95.5958
93.2924
92.4853
91.6905
92.2904
94.0128
95.1966
95.2789
93.3011
90.1796
91.9436
90.3926
90.0314
92.5055
91.1988
94.0048
93.048
94.2137
95.9714
97.5169
88.3988
91.2755
93.1644
95.1672
96.4098
89.3842
93.8909
95.6586
96.3837
88.7691
89.4156
91.4738
93.3622
94.6989
96.5915
96.6889
91.9315
94.0831
94.8221
90.8641
92.274
93.5799
94.7111
95.0892
