81.2215
77.4897
78.1542
79.8298
81.2726
82.1493
82.2551
80.7911
82.9081
83.4836
75.5658
77.2009
79.2084
81.2888
80.6402
78.6356
80.796
80.095
76.9722
78.0931
79.1895
80.012
80.3253
80.9595
81.418
81.2559
77.9184
77.9602
79.5058
80.5855
81.2979
81.3281
81.4097
79.3043
79.2085
79.0313
79.6481
80.0991
81.5622
83.0583
77.9079
78.7728
77.9022
78.3429
78.0154
78.6995
79.2072
81.4483
82.4757
83.1555
78.9653
78.9853
78.7915
79.3771
79.6619
79.8002
79.3007
80.3784
81.5255
75.3151
79.0478
79.5275
80.1891
77.6721
76.9862
76.6188
78.395
80.851
82.9363
79.6518
80.4088
80.9481
80.6721
76.979
79.0415
79.0072
78.8898
80.7248
81.6807
82.0023
83.4033
77.9578
76.37
76.0418
79.0206
80.6687
81.6014
81.6865
82.6484
