88.3013
89.8099
90.7306
91.7475
86.6339
87.8861
90.3335
87.6606
86.7089
87.4388
88.0626
89.4316
89.8571
85.7405
88.0776
88.7235
88.3875
87.7196
89.7587
91.2293
84.5342
87.4211
88.0688
87.1254
87.2024
87.4161
87.7848
89.3134
88.1831
88.514
88.7874
89.6376
90.4644
86.8917
88.0537
88.2791
89.8344
91.5274
88.944
89.2923
90.3036
91.7878
85.3651
87.4842
89.3998
88.1689
87.5901
87.6811
89.6345
89.2602
86.6482
88.0425
89.3455
90.9257
88.1869
88.2881
89.9428
91.4676
87.1144
88.177
87.9149
87.4572
87.8124
86.9042
88.717
89.7719
88.7354
89.0923
90.1973
90.0644
89.2998
91.3497
86.9285
85.8854
89.0137
89.6114
89.1694
89.0512
90.7339
91.9956
86.8124
87.3425
88.8861
90.0313
88.7938
