84.3821
85.2992
84.4792
84.5685
86.1506
82.0914
81.4804
81.822
83.4344
84.7658
84.6477
82.7583
83.7838
82.4409
81.858
79.7239
80.0953
83.7087
85.2136
85.9215
83.3332
83.1304
84.8159
86.8687
87.8439
83.3274
84.1018
85.7836
86.7845
81.9344
79.7073
83.0073
84.348
84.8259
84.476
84.7477
84.7794
84.4322
81.5258
81.7697
83.3671
82.8139
84.798
85.9719
83.6465
81.6619
81.4725
83.1854
83.9154
84.164
85.0769
84.1018
84.7643
85.4144
86.3758
86.7853
83.3558
79.6155
81.4018
83.3541
85.6031
80.3193
84.6897
85.2419
86.7546
79.5871
80.9631
81.978
83.2255
84.7464
84.6181
85.5902
84.1808
84.7255
81.248
80.7808
82.8968
80.4527
85.1849
83.6692
84.6679
86.2766
87.4528
88.0541
80.455
81.5729
83.7728
