94.28
95.3294
93.7449
94.8001
96.3647
93.7531
93.6294
92.7941
95.0144
95.5116
93.1072
93.5817
92.6428
92.08
92.607
92.066
92.7394
94.8544
96.0941
97.2611
93.6659
92.9996
94.1658
94.1139
95.0296
95.657
96.9742
93.7621
94.0511
95.5722
91.8857
92.4206
93.1241
94.9682
91.5861
93.4651
93.3473
92.6274
95.3162
93.1574
94.3091
96.206
92.6837
91.0859
93.0432
94.2563
95.3325
91.6631
93.0715
91.5819
92.5151
93.0565
95.4243
96.7946
95.1335
94.5321
93.8901
94.001
93.5948
94.2703
95.1681
94.6148
93.4472
93.0356
93.3214
91.1486
92.688
93.5037
94.7501
95.8406
94.8188
93.6527
93.285
92.9831
93.4789
91.5563
93.6531
91.7268
92.1893
92.6484
92.021
