89.8915
91.6631
85.4478
84.8158
87.1414
89.9432
90.6335
89.4647
91.0427
92.2538
85.9001
87.5587
88.7069
90.4511
89.0596
89.5238
89.8383
90.8099
89.0708
87.403
89.4409
90.1009
87.2402
88.16
87.4378
89.6497
90.6837
87.9125
89.1857
90.7099
89.5351
88.848
90.1969
90.8875
88.0837
86.1248
88.4277
91.2028
89.8804
89.6835
89.8564
91.4724
92.6828
86.9228
87.7172
89.052
90.5713
87.789
86.8452
88.4861
90.3894
86.7676
88.0712
89.9421
91.1691
88.2702
89.3481
89.4965
87.0545
88.9118
87.5888
88.6754
90.155
88.4352
89.2684
90.3277
91.2189
92.7098
87.519
86.5619
89.3478
90.1813
90.0478
89.6848
89.6086
90.3468
91.7385
92.9766
85.9212
89.0649
87.8572
89.2849
89.5327
89.8769
91.7802
92.722
88.1361
88.5367
87.8363
88.8616
90.4157
