22.2564
21.9718
23.0258
25.187
28.2516
28.4876
28.6451
20.2943
22.0165
24.5627
27.8394
27.0106
26.9083
27.1356
28.6378
19.2772
24.607
25.0616
26.8893
26.4025
26.8274
28.8297
22.5579
24.5376
26.9416
27.2188
28.1332
26.4635
23.2413
26.61
27.9307
27.3618
27.658
28.8013
19.3642
21.5864
22.5024
27.022
28.0299
28.5123
23.4268
23.1233
26.3332
27.7673
27.6951
29.0729
21.9183
19.3107
20.8297
25.0651
28.9381
28.5994
28.8771
18.0637
23.4139
26.8008
26.7893
27.1028
27.9016
26.6584
22.7821
24.6093
27.4128
26.0106
25.2156
24.5271
22.0884
23.1197
25.8766
25.4411
