23.2381
24.5029
25.2601
27.428
28.3381
26.1354
22.9384
23.2689
24.0941
25.9296
27.6241
23.1524
27.5119
24.4842
24.4751
26.7904
26.0868
24.6798
25.3561
24.8432
24.6079
26.63
28.4762
29.5539
25.2162
24.5274
24.0309
26.0717
27.2312
28.1818
24.8824
24.9568
25.5028
27.0352
25.9507
25.6842
22.8702
25.2253
25.32
26.487
29.4221
25.5585
24.5169
26.1097
27.2718
25.3647
24.1652
24.064
26.3113
28.415
28.9292
25.6252
25.5216
24.717
24.8555
27.2267
28.0912
27.386
26.0469
24.8142
26.1101
27.9772
26.9234
25.8284
25.2903
25.0537
24.0865
