25.2943
24.3351
26.8762
24.9825
24.2054
25.3198
27.8886
23.762
22.9414
25.6452
25.2344
25.9247
26.5539
29.5363
25.6831
26.499
28.5655
20.0905
24.0971
27.9563
29.2942
24.2385
26.9792
23.938
24.9627
25.459
25.9197
24.519
26.8894
25.382
25.9666
27.518
27.0986
24.0169
25.1524
26.2922
26.1745
27.6188
26.586
25.3118
24.8682
25.8909
27.2932
29.0039
25.178
25.908
25.3289
25.9577
25.061
27.1591
25.3005
25.3864
24.0738
21.1288
25.4048
27.3604
28.4
25.6939
27.6584
28.4937
24.0458
24.226
22.6123
27.7347
24.8814
26.6386
26.8717
24.782
25.9261
27.8599
22.7446
