25.4438
25.6003
25.5502
27.5008
26.4993
25.8916
24.2185
25.7373
23.8704
24.2281
26.3992
25.2081
24.813
24.8722
27.9157
25.2641
26.735
27.7112
25.7968
26.2563
27.7617
29.848
21.6548
25.0525
26.4577
26.5464
25.5641
25.2711
27.407
26.0914
23.5221
24.8965
25.1037
26.0331
26.9296
27.0609
26.1774
25.7986
25.3013
27.2973
26.4745
25.6035
25.8076
27.0114
28.288
26.7901
22.6519
24.4625
25.2171
25.0948
26.8662
28.7153
26.7153
26.0684
24.8063
25.6708
26.8186
27.4161
24.0821
23.8374
24.6033
26.2685
27.4556
26.884
24.7356
25.8353
27.564
22.0804
24.3209
25.4081
27.5225
28.3174
