26.6592
23.5857
25.0011
27.52
24.2414
26.2538
22.1681
25.4476
23.3855
25.4745
27.0888
21.6521
25.3338
27.0021
28.7175
23.4447
25.2053
25.7478
26.7941
27.5031
29.5745
21.1585
24.3797
25.7975
26.7459
27.9862
29.5406
23.2417
23.8399
25.3433
28.7932
28.3614
29.6256
30.5524
22.4538
21.1101
25.1728
27.2962
27.0664
28.733
30.0756
30.5087
19.9906
23.7972
25.0017
28.4932
28.3252
28.905
26.7014
20.8144
23.8215
25.6249
27.4347
27.2929
26.3826
23.5374
23.8341
26.4713
27.4402
26.4303
24.5989
23.8477
25.381
26.5321
27.7549
24.6249
23.9277
24.9003
26.2614
28.1786
25.5542
26.7959
