95.3182
95.7134
92.5759
94.9209
93.7301
92.8601
93.5439
94.5337
95.372
96.2998
94.2886
95.086
94.7345
93.6716
91.7086
92.9497
94.0425
94.1505
95.0311
94.3778
94.7943
94.6533
95.0755
95.9612
96.8813
97.3982
92.8708
93.3653
93.8615
94.4191
94.9146
93.3392
92.9924
94.3201
95.6432
96.5451
97.2048
97.4337
93.7933
93.6125
94.3683
92.7227
93.3263
93.9739
94.8484
95.681
96.4613
94.5263
94.411
94.6399
95.8948
96.9259
97.365
90.7875
94.2045
94.9052
96.0563
91.1225
93.8611
94.2481
94.542
95.184
95.9504
92.6203
92.683
92.1001
94.6255
95.0372
94.5236
94.3183
94.8528
95.0851
95.3933
96.3929
96.8934
90.5255
92.9275
93.2467
92.8174
93.742
92.7734
94.8483
95.0111
94.9977
94.1984
94.0067
94.8545
95.8395
96.6171
91.6083
94.1427
94.9026
95.6569
94.2521
94.5899
95.0317
95.6715
95.5823
96.7785
93
92.567
92.8745
93.8883
94.6442
93.1849
94.5447
95.6866
95.042
