94.076
92.2404
94.2039
95.3647
95.9699
96.5346
95.4897
96.729
97.6762
98.3294
91.9801
91.9813
92.7655
93.2529
94.0836
95.278
96.22
96.4683
97.0491
96.5876
97.4763
97.6165
97.6958
98.1362
89.4678
91.3476
92.0364
92.9904
94.29
95.3359
96.2603
94.4979
94.7637
95.4718
94.904
92.314
92.0191
92.9634
93.9194
94.7878
95.9333
94.5055
93.8895
95.2019
93.7611
95.2057
95.9422
96.4147
92.7996
94.3474
95.0389
94.6005
95.3545
95.8666
96.1399
92.5671
94.3644
95.2899
95.5218
96.0944
93.35
93.643
94.2
94.7997
95.5224
96.6063
93.7352
93.4087
94.5128
95.0979
96.1937
96.769
93.3627
93.5281
95.1389
96.3411
93.7561
93.8542
93.6204
92.8154
93.3708
92.6829
93.1195
93.3163
93.9776
95.2184
96.3635
96.8579
97.4029
93.9587
94.4326
93.7644
92.8459
92.9455
94.0608
94.6721
94.87
95.3709
94.7349
91.8036
93.226
92.2156
92.8711
93.1605
90.6537
90.7412
91.4156
92.3719
93.1263
94.5731
92.6909
93.3324
94.0854
93.4631
93.1418
93.4773
94.5236
95.3092
95.7959
