94.1365
93.4683
94.615
91.7874
90.6469
93.815
94.8229
95.6922
96.6568
94.4886
95.2286
94.0775
95.321
96.2689
96.7039
92.5063
92.9815
93.341
94.3275
95.0636
96.3065
97.027
92.9392
92.1974
95.4224
96.2511
96.7169
92.5686
93.0397
93.622
93.7585
94.423
95.2842
96.098
96.9465
92.9034
93.5539
93.5208
90.8116
93.083
95.0236
95.2693
96.0682
96.2929
96.8913
97.7951
94.2144
93.5319
92.2464
91.1063
93.6426
94.4084
95.4259
95.89
92.5722
95.2315
95.9506
94.492
94.0431
92.2008
93.7993
94.9429
96.0591
96.3017
96.4938
96.4189
96.2902
93.8976
94.046
94.4009
93.0169
94.4122
96.1061
96.6251
96.8134
95.5256
95.1771
95.8748
96.6112
97.3101
91.7215
92.8825
93.4086
94.5056
95.563
96.2307
95.2971
93.6513
94.7856
96.0377
96.4581
97.0142
97.079
91.8746
92.4554
93.0664
94.312
95.0047
95.3364
95.3553
93.8466
93.534
92.0247
92.2867
93.1362
93.8484
94.0889
95.0171
93.482
93.6546
94.1578
93.9229
94.4666
94.5146
94.2603
94.314
94.7115
