72.2441
72.5344
72.5456
72.8867
72.4016
72.8849
73.1067
74.2519
74.2516
74.5851
74.7496
73.6966
72.7278
72.562
73.319
74.4023
75.2314
75.8846
73.763
72.9197
74.9148
74.4848
73.7753
73.2643
73.339
74.8922
75.6918
73.2586
72.4365
73.7947
74.8082
73.4639
73.0561
72.5246
72.4078
72.9408
73.3908
75.2665
73.4476
72.6003
73.1816
73.9937
73.9512
74.8043
74.9776
74.1259
73.5896
74.7977
75.8273
76.4244
70.2817
73.5437
74.4711
75.4627
74.6014
73.6047
73.2804
73.195
74.1589
73.8732
72.4346
73.7564
74.3945
76.0802
73.9096
72.906
73.8502
74.1858
75.0502
75.9275
71.7572
72.8075
72.6452
72.9186
72.1122
73.8131
73.9345
74.5425
75.0999
75.1333
76.1366
74.7074
73.1624
72.7523
73.0592
74.2407
73.5668
74.5197
74.5964
74.86
74.9576
74.4939
72.6362
73.3055
73.9254
74.4014
72.9844
72.0751
72.4171
73.6999
73.4475
75.0122
73.6269
72.3756
73.3039
73.7772
74.3318
74.2143
73.4271
74.9197
75.9196
76.6154
73.2503
72.9185
72.1004
73.2943
74.4112
74.7349
