73.6971
74.0848
74.8695
75.8277
76.3049
75.9336
76.3445
76.0733
75.6715
73.7185
72.9068
73.0403
74.2059
75.1447
76.4341
75.4493
75.3762
76.6437
75.8203
75.2897
73.9402
74.0524
74.9234
75.5254
76.6628
74.3453
73.3462
74.3621
75.0528
76.1073
77.0151
77.4312
77.6493
74.8668
76.2149
77.0291
77.301
77.9834
74.1789
73.7976
74.3237
75.2573
73.1066
75.0328
75.9296
76.3208
77.1911
77.6955
73.7217
74.9195
73.5508
72.9915
73.174
73.7298
75.3878
76.1469
76.7949
77.4857
77.8226
78.6976
78.9927
71.4832
72.2063
72.5149
73.0681
73.8193
74.2744
75.2329
75.7862
76.9038
77.185
76.3598
75.1987
76.2734
77.0682
73.9965
73.0724
75.7125
75.7876
75.5597
76.1366
76.5707
77.4898
71.9266
74.8878
74.155
73.9663
74.6977
75.4262
76.1775
77.4889
73.7736
76.7241
76.6349
77.4354
78.2377
78.8486
73.1552
73.2599
73.0074
73.3322
73.7974
75.2072
75.3441
75.2013
75.313
76.6488
76.8739
75.8441
74.194
74.3882
75.321
76.0699
74.4431
74.945
73.6192
74.5649
75.2311
74.89
74.5908
74.0687
73.2739
74.8138
75.3632
