84.1906
84.8185
85.2282
83.147
83.5276
83.2276
82.892
83.0719
83.8542
84.7803
85.508
81.2912
83.9926
84.0716
85.1115
86.121
81.9664
82.7272
83.2136
84.2102
84.5417
84.3872
84.811
85.2973
85.8079
84.0555
83.625
82.1035
82.6002
83.1891
83.7937
82.8538
82.8526
83.7081
84.799
85.8278
83.3225
82.3247
81.7676
80.7996
82.9701
83.9314
84.4029
82.2563
82.7825
83.1498
82.6465
82.9989
84.0322
85.14
85.5554
85.9411
83.2959
83.5946
84.7018
85.8818
82.8287
82.3728
83.4757
84.1807
85.6518
86.6585
83.8802
83.392
83.5811
84.9144
84.8526
83.6841
83.089
84.3198
84.6212
85.517
86.0892
86.7677
86.8261
81.9203
83.1698
83.9666
84.9141
85.6212
83.0321
81.7892
84.2476
85.5149
83.877
84.3395
85.136
83.6259
83.4523
82.5716
82.5905
83.1569
84.0181
85.4863
86.0496
86.451
83.8561
83.7109
83.6617
84.0071
80.0795
81.5994
80.4096
81.7943
84.2129
85.5298
86.0825
83.1428
84.0173
84.3112
85.0688
85.554
81.5401
81.079
81.4435
82.8145
82.8402
