74.94
76.3518
78.2919
79.0471
79.7561
76.6265
75.6774
76.4193
77.109
77.7757
75.9318
75.1048
75.472
75.5128
76.9244
76.8751
77.865
77.3174
77.8922
78.3637
77.84
76.0777
76.5377
77.0294
77.9927
78.9072
75.452
76.0212
76.4905
77.7088
78.0037
77.0044
76.4332
77.0495
77.7678
78.5389
77.026
75.1846
76.2227
76.6892
77.8228
76.7814
76.4998
76.1545
75.3477
76.8587
77.9031
77.2739
77.8332
78.7318
78.9428
79.1709
77.3524
78.0961
78.3303
78.8602
79.8875
80.1795
74.8363
75.7832
76.607
77.9322
78.9242
79.462
76.7937
77.9032
77.2645
76.0824
75.8442
76.5877
77.732
78.1552
77.8679
78.3332
76.9043
77.7555
77.3715
76.7563
76.1425
77.3631
76.7601
76.5954
78.0737
78.2195
78.9532
79.5713
76.9853
76.5369
77.1083
78.2647
78.9102
75.263
76.4134
76.5114
77.3603
78.098
77.3945
77.8426
78.3335
78.2379
78.258
76.2905
75.9618
75.6707
