82.2142
81.4297
80.9094
77.4712
77.4451
78.1633
78.668
79.205
79.7693
80.3346
78.0149
77.809
77.8217
77.7941
78.6928
79.2373
78.8811
79.8393
79.7779
79.9178
79.7714
80.1358
80.6401
81.0517
81.688
78.8495
78.8479
79.7894
80.8453
78.1141
78.0948
79.3822
80.6811
80.9373
80.3352
81.1236
81.3643
82.0015
79.7815
80.0673
79.3588
78.2931
79.1823
80.4196
81.0533
81.2887
81.7055
80.494
80.0622
81.1934
80.4481
74.7647
77.9369
79.0136
80.3201
81.2543
81.5895
80.711
78.3992
79.8523
80.1231
80.5373
80.9038
81.1491
76.8236
76.9325
78.5673
79.3712
80.5149
80.6079
81.6069
81.9056
82.3899
83.227
78.5895
77.7873
78.6239
79.1801
79.8517
80.5814
80.2359
80.1559
81.1876
80.3427
80.9431
76.8778
78.0605
79.4617
80.2431
80.2524
80.7663
81.4978
82.4423
82.8968
79.9012
78.0194
79.0912
80.5368
80.0862
80.6466
80.8108
81.4863
81.4611
78.3715
76.8629
78.0971
79.0406
79.0301
