92.7594
92.5898
93.2219
93.9277
94.6459
94.1572
93.5908
93.9921
95.0006
94.3175
93.8301
92.9973
93.6922
94.6409
95.1724
92.9089
95.781
94.8014
94.5929
95.8227
96.5254
97.1763
97.6123
91.9853
92.8274
94.6858
94.3309
93.8967
94.2596
94.5609
95.0952
95.8256
96.4963
97.4998
93.8981
93.6381
93.0954
94.4767
94.3967
95.1842
95.3671
95.5767
94.4009
95.0997
95.7333
96.1477
94.3947
95.1258
94.5336
92.9467
93.7387
94.2125
94.5599
94.3043
95.3781
96.2105
96.089
95.1537
95.636
95.2564
93.9747
94.4633
94.2229
95.2317
95.8186
96.7275
97.5783
94.1672
93.9124
93.4731
93.0214
93.7047
94.6271
95.5509
96.7423
96.5825
95.8082
94.9475
95.8904
94.9855
93.4079
94.5092
95.1138
94.2214
93.4591
96.2507
96.5709
96.6331
97.5304
98.0242
94.7348
93.471
94.1988
94.8643
95.1255
95.6832
96.5275
97.7053
95.9561
94.3353
93.2752
93.9031
94.4433
94.8694
96.0981
97.179
97.7323
96.4653
96.3454
95.8324
93.1675
93.4679
94.2738
94.7752
