94.6233
93.7647
93.7592
94.1849
94.3567
93.7464
94.6821
95.0125
95.6536
94.8813
95.6144
96.2355
97.041
97.4163
97.6816
94.1617
94.593
95.0096
95.5871
92.548
91.9976
93.2954
94.3124
95.2267
96.5089
97.8003
95.4336
95.2189
96.2671
97.0436
97.9201
90.291
93.3529
94.029
94.7527
95.8493
96.5467
96.4307
94.1393
95.7428
96.4305
97.1078
97.6434
90.6851
93.5741
94.8858
96.0027
97.3042
98.2623
97.9569
93.5102
94.6728
95.9248
96.783
97.3259
98.0402
93.9379
94.8248
95.264
96.314
94.1811
91.6207
93.7669
94.2245
95.2379
95.8981
96.9511
91.8125
94.1486
94.9897
94.7857
94.0039
94.9786
95.6075
96.257
97.1555
93.3294
93.3909
93.0488
94.9394
94.927
96.0097
96.652
94.8012
95.9706
96.8273
97.3073
98.3132
98.3766
92.277
91.9946
93.1909
93.5731
94.0285
94.6573
95.9015
96.2504
96.0237
96.5805
97.5925
92.9465
92.7355
93.538
94.287
95.1784
92.4947
95.3395
95.8427
96.4064
97.649
94.3593
92.631
93.1209
93.9536
95.2034
95.7831
94.136
94.9508
95.1907
96.2618
96.7168
