90.9944
91.6216
92.8471
93.7504
90.6553
90.3433
90.168
91.199
91.1765
91.5124
91.6926
91.3129
91.6287
92.6506
92.1358
92.8265
93.2011
89.9154
90.3546
89.9935
88.9549
90.0227
90.484
91.0401
91.9482
92.9039
93.5348
90.445
91.2194
91.0701
91.7427
92.4501
90.7055
91.1438
91.7147
92.5612
91.7926
92.3731
92.4205
92.716
93.3198
93.871
88.3651
88.327
89.5447
90.6376
91.2689
92.5615
93.0943
93.1464
92.3918
93.0164
91.8579
91.7296
88.853
89.4269
90.5264
92.1643
92.7567
92.6968
91.3107
92.7298
93.6454
94.4315
94.8981
88.6388
88.6519
89.923
91.0199
91.4097
92.9467
93.342
93.5431
94.0166
91.9181
91.2344
89.8892
89.2048
89.9472
91.2496
91.9979
92.4495
93.6116
94.3729
94.8966
89.5397
86.5931
87.5112
88.2467
89.9407
89.4724
90.7199
91.6831
92.9653
93.096
93.4402
92.9072
91.4046
89.2185
89.826
90.717
91.5002
92.1878
91.6538
91.4281
90.644
92.9969
91.9855
90.6387
90.1959
90.0623
