95.9282
96.5757
93.4516
90.9924
92.1123
93.1103
94.755
93.4799
94.3497
94.3739
93.2949
94.3373
95.6212
97.0262
94.2303
93.8701
94.052
95.3351
89.3333
92.9341
94.4097
94.3834
95.421
96.5768
96.3987
93.1905
93.0371
90.5789
91.9694
92.9278
93.7225
94.7624
92.4452
93.2426
93.2723
94.7792
96.3435
92.3008
92.6902
94.2471
93.2618
94.0244
93.6989
94.0214
95.3869
96.7314
97.4464
93.4723
94.3555
96.0054
97.569
92.7988
94.235
96.0723
97.4812
91.8408
89.3091
90.2005
94.4301
94.5025
93.6779
93.4333
94.1354
96.2696
92.2697
92.2483
93.95
90.421
88.1908
89.897
91.816
92.7448
93.583
95.1077
93.9667
94.3768
92.3452
93.6809
94.252
95.208
96.7069
93.6542
93.7532
94.5706
94.1923
93.8849
94.1553
