89.105
86.7201
89.0124
90.449
86.0561
85.2437
83.5025
86.6702
88.238
89.33
90.8993
87.2689
88.1784
89.669
91.1104
86.021
86.8858
89.0708
88.7932
88.2649
88.9985
89.2731
87.8029
87.4173
83.1936
85.252
87.671
87.9716
89.5889
89.582
88.9669
89.6505
91.4976
83.1518
85.8193
87.5375
89.7879
87.2191
87.7855
88.803
88.873
84.1441
84.6507
84.0604
85.2708
87.9625
87.8441
88.3422
88.5007
90.1857
91.0373
85.3252
85.9205
87.5875
89.3009
86.825
86.8778
88.8793
87.4561
85.7144
87.601
88.4675
89.9118
89.0242
88.0758
89.6694
91.4285
85.0291
85.3194
86.9581
88.9193
90.1355
86.0043
88.3195
86.3875
85.8218
86.708
86.7923
88.4836
89.343
87.2469
87.9891
89.8249
90.8703
91.1331
90.8236
85.9552
84.3346
82.9816
85.7088
87.3101
88.9017
