92.7479
91.8999
91.6927
93.9298
93.2156
91.9672
91.6019
92.3533
93.8896
94.6249
95.0635
91.6212
92.2541
92.826
91.4165
91.1978
91.5752
92.0623
92.7552
89.5911
89.9309
90.3472
90.8753
90.9686
91.9192
92.6618
88.7485
92.0414
93.2052
93.8272
94.4013
94.6066
89.1084
90.0649
90.3128
91.509
91.6891
92.2734
92.2172
92.0179
92.7476
90.9151
89.1798
88.5082
89.8558
90.7179
91.5127
91.919
92.3708
93.1575
92.7042
90.078
89.4549
90.4604
91.6204
89.9656
89.1356
90.6591
91.4699
91.5435
93.0725
91.5874
89.6507
88.4306
89.5024
90.1117
91.1183
91.4259
91.7339
86.8156
89.6031
90.3586
90.9985
91.7721
90.6123
87.964
88.9373
89.6008
90.5636
89.8266
90.0893
90.5919
91.3469
87.9173
87.5209
87.6541
87.8765
88.0605
88.2344
87.8531
89.3345
89.2073
89.2589
87.4081
89.4516
89.299
89.7419
90.0574
90.2883
90.3515
86.1515
86.5774
86.6548
87.2749
87.1055
87.4786
87.9847
86.1754
86.7132
86.8926
87.2986
85.4527
