89.9001
91.5683
92.2305
93.5126
94.8699
96.3394
96.3911
94.7131
92.4687
91.0238
92.5494
94.0058
95.1067
95.8393
95.7924
95.4066
92.3713
91.8759
92.9986
93.6874
95.9803
94.9643
94.94
96.6144
97.6311
87.8943
91.9552
93.3873
94.8775
95.4227
96.4467
94.8523
90.3899
90.8102
92.5678
94.7467
96.2833
96.2043
97.0848
90.6028
91.239
92.4856
94.8732
95.4505
95.1932
96.9636
90.0808
91.6897
93.8745
95.8013
94.3033
93.4396
94.2951
96.7646
97.3106
89.3863
90.54
92.5034
92.2065
92.85
93.154
95.4249
96.4962
97.4753
91.0425
91.926
93.6709
93.5612
94.2125
94.2309
94.9071
96.1653
93.7993
91.1249
93.0724
94.0677
92.6441
92.4842
91.3536
88.2182
91.6644
92.0266
92.4357
