68.8685
69.302
69.5784
68.9969
66.2992
67.574
66.5649
69.0555
69.2473
69.9974
69.0152
69.2743
69.9924
69.617
68.9896
67.5723
67.148
67.839
68.2002
68.5817
68.3948
69.2833
69.9463
70.6569
71.5199
67.888
67.5882
67.5567
69.3753
70.3898
71.0509
65.6514
69.3722
70.2736
71.1201
71.6513
65.6994
65.0942
66.1629
67.7158
69.2779
68.2695
68.7542
68.9728
68.5668
70.0968
71.2217
71.8643
67.3662
67.0721
67.8994
68.6796
69.4071
69.8963
67.3975
67.6735
68.1992
68.1746
68.4058
67.8304
66.4442
66.9625
67.4701
68.4786
69.7625
71.0906
71.3825
72.0893
68.8535
68.5797
69.8573
70.697
71.3088
68.3079
65.5575
67.7507
68.2392
69.0893
69.2438
68.5742
69.0693
70.0618
70.5618
71.671
68.6382
66.9959
68.7601
69.6929
70.1139
68.5126
69.6993
69.458
70.1083
70.3415
69.5623
70.331
70.7724
71.5425
67.7331
68.4245
69.2195
69.7842
69.5471
68.6493
68.8559
69.0917
69.4145
70.1022
70.2733
