77.2157
77.5276
77.8876
78.4944
78.9213
71.2049
72.5313
72.5709
73.6809
74.2306
75.0725
75.6132
75.5483
77.1346
76.9095
74.7783
74.2008
75.5927
76.4886
76.989
74.2457
74.3936
76.1593
75.7843
75.9473
76.714
77.1626
77.9042
74.1851
75.0942
74.3708
73.61
74.4535
75.4016
76.1448
77.1785
76.8169
76.9241
76.9104
77.2768
77.9984
78.3694
73.8133
72.3795
74.0445
72.8602
74.423
73.7058
73.5788
73.871
75.3925
76.7346
77.2522
74.8757
74.2231
74.5349
75.9294
76.667
74.4879
73.4445
73.6663
74.0337
75.461
75.1758
75.8875
74.6662
73.8959
74.1186
75.1277
75.2029
75.8932
73.5951
72.3461
72.7791
73.6064
74.8302
75.4003
76.2897
76.9879
75.9361
76.9063
77.924
78.4896
72.7422
72.5104
72.3729
72.8229
73.3045
73.1953
73.0973
75.3301
75.8189
76.5796
76.9067
76.4106
72.3191
73.2812
74.2312
75.5656
76.7977
77.3756
75.525
74.6376
76.1972
76.1935
75.9587
73.2538
74.1543
75.1841
76.256
77.1506
74.3701
76.3202
75.6165
74.8174
75.6282
76.5396
77.1938
77.7305
