93.5277
94.4686
94.8232
95.1639
93.828
95.9779
95.0822
94.6857
95.9702
96.0426
96.3701
96.7641
97.1716
90.4752
93.4187
94.7454
95.4787
93.822
92.6852
94.9049
95.2246
96.4045
97.4337
97.7197
93.1811
94.2985
94.3948
95.1405
95.9347
95.3094
95.5231
95.8842
96.4464
97.2365
94.8816
93.5331
94.1892
94.812
96.0085
92.1771
93.8675
93.7926
94.9143
96.4152
97.3202
97.9669
94.2071
94.7569
95.5355
94.4656
94.8969
95.7862
96.4316
96.7081
95.4288
94.2734
93.6955
94.7394
95.8758
97.3933
93.579
95.0851
95.8149
94.1742
93.8979
94.3501
94.9756
95.8111
94.4063
94.7787
93.8902
92.3682
94.2803
94.7219
94.1117
95.4273
95.841
96.4408
95.3866
95.8554
96.5497
97.3763
97.7218
94.0836
94.6855
95.3748
95.8821
91.1967
93.6703
93.2774
94.8074
95.7437
97.3978
97.1971
93.2468
96.0104
96.9821
97.9571
93.2008
93.4487
93.6554
94.3187
95.2542
95.7834
96.5122
96.7268
93.9924
95.9024
96.5959
97.6073
