75.8106
73.7951
73.5326
73.6937
72.8657
73.7889
74.521
72.3101
72.1945
72.4431
74.0338
75.0702
71.6622
71.5456
71.4841
72.6852
72.9084
73.3796
72.8365
73.9605
72.4941
72.7107
74.3309
73.9392
73.7999
74.4056
75.1099
75.1436
73.215
72.3696
72.6254
73.4563
72.6551
72.4416
72.2591
72.8953
73.3353
74.3551
73.7401
73.6726
70.921
73.1122
73.9806
74.3826
75.3147
72.925
73.7191
73.8431
74.2172
74.4194
74.1785
73.8008
73.271
73.7611
74.7621
75.3923
73.2972
72.2698
73.8524
75.1555
73.852
72.479
71.9222
72.9586
73.0103
72.5359
72.7024
72.2112
72.4618
73.4637
74.1309
74.5162
73.9307
73.3505
74.1231
75.4969
76.1237
76.5799
72.8581
73.6138
74.4874
75.4508
73.9892
74.3139
73.1963
73.0915
74.1567
73.4089
73.1294
73.7556
74.9362
76.0797
72.0788
73.3583
73.7938
74.577
75.7751
74.4222
73.9645
72.3508
72.7727
72.2445
74.684
73.3144
73.8024
74.6495
75.1805
75.6878
75.0012
73.4506
72.378
73.03
74.2648
74.4176
74.84
75.0397
