68.6637
69.7054
69.2196
67.892
68.6696
69.3693
67.9388
67.005
68.6291
69.7077
70.3324
71.3177
67.6599
66.459
66.9481
68.0602
67.7644
66.1675
65.8451
68.467
69.5776
70.7477
71.7469
67.115
67.4556
68.633
68.7102
67.5713
68.1613
68.604
68.8722
69.9812
67.5247
66.6495
67.2348
68.3749
69.2232
69.7941
65.7554
68.1238
69.4674
69.7866
68.2163
67.3681
68.4847
69.2651
69.5875
69.3631
69.9815
70.3537
71.077
71.4881
66.3759
67.3539
68.0745
68.7476
67.1439
66.9188
68.4337
67.18
69.637
69.1774
67.9611
67.9565
68.5098
69.4781
70.2272
71.0614
66.7775
67.7869
69.0126
69.9997
67.429
67.1894
67.7505
69.2381
69.757
70.4902
71.0544
70.9217
70.8786
66.3865
67.6595
68.2182
68.9188
69.6784
67.2809
68.5086
69.039
69.9195
70.648
68.9143
67.9018
68.3771
69.2188
70.3298
67.0852
67.898
68.3182
69.8019
68.837
69.9176
70.2851
67.6467
68.3565
69.0843
69.4429
70.3683
67.5208
66.3949
67.8123
67.8271
68.1953
