95.6547
95.1439
95.6009
96.2985
96.8966
97.4478
93.6395
93.0242
94.0469
94.0062
91.7859
92.9912
94.0727
95.1714
95.8864
96.7123
94.68
94.0054
94.3579
95.2775
95.0456
95.3669
96.3153
97.1716
93.0025
94.8629
92.6273
93.855
94.4805
95.3513
95.5498
95.5689
96.5631
96.9912
97.3443
98.0932
92.6722
93.3646
93.4851
92.9479
94.8768
95.8332
96.4919
94.0638
93.9279
95.496
96.5188
93.1912
93.3493
94.361
95.8286
96.3856
96.9039
96.3274
93.7807
93.7551
92.9622
93.0267
92.8884
93.6643
94.6118
95.3945
95.7847
96.3378
95.6967
96.219
94.2238
94.2772
94.0238
95.3395
96.2904
97.0142
93.2212
93.631
95.4041
93.5595
94.7402
92.9606
92.4903
92.6318
93.0102
93.4445
94.4191
94.9363
93.6358
94.3803
94.6928
93.5985
92.8708
93.24
93.8784
94.3651
95.0495
95.2561
93.9569
94.9075
94.3799
95.2729
96.443
97.1467
97.7294
92.0798
92.7372
94.9151
94.339
94.3196
94.3689
94.7682
95.8148
95.9941
97.0799
97.7298
93.1132
93.2542
94.3338
94.2293
