70.3711
70.8204
71.874
72.693
73.8484
66.9913
68.2214
67.9536
68.6365
70.525
71.4423
68.3022
70.2198
70.8121
72.012
73.1923
73.6349
74.2096
67.3389
70.173
71.3907
71.9224
68.0287
69.1046
70.0996
71.3009
72.7946
73.6663
70.5441
70.2435
71.4191
72.4738
72.9044
68.9801
68.0964
69.678
70.7856
71.023
71.1453
71.271
69.9418
71.7076
70.1003
69.0049
69.7307
70.8501
71.7425
73.1762
73.4238
73.4209
71.443
69.6465
69.1336
69.2811
69.4968
70.4889
71.5997
72.0658
72.5021
72.5461
73.1104
70.1687
68.7881
68.2985
68.7174
70.1138
71.1636
68.2112
70.4266
68.591
71.6199
70.7518
72.0986
72.9254
73.455
73.7271
67.9739
67.1877
67.3949
68.128
69.8526
70.242
70.7606
71.7971
71.3747
71.915
73.233
73.5303
67.2247
68.0137
69.048
69.9663
70.8583
71.9146
70.2621
71.7032
71.9984
72.9069
74.0002
68.2211
69.0342
69.6095
70.6903
71.799
72.6627
68.7165
71.2151
71.1527
71.744
