91.4639
92.3316
92.9774
87.347
87.716
89.3019
89.3615
89.2514
90.3862
90.728
91.745
91.5929
92.0496
90.3675
91.4188
92.0239
92.8633
89.075
89.6763
89.7811
90.8783
91.171
90.932
91.7316
92.3024
91.0269
91.3422
90.3172
91.3207
91.9012
89.7557
89.7612
89.792
90.1849
90.5389
91.5808
92.7171
89.3944
89.9829
90.607
91.9559
92.888
90.0346
90.0578
90.35
90.9128
92.124
93.2806
89.206
89.1858
90.0264
90.3045
89.7678
90.6458
90.8211
91.7035
92.639
90.3795
89.5128
87.0158
89.3236
90.4883
91.3668
91.577
89.9678
90.0633
90.8697
91.9999
92.3441
93.2394
88.7397
88.8178
89.9236
90.5598
91.6581
92.531
87.5466
90.0864
91.5012
90.0891
89.5853
89.3047
89.6717
90.2013
91.1867
91.902
92.6409
92.972
89.1541
90.0216
90.3757
89.5456
91.4935
91.3834
92.3076
93.3019
92.7391
88.3796
88.7985
89.584
90.574
91.8769
92.1995
90.6065
89.9741
87.9604
90.9332
90.7763
89.4326
88.8019
88.9806
