80.554
81.5391
76.7533
77.6324
78.6736
77.6591
76.6194
77.1686
76.6192
77.3821
79.1421
77.4754
78.9204
78.689
77.0523
75.8345
77.4066
76.6821
77.349
77.863
78.3925
79.2268
79.6524
80.0957
78.9634
78.6971
78.9253
80.0797
80.7888
81.0355
77.8025
77.5069
79.0924
79.5173
79.3995
78.6846
79.1217
79.3002
80.7085
81.5523
77.6294
76.076
76.2635
78.9396
77.7079
79.2025
79.8266
79.8042
79.0069
79.4034
80.5511
81.2556
76.8554
76.9047
77.7172
78.1566
78.9882
80.18
79.9514
79.9026
80.0486
81.111
79.6012
77.6884
76.7223
77.306
78.5067
79.3851
80.0903
80.0415
79.2151
77.8443
78.7955
77.2884
77.4164
77.9085
78.4319
79.1764
79.7454
80.3364
80.8359
78.9395
78.5853
76.8903
77.9643
78.9088
79.864
78.4486
78.6447
78.9319
79.6318
79.201
80.0374
80.7445
81.4515
76.2297
77.3438
77.7573
77.2345
77.8614
79.1575
79.636
79.8303
81.2923
77.7743
79.8481
80.7045
81.0406
76.7795
76.9538
78.3625
78.9352
80.1389
81.0829
81.1491
82.0404
78.5408
77.0675
76.4692
