28.2785
22.8831
25.3277
26.5873
27.1495
27.5801
27.608
23.636
25.4716
27.2986
29.2882
23.5683
23.2081
25.6205
27.1601
29.2304
25.9019
27.3377
26.1281
27.0654
27.9599
25.9065
24.6781
23.7446
24.7294
25.2057
26.3788
28.3501
29.4929
30.0208
24.3993
24.5292
26.0608
27.1992
27.757
21.9597
21.838
22.9255
24.2618
25.0119
27.1357
29.3169
24.0784
25.7505
25.8832
27.9482
26.24
25.1683
23.2038
24.8618
24.9527
25.8098
26.9366
29.1543
24.3329
18.595
24.6569
25.1571
27.2066
28.1762
29.847
21.5282
22.4557
25.0432
26.1555
26.9309
