27.8201
29.5129
21.5178
24.3697
26.6209
27.5358
25.9887
22.9087
21.1807
25.5963
27.2035
28.0151
28.8559
30.5044
24.4169
20.0198
23.0621
26.6659
26.1362
23.9214
23.2663
25.8883
27.8282
24.7713
25.7185
26.7694
26.1971
23.6726
23.7928
26.2098
27.613
28.4259
28.9479
29.5444
25.3681
22.8423
24.7994
27.3326
28.6726
29.7479
26.0886
22.8647
24.6812
26.976
28.6536
27.5567
23.1175
23.274
24.8778
25.2113
27.5946
28.4073
22.3907
22.6374
22.8636
25.2908
26.9824
26.7262
24.7103
24.1372
24.8831
24.3509
26.4147
28.4123
28.0937
27.4921
24.9397
25.3642
27.5345
25.7248
