26.0381
29.4512
25.5872
25.5057
27.7739
29.8822
23.892
26.31
24.6944
26.0096
27.22
25.3954
25.8935
26.3918
26.3077
26.3243
21.7923
25.6308
28.5421
22.9614
26.2258
24.8716
25.071
26.2144
27.3917
27.4356
22.6624
26.4408
26.2119
26.4051
28.0876
24.6289
23.5783
23.7163
23.8758
25.7364
23.7712
25.1378
26.5271
25.1901
25.2256
26.0245
27.5079
21.6185
24.2794
25.6079
25.9572
27.115
24.5973
24.4697
24.6893
21.8378
24.7099
27.2076
23.7322
22.9512
23.7471
24.4146
25.3885
27.3467
28.6408
22.3855
25.2782
24.6824
26.2989
27.5013
