26.0097
25.3013
27.751
21.3923
24.9522
26.0764
24.4254
25.6836
29.0081
25.2252
26.2306
27.0007
26.2664
27.1275
28.3299
24.4661
25.461
26.8434
27.2405
27.3843
26.4918
24.8126
24.7464
26.4122
28.1689
23.7026
25.043
25.6937
27.3545
28.587
24.5069
24.4059
24.7968
25.2733
27.0752
29.0689
26.3917
24.3282
23.136
23.4234
26.6004
24.2206
28.0237
27.765
29.2625
22.7322
21.4133
26.2191
27.4504
26.7454
26.8573
28.9108
20.1286
22.8536
25.1672
25.794
24.9229
26.232
23.9113
21.3148
20.6371
26.1476
27.445
28.4429
25.343
26.2314
27.8642
25.044
25.3167
24.592
