23.4303
21.8999
24.5177
26.7129
27.5305
28.7954
23.3057
23.0961
25.4748
27.3371
27.2403
27.4603
26.849
27.3849
23.9824
25.0193
27.3676
26.3901
27.4652
26.9806
26.221
24.5955
25.1718
28.1914
25.6868
27.0107
28.9917
24.0213
23.8978
25.2789
26.9707
27.7147
28.1911
27.2206
23.4675
25.1099
26.1526
26.7974
26.8967
28.0507
30.0232
23.1897
25.9722
25.1264
25.52
25.6059
28.3698
24.2167
23.4543
25.3683
27.5324
24.6977
25.2233
26.2531
25.0206
26.1469
28.6889
25.3629
26.4025
25.7582
26.6211
27.4067
25.0294
25.3885
25.1821
26.4148
27.8311
28.2274
23.4493
20.7813
21.0831
26.1398
