25.723
27.0231
27.0397
28.0976
24.3699
23.2418
24.4093
26.2279
27.8033
28.6789
25.8369
23.6593
25.2696
27.9586
28.558
28.5518
26.1051
26.9864
23.2848
25.5062
26.9418
29.1255
29.6413
23.7925
21.89
23.2037
26.8279
28.9715
28.7897
27.022
28.7162
21.7733
23.0111
26.617
29.209
26.2494
27.0944
21.4559
23.3709
25.6462
26.9984
21.3342
21.2989
24.5746
23.1547
21.8457
24.3943
24.3917
25.5418
23.8527
24.1742
27.0874
26.4007
25.8326
26.393
26.1532
24.5537
25.8565
27.5258
24.0328
25.662
25.7068
26.1205
27.0709
28.7597
21.952
24.7654
25.9963
27.9089
28.5303
25.5377
23.7115
25.8395
27.4089
22.6139
