95.4733
96.1516
96.9734
89.2514
91.6293
91.7356
93.1545
94.1217
94.7193
95.5466
95.8405
92.9942
94.7518
93.9774
90.7566
90.8615
91.7887
92.5632
94.0965
95.3781
95.8011
96.115
93.3815
94.1079
93.4702
92.0259
91.7155
92.6206
93.4317
94.0493
94.3237
94.8932
95.137
94.9129
93.5411
93.5258
93.1022
92.9694
93.6396
94.4603
92.8928
93.3658
93.4112
93.9398
95.0005
95.8356
96.5503
93.0307
91.0502
90.6077
92.3409
92.1368
92.1134
92.0895
92.4038
93.4363
94.7493
95.7033
96.1308
96.4343
93.6674
93.0223
92.2391
92.5529
92.4018
92.2299
93.4136
94.8404
95.6342
94.6224
93.3526
93.1365
93.1604
93.988
92.0975
92.8751
93.0064
91.8289
93.8472
94.5727
93.5174
94.3084
94.0402
94.0829
93.1234
93.6432
91.4687
91.1854
93.0829
92.7195
93.7759
93.9549
93.6315
94.3396
95.1699
96.2436
97.3196
92.3566
92.3584
93.7234
94.6607
94.0362
94.3765
94.4201
95.0698
95.7336
96.6755
91.982
91.4415
92.7966
93.7476
94.4425
94.071
94.0564
94.7577
95.6471
