78.998
79.0651
79.7224
80.2706
80.6454
81.1251
75.1956
75.4675
76.3458
76.9276
78.4717
79.6692
76.6494
79.0855
79.7644
80.7253
80.9772
75.0796
75.4815
77.1425
78.1114
79.5005
76.8356
79.6894
79.9473
79.8355
78.59
75.0453
76.4199
77.2549
78.3485
78.0823
77.5216
78.9586
79.4682
80.0625
78.4971
76.0636
76.5641
77.3409
78.438
79.3824
79.2014
78.8109
79.062
79.9786
80.924
81.3379
81.8481
74.8265
75.6085
76.2237
77.6013
78.0652
78.9594
79.3649
80.0813
81.0159
81.8861
75.0629
76.055
76.2267
76.8339
77.2001
77.5708
78.3485
79.8059
80.7104
79.307
76.7945
76.4353
76.8466
77.0393
77.0029
77.8451
78.8228
75.4989
78.8892
79.4232
80.0195
81.2957
81.2671
76.0967
76.4197
75.3127
75.0961
76.6945
76.4476
77.2044
78.9278
79.9201
77.9679
77.5484
77.3809
77.9832
78.0818
77.9464
78.7473
79.9781
80.7583
78.9986
78.1312
77.8431
76.9458
77.8186
78.4579
79.5172
