77.1173
75.7735
76.3227
77.4685
77.7166
78.2267
77.2016
74.0284
74.709
75.7058
76.5583
77.8775
78.2815
75.7098
76.7577
77.7308
78.5636
79.1423
73.4336
74.1299
74.2417
75.6922
76.758
77.9735
78.6329
75.4071
76.3413
77.3705
78.024
78.2703
78.7524
73.1063
72.135
74.7289
75.1195
74.6956
74.8629
75.7393
76.1916
76.6449
77.7685
76.153
73.9943
74.1582
74.9171
75.9561
76.0097
77.1108
77.6136
77.7366
76.1945
75.6347
76.8686
77.5026
78.382
74.8312
75.0473
75.1722
74.7411
75.6942
75.8917
76.0267
74.8401
75.1038
75.963
75.1056
74.5225
74.5875
75.6542
76.8005
76.8023
76.7113
77.1115
77.6208
78.4555
75.1383
74.5828
74.7292
75.349
76.3125
75.2186
75.2814
76.451
77.6925
78.6837
75.1048
73.0419
76.0952
75.9483
75.5048
76.301
75.7198
76.5312
76.9601
77.9517
78.8025
73.4348
75.8036
76.6227
77.714
78.3629
78.6615
73.2611
75.0728
76.555
77.2268
78.3007
79.1011
79.4826
75.258
75.8838
76.5757
77.4724
75.9004
73.8632
74.5953
75.7802
77.2761
78.1178
