70.2767
71.368
72.6003
70.3323
70.3637
70.8072
71.2723
72.5205
73.75
73.9226
70.5608
70.8965
72.3645
70.2448
70.2863
71.0737
71.6786
71.7555
72.4481
71.983
70.3771
70.2528
71.0894
71.9723
72.7106
70.7597
70.9001
70.9582
71.5246
71.9306
72.8975
74.1665
67.3541
70.0726
71.073
70.778
70.2722
70.7835
71.1417
71.7531
72.6253
71.528
68.1017
69.4686
70.874
71.4382
72.4674
72.946
72.8408
73.1384
72.1982
70.9684
68.9925
69.0561
70.6633
71.2406
71.6301
72.2803
72.5968
71.8095
71.8465
72.5308
69.8916
70.0931
71.2423
72.1076
71.8777
72.1854
72.7142
70.6974
71.2286
70.995
71.3956
72.0643
72.6061
73.0809
69.3308
70.4661
71.2851
70.991
71.6201
70.3243
70.96
71.2106
70.8653
72.2097
73.1336
73.4787
73.8138
74.1762
71.4845
70.0177
69.0219
69.6014
70.5793
71.2836
71.9489
72.6112
69.9
71.728
72.9908
73.3939
67.8267
70.2534
71.1143
72.1801
72.3418
73.0979
73.8772
74.6899
69.8624
68.8375
68.5086
69.1008
