96.6701
96.8648
97.2858
94.287
92.8078
93.1372
93.2757
92.3712
94.6089
94.4787
95.0483
95.2616
95.8616
96.4863
94.1612
93.7776
93.4673
93.4349
93.6867
94.1781
94.99
95.3841
95.915
96.0981
96.9302
97.2092
97.661
93.1427
93.2272
93.4593
94.1848
95.5478
96.3809
96.8723
92.7861
94.6053
95.4597
93.3227
93.7565
93.6024
94.1488
94.4899
95.0787
96.1166
96.3385
97.0208
93.5628
93.7825
93.5006
94.5629
95.3071
95.4655
92.9309
92.8546
94.8072
95.5674
94.5138
93.7826
94.7847
94.7889
95.3328
96.2813
97.223
95.4854
94.8854
95.7039
96.2304
92.3361
93.0804
94.1172
94.6027
94.9243
95.8611
95.0458
94.3266
94.9474
95.8441
94.301
95.5668
96.3702
97.0982
95.3836
95.1052
95.0319
95.6545
96.1052
97.0384
92.7731
92.7362
93.4181
94.2886
94.8919
95.0356
96.3212
96.8345
94.9419
95.3268
96.5007
93.4981
94.8375
95.8837
96.5583
94.215
93.2172
95.0332
94.2169
93.6802
95.982
95.3308
94.1673
95.2319
95.4987
96.2823
96.5356
96.8807
97.5375
92.5075
93.2088
94.6809
