95.1136
96.7386
90.5039
90.2194
93.4407
94.8217
96.089
96.5235
94.9153
90.5511
91.8426
93.2624
94.5619
95.5159
96.31
96.7331
97.6904
89.8555
92.3953
93.9556
96.3522
94.6589
94.4576
94.6143
92.1846
91.7186
93.0563
94.6976
95.8023
96.3477
95.3974
95.9742
97.3688
98.1406
90.8432
93.1718
94.6959
96.2727
96.4097
96.1466
97.115
92.5192
92.0349
93.0283
95.2331
95.7333
95.6467
95.4124
94.7711
89.3286
92.4596
94.3545
95.891
95.6219
96.1664
95.4173
94.1906
95.8246
96.9205
97.5946
93.5719
93.3508
94.7936
94.998
95.7386
96.3706
97.635
88.5564
92.2722
93.4623
94.4701
94.5816
95.4958
95.5357
96.8083
94.6881
92.8784
94.3347
95.2841
91.4898
91.8548
92.986
94.7971
92.3132
92.688
93.4264
93.5794
95.0844
93.9169
