87.0301
90.5542
92.5117
89.6889
87.1486
90.5899
89.2255
88.4307
89.5045
90.9587
90.5821
90.3811
89.2797
89.8705
87.786
90.5172
89.9368
89.8383
90.1961
90.7046
92.7107
90.6881
90.1583
91.2345
85.8168
86.077
88.1978
90.284
91.5964
85.0222
87.6647
88.7513
90.0633
91.1969
92.4632
92.7348
89.1591
89.5521
90.9747
92.7773
88.1213
87.8689
90.8401
91.1912
90.112
91.2883
90.9604
90.0237
88.5685
88.9669
89.4586
90.6413
92.1389
93.3079
86.9832
90.0628
89.7396
90.4691
90.5615
91.3461
91.7863
91.7924
88.7412
90.4536
92.7374
89.1049
90.1633
91.1601
92.5424
89.3827
86.6051
87.4522
89.0882
89.7298
91.1546
92.0782
91.9386
90.7606
88.7742
90.4679
91.9749
92.5953
89.8359
89.0819
88.2672
88.5429
89.8661
