94.4179
96.7792
97.2659
92.2314
93.9124
94.988
96.0975
91.5036
93.2606
93.83
95.7251
94.2561
93.8402
95.4574
95.9522
96.8876
96.8645
90.266
92.7066
92.8005
93.8162
94.7769
95.007
95.8252
96.6904
97.3277
97.9937
90.6319
90.2021
91.9413
94.216
95.265
95.4108
95.8435
95.3683
92.6567
92.5681
95.1749
94.3503
95.0817
95.7805
95.8626
94.9916
96.6715
97.224
91.8955
92.354
93.9683
95.4387
93.3229
93.3058
93.9271
95.776
97.0306
92.2455
92.6782
94.1319
94.0035
94.0111
94.1602
95.3394
97.1325
91.7705
92.5599
93.9687
95.413
92.9113
93.674
91.3033
95.567
97.0472
92.7847
92.675
94.7508
93.3487
94.2732
94.7176
96.2267
92.3631
94.2824
94.8365
96.5544
92.4078
91.178
92.0241
93.1847
94.1876
