79.0072
77.9396
80.0256
80.4147
80.3728
80.894
79.464
81.9012
83.6823
78.762
80.404
80.1837
81.6046
81.4568
79.7682
80.0457
80.0819
81.231
79.0104
78.8081
79.6087
80.1208
80.4671
79.7016
79.9158
81.3485
82.8558
83.1946
78.3811
79.124
78.3747
79.3211
80.5732
79.3478
80.4495
82.4875
83.6918
83.8081
84.2379
78.9883
78.3867
78.9493
80.028
81.4686
82.1913
82.6659
81.9212
83.06
84.0919
84.442
75.3296
80.2054
80.1549
81.0035
81.8309
81.6616
83.305
80.7854
78.0345
79.3004
81.2272
77.8394
81.6531
81.9539
83.2126
77.5428
78.3579
79.5064
80.1448
81.8902
82.1323
81.1992
80.5058
77.6896
79.2709
80.6502
82.027
82.2625
81.0776
81.2141
81.3179
80.4526
80.6161
81.8081
83.3302
81.045
80.8369
81.4097
78.3947
79.8312
80.3565
82.1143
80.6271
79.2628
79.5101
79.5632
