92.3497
93.2952
94.6058
94.7433
91.5591
92.6499
90.7138
92.5647
93.829
94.0202
94.847
90.94
91.3643
90.1396
92.4973
94.0651
94.1149
91.9157
92.0025
92.6268
91.2314
89.9238
89.8863
91.0013
92.162
91.2023
91.0358
92.7467
93.222
94.5597
90.3916
92.7451
92.492
93.5102
95.1526
94.6243
93.3225
95.1976
96.3004
91.4787
91.1983
91.0187
91.7323
93.3205
94.5229
89.1079
92.9904
94.5952
96.0228
91.1888
92.4789
94.2763
95.0794
95.4431
92.7725
91.4879
91.6082
92.9707
93.931
94.7675
93.6111
93.9236
88.6519
89.6925
90.8892
91.5522
95.5148
95.0303
93.7776
91.9067
89.8077
91.3676
93.0432
93.9283
93.93
92.4745
92.1641
91.4612
91.9196
92.0803
93.5224
94.6887
94.7064
