90.216
91.2644
89.0202
89.9235
90.5813
91.3757
87.942
88.6217
89.9454
91.6737
92.6611
90.1927
90.4485
90.8775
88.2902
90.0723
90.8582
91.0774
88.5777
89.4404
89.0483
87.6011
88.88
90.7423
90.6681
89.3474
88.999
89.0557
90.8213
91.6345
91.9572
88.6372
90.4183
91.0985
91.8121
84.5336
88.4606
90.6617
92.8743
90.3582
90.8877
91.5682
93.0662
87.6584
87.3511
88.8172
89.7953
89.3335
90.6063
90.8401
92.2379
93.0579
87.715
89.4676
89.1234
89.5684
91.0365
91.1154
91.8048
92.4686
88.462
90.6757
88.9102
88.9104
90.1347
90.3878
91.335
89.1271
88.2635
88.3222
89.6164
88.1218
89.7544
89.5987
91.6933
93.2491
88.6456
89.9694
91.4654
92.8756
89.7514
89.7313
89.2253
90.816
91.7069
