92.1445
90.716
92.2539
92.7361
92.9766
93.7328
94.2656
95.1449
92.6415
93.3418
92.7109
94.9674
95.7679
96.5449
94.7669
94.6587
93.1785
92.7943
92.6614
93.3872
93.935
95.3233
96.3915
96.2313
94.2509
92.6208
92.9026
93.3785
94.0735
94.9146
95.7446
95.7842
96.1014
93.037
92.3784
93.7629
95.7833
96.5604
96.605
94.8311
95.1266
93.7043
93.3162
94.1313
95.248
97.0827
96.3376
96.3447
97.3439
97.9991
90.9925
91.6593
93.4304
96.5605
96.8931
96.4549
94.1986
92.8405
90.2087
91.0763
93.0483
94.5355
95.8056
96.5204
95.5373
95.5265
97.2328
91.123
92.6816
93.3866
94.9171
94.6359
96.0086
93.4937
91.3631
91.2537
93.3698
94.3405
94.5212
95.2979
96.7002
94.5812
93.0917
91.5122
93.2971
94.5
92.2804
93.8455
