86.7718
88.4194
89.9598
87.6614
88.8595
88.2666
88.7184
89.7477
90.2247
88.8708
90.0842
90.5477
87.942
86.4417
86.9969
88.9112
89.1941
89.2136
89.3343
87.056
87.9353
86.8435
87.7534
89.7314
89.8775
87.3764
86.1265
87.3277
84.9702
87.3026
88.0711
89.4777
89.4784
89.7105
89.5013
84.5464
85.3846
87.8185
89.8472
91.0346
90.0701
90.8529
88.6282
84.6426
87.1179
88.7058
88.4688
88.4214
88.9124
89.3693
86.6741
85.6376
87.7276
88.7143
90.496
90.8476
89.9683
88.973
86.3599
87.6497
89.3034
90.1976
89.8486
88.0965
89.4962
88.4571
88.1491
86.3206
87.3459
88.7957
89.6825
89.8687
88.7367
87.8232
88.7321
89.956
91.0313
91.6906
86.6779
88.0645
90.6499
87.9528
86.4868
86.6363
89.3559
86.502
88.9677
87.3233
87.6245
