93.597
93.0728
93.6685
94.8031
95.5109
93.3056
92.7059
92.8682
92.5824
92.7315
93.9503
95.2561
96.0968
93.9517
89.8356
89.9115
91.2795
90.8589
93.5222
93.7948
95.5064
96.61
97.7403
97.7916
88.6704
91.1022
92.2272
93.5622
95.3064
94.964
95.9411
95.7726
91.4003
89.8627
92.1591
93.3838
94.373
94.8123
94.895
95.9418
92.946
92.1315
93.0818
94.033
95.5073
95.7014
95.8178
96.8574
98.069
90.6627
91.7266
93.2523
95.5371
91.7939
94.7869
94.6781
89.4673
90.1259
92.7533
94.3656
95.0641
95.6422
96.7048
95.0214
90.8062
91.9637
93.8013
95.9639
92.7752
94.5422
95.6153
92.7441
90.5589
92.0099
92.5401
93.9223
93.8369
95.2795
95.6875
97.2105
90.5718
90.5325
92.4877
93.6352
