84.7518
84.1423
80.9635
79.5476
79.3706
80.2851
81.1539
83.0528
82.7185
82.2199
82.59
82.1901
83.1218
83.5783
84.3655
85.4688
80.9732
80.9424
83.51
85.5684
81.3976
82.7735
83.6917
80.8092
79.4558
80.3971
82.117
84.1899
85.2278
85.5881
83.3181
81.7528
80.6228
80.4473
81.3158
83.7882
83.1245
82.1935
83.1051
84.2843
85.5231
81.2298
81.5851
82.8016
83.8762
79.8713
80.6964
82.601
82.9081
82.7553
84.1274
80.7751
81.4478
82.2161
83.0891
81.4065
80.1513
80.8299
82.4238
82.3141
83.3084
84.0897
81.1167
83.107
81.0812
81.252
82.9843
84.9722
83.5907
81.4267
83.5876
84.6368
85.307
76.0352
80.9917
83.0778
84.7555
86.151
81.5823
82.485
84.7849
86.6318
77.4644
