88.2908
87.5317
90.5333
93.5392
95.3609
95.3307
95.3681
92.1867
90.9218
91.0442
92.8925
94.2005
94.2724
94.2263
90.5613
91.8426
91.9644
91.9448
93.5271
94.7904
95.1456
94.9366
92.411
92.0344
93.3882
95.4298
92.5964
93.2047
93.6208
92.0613
91.4609
89.3792
90.6494
93.2336
93.7929
94.5852
95.4356
95.8909
93.5082
93.4488
91.5662
92.1822
94.1341
93.9796
91.3416
93.5431
91.9057
90.7604
92.2469
93.6534
94.5621
93.1439
93.1168
92.9707
91.6082
92.0191
93.0141
93.489
94.6609
95.6459
95.4978
93.7303
92.8492
92.2002
92.2342
94.0109
94.7691
94.7548
92.5384
92.1851
91.8795
91.0539
90.2242
93.3799
92.895
93.8559
93.6832
95.0368
96.4148
97.2542
90.2538
91.8737
94.4332
96.0418
95.7748
92.2178
95.2693
96.4255
90.2031
91.0127
