83.0974
84.1148
83.982
85.2729
86.1187
86.9678
88.1903
87.3212
85.8657
83.7222
86.3529
87.787
84.3667
85.7252
86.0921
87.839
88.401
81.9812
83.28
82.5372
82.958
84.5924
85.56
85.8826
86.3648
87.0447
86.1979
87.603
88.3137
82.8918
84.5541
85.8221
86.595
85.7447
85.6105
88.1374
88.5431
82.2854
82.3618
82.3346
83.0846
84.9726
86.0964
84.9344
85.2335
87.155
88.626
89.1713
78.2834
84.6485
84.1223
86.7375
86.7786
86.8481
87.3253
86.191
81.6259
80.8626
82.7317
84.4744
86.006
86.4327
87.1221
87.3739
87.5978
82.8393
81.5467
85.5873
87.0545
87.4084
84.4413
86.2115
86.2968
83.3891
83.8903
85.7947
86.1474
86.7966
86.2854
86.0528
87.8565
82.2951
82.8102
84.8891
86.589
88.2152
87.3694
86.003
83.741
82.3494
83.1231
86.3717
