93.3405
95.0718
96.6733
96.029
93.3795
94.4599
90.9299
93.0785
93.799
95.2334
94.4013
92.1578
92.9575
92.1033
93.1331
94.9253
95.8333
94.0274
94.0958
95.1583
96.6021
97.4729
89.9334
91.521
93.123
94.0172
94.1122
95.1206
92.5693
94.0822
91.4384
92.1187
94.4199
95.7806
92.1467
93.2443
93.8072
93.6838
93.1802
92.0833
92.7699
94.3718
95.2252
95.9909
91.7182
93.2641
95.3868
92.6032
92.8134
93.5482
94.4042
92.8629
93.1547
94.5277
93.0648
93.2034
94.3332
95.9769
93.1124
93.0747
94.2748
96.1713
97.5326
93.3075
92.9983
92.2739
91.3095
93.2888
93.7917
95.7414
94.4871
95.4963
92.4749
92.8755
93.6676
95.036
96.4167
92.7025
93.6769
92.8003
95.3398
95.5015
93.9462
