26.0398
24.6306
25.2435
26.8014
25.3586
24.5052
27.3722
24.5638
24.2418
26.5067
22.8877
25.0433
26.2744
28.1452
28.4606
29.2405
24.9486
27.2397
24.0038
22.4624
26.1755
28.2608
29.7817
21.3691
25.3922
25.2342
25.9065
26.4108
28.6012
29.2395
19.1948
23.825
24.7405
26.4805
27.3169
27.441
24.8194
24.6062
24.9864
27.37
28.3461
29.1136
23.4092
26.6591
28.9737
24.2988
26.5736
28.7162
28.4513
25.0097
23.617
22.754
26.6127
23.3996
26.9928
25.1548
24.5738
27.1814
25.5855
26.0064
26.4988
24.2643
23.7421
26.472
23.6904
23.1967
