29.5108
24.1158
22.7685
25.4904
28.5078
28.9804
26.8189
24.4257
24.2088
26.4554
27.1456
26.9485
28.2344
23.1834
25.2233
27.4465
27.9392
26.5991
28.8658
30.0457
21.659
21.6893
25.7479
25.506
26.4233
28.491
29.9186
30.1254
21.9271
21.4236
22.0005
22.3837
25.0071
25.8966
26.8699
22.2478
20.3799
22.5707
23.9965
24.4602
26.8264
29.0819
22.8593
25.9768
27.422
28.5093
28.8575
24.4745
19.7869
22.6582
24.9797
26.3251
27.0632
26.8508
24.0045
25.2508
28.1951
26.9508
28.3257
25.061
23.1267
24.4023
26.568
27.1112
27.9748
