27.758
25.8157
25.42
27.6069
23.4473
24.775
25.8629
25.2336
25.0699
27.8159
26.3308
25.0789
26.2773
27.1773
26.0969
26.6399
27.6703
26.0262
25.0796
25.9304
25.4429
27.5603
26.2741
24.6721
25.1316
26.9046
24.3581
23.7866
25.7174
27.0938
28.2665
26.672
21.3127
24.7813
26.1118
27.4147
29.1039
26.9719
24.4147
22.8764
24.7102
24.8279
26.3422
28.3198
27.414
28.5874
29.1001
23.7574
24.0409
26.0845
27.7937
26.8971
28.9156
20.2719
23.9995
24.862
22.7635
24.9566
26.17
23.5656
22.4713
24.3123
26.53
27.9814
25.9729
25.0486
27.6432
24.4255
25.4325
