25.0872
25.6239
26.152
27.7592
29.8382
29.3786
24.5102
25.1427
24.8858
26.5519
26.4087
27.9153
24.4627
24.8397
27.3653
28.2518
22.5192
26.7819
24.7696
24.9749
27.1154
28.6634
26.6152
26.3177
25.3443
24.4592
24.7671
28.0273
29.3571
24.1114
23.9447
24.0113
24.842
25.5573
27.1881
21.0294
24.5975
25.8199
26.167
27.5629
28.6558
24.7218
23.3805
24.4567
25.7679
27.8791
27.6549
26.9379
24.3537
24.0632
26.3436
29.049
25.8341
26.1977
24.8237
24.452
26.8935
28.3565
29.2246
26.4178
24.6428
24.3518
24.1601
25.9571
27.1507
23.8601
24.7981
25.028
26.0375
27.7368
