93.7054
95.1685
94.5601
94.6726
92.4826
91.351
92.0353
93.0196
94.2421
95.5219
93.9088
94.7418
96.3644
97.5134
92.4643
92.7472
94.9465
94.7206
94.7862
96.5052
90.587
91.8439
93.7647
95.7444
94.5827
94.8242
95.4523
95.2106
92.2915
92.9458
94.7671
96.187
93.9971
94.4323
94.3541
92.7779
88.9117
93.5273
94.0489
93.8163
94.2643
95.6867
97.1531
89.8786
92.7552
93.3082
94.0531
94.8575
95.2056
96.5264
97.3493
98.0254
90.9157
91.0691
92.9893
93.649
93.823
92.1358
93.3441
94.2393
94.9712
96.9737
92.1863
93.4019
95.3833
94.333
95.2076
96.5384
90.1985
92.1712
91.8989
92.8126
93.7371
94.6778
95.3706
93.1254
93.3493
90.3506
92.7633
93.6461
94.0709
95.553
91.7268
93.1401
92.993
94.0756
95.5928
