96.8502
96.9151
94.2111
95.5284
92.7132
93.7436
94.7963
96.0311
96.8821
94.8495
94.4926
95.8782
96.5335
96.1049
93.2524
93.7822
94.7642
95.2519
94.8983
95.7408
96.5338
94.0059
91.9123
92.0999
93.9941
95.5182
97.123
94.2753
95.9076
96.9419
98.1197
91.4717
92.5673
94.0815
95.7615
94.6883
94.1912
94.6562
96.571
97.6152
98.0375
93.0247
92.9525
93.8423
94.0005
95.3142
96.103
98.1407
91.8046
92.5936
93.4574
95.2464
91.9417
92.2895
93.6892
94.6261
96.78
92.8693
93.1095
94.4428
96.7669
97.5159
91.4787
93.0459
95.4826
92.4388
93.8828
94.008
96.2212
91.9595
90.3334
91.299
93.0977
92.649
92.6965
93.2041
93.7137
91.1288
89.9632
91.7061
92.7666
94.2436
95.9499
96.4633
94.0509
93.6897
90.4773
91.8411
93.6668
94.9212
