87.5979
86.8687
89.4243
90.984
90.9827
83.0303
83.4932
84.6037
84.0449
86.2961
88.6622
89.5203
89.7429
91.1477
88.3341
85.5487
84.8163
87.7658
89.3908
89.552
90.135
91.2278
92.3868
85.5293
85.4731
85.9125
88.1264
88.4724
89.2106
89.4394
90.5026
91.7212
92.1611
85.4418
86.1491
88.3831
89.6907
88.0859
87.3826
89.6638
87.5833
86.1923
87.6331
89.1537
87.5477
88.4258
87.8505
88.9249
88.7881
90.0325
91.274
91.5799
85.8514
86.4457
87.4675
88.8996
90.4574
88.3946
88.8581
88.1302
88.1516
89.6047
87.7253
89.7368
90.4039
91.5631
86.4474
86.4448
87.6626
89.2145
89.3919
89.3196
87.536
85.0815
87.3662
86.5423
87.9017
89.4623
89.8229
89.2622
85.3298
86.5034
86.9142
83.7795
88.8529
89.1874
89.5473
