95.634
92.3608
94.4842
91.455
93.2608
94.2991
94.5624
95.9975
96.6653
97.7443
90.0077
90.2473
93.122
94.8405
96.0451
93.2026
95.9888
92.0841
93.321
95.2901
93.6124
95.5296
95.2674
96.1819
97.3695
98.005
90.5475
91.5015
93.1687
94.958
95.6869
94.7578
94.8637
95.6754
97.7243
92.6841
91.7334
93.1254
94.4994
94.8134
94.5826
96.1647
94.2081
91.3584
92.6829
94.7997
96.3188
96.3457
94.4856
91.2075
92.3882
91.3627
93.9654
95.6238
95.9376
96.5672
92.9603
92.6274
94.8844
95.0531
92.17
91.8711
93.7075
92.934
91.508
91.925
94.2879
95.7182
93.6974
93.4275
94.2574
94.0533
94.2925
95.0911
91.6429
92.4089
93.7642
95.0538
96.4366
93.6741
93.5437
93.4716
92.3219
93.5398
94.1618
94.2691
