81.1744
82.6983
76.3978
79.9676
81.4589
83.3555
79.3012
79.6183
80.4589
81.966
76.8939
80.0157
80.5929
82.1803
83.8995
79.6436
80.5008
81.4151
80.6518
81.1182
82.0949
81.6129
80.3575
80.7796
82.2702
84.445
76.8925
79.4591
80.6296
82.4939
81.2432
81.3156
81.5997
83.1876
78.4405
78.668
80.6557
81.7524
82.0016
82.2408
80.7671
79.5471
79.8463
82.1627
82.6544
83.6335
82.6288
81.3747
82.3866
82.9842
78.3648
79.6464
81.3257
82.8185
82.2346
83.1214
81.7446
79.3628
79.6126
80.0503
81.688
80.5274
80.9762
83.2253
77.1649
76.8972
79.1431
80.5401
81.8587
83.3937
83.8051
82.7218
82.4988
83.8271
85.0377
77.056
79.7817
80.2497
81.7203
80.5485
80.4993
82.4918
84.1514
78.2534
78.3124
76.6431
80.1953
