80.5744
81.3241
81.8847
82.6751
83.6303
83.6736
84.092
84.4179
85.0221
85.9587
80.7985
80.6412
81.5486
82.8776
84.4812
84.5872
85.2658
84.7486
79.8845
78.8367
81.067
79.9277
84.2049
83.6882
84.7613
85.4506
87.3728
78.3699
79.4803
80.8616
81.9358
84.1549
84.2054
82.6168
84.9712
85.5693
79.855
81.6032
82.668
84.592
85.31
82.5502
84.3546
82.1467
82.6767
84.0385
85.6175
86.2265
83.4263
82.7325
80.384
82.0306
82.6425
83.2129
83.9312
84.5096
84.4244
83.9121
84.8706
85.2797
79.6713
80.8814
82.5975
84.4294
86.1607
85.5829
84.6544
80.3068
81.2266
82.1738
83.0617
83.3315
83.9952
84.3426
81.0657
81.5761
81.3771
81.6142
82.9267
84.071
84.3495
86.2764
82.8525
82.494
78.986
81.5276
82.9784
84.4502
83.8418
82.3819
83.1735
82.3044
78.8404
