93.8659
95.0623
96.4966
97.5412
98.1603
92.6952
93.159
94.7683
95.0889
94.7218
96.0459
94.6573
90.2298
92.3853
92.2927
94.5292
94.7292
95.6779
96.5384
94.2614
91.9828
92.7783
94.4592
96.2501
96.6787
96.7385
93.7616
92.204
92.2054
93.4259
94.888
96.5748
95.6041
95.6566
96.6024
97.6213
98.2345
89.0753
91.4268
93.0199
94.0021
94.5617
95.7253
95.4597
95.5463
92.1504
91.7075
93.7029
93.9248
94.6337
95.4361
94.1032
93.8514
91.2393
91.785
93.5155
94.2255
95.1657
95.0243
93.4117
94.9986
96.3582
90.0993
90.8264
91.8916
93.2885
91.6729
90.8295
93.6256
96.299
97.136
97.5235
92.4849
94.6199
95.2309
89.6076
92.3156
93.6142
94.658
96.0485
93.1372
94.025
95.7129
96.9296
96.7633
90.6984
92.7164
92.7168
93.6735
94.8028
95.0535
