92.5547
93.2235
94.7493
96.2175
90.9557
93.7082
95.1635
96.635
93.4921
91.3979
94.1716
96.5968
93.1077
94.1776
95.1748
96.8704
93.2075
92.9045
94.8819
96.4263
93.6569
93.5045
94.7161
94.5869
93.2706
94.1471
94.5316
95.9718
92.5643
93.6173
92.83
90.8997
95.5218
93.5185
94.6806
93.9484
93.2246
94.5651
95.4348
96.3424
94.034
92.6673
92.8645
92.2196
93.5713
94.3958
95.625
94.7792
93.9224
89.8859
92.7493
92.9138
93.9866
95.3663
95.3375
96.2411
93.3349
90.7411
92.6439
93.7881
95.2151
95.9733
96.6528
94.8232
94.8142
94.3431
92.3954
92.873
93.8543
94.6102
94.7212
93.8314
95.3639
97.4062
89.948
94.2077
95.0516
95.3189
95.6914
96.3209
96.5142
94.8483
92.5108
93.0626
94.4883
94.5211
94.4563
94.7125
90.5785
