95.4111
90.949
92.0596
92.2979
94.3062
94.5253
93.8954
94.6115
96.2561
97.8871
91.9252
94.1307
96.0656
97.8854
94.2247
94.2814
96.2417
95.9684
91.0487
92.2663
94.1491
93.9876
94.5153
91.1525
95.5131
95.4575
91.7819
87.8523
92.7104
93.0456
95.1711
95.7243
95.433
96.6823
93.4292
91.1607
91.7725
93.5075
94.8881
96.5018
97.3295
95.6143
96.2376
97.7131
97.739
90.0689
91.2543
93.1819
95.1398
96.0812
92.6599
96.2965
90.4988
92.6745
94.6106
96.0324
96.7798
94.7326
94.1793
94.3048
92.4914
91.4038
92.4469
93.2388
93.7688
93.3479
92.7593
93.4926
94.0381
93.8408
94.9725
96.0548
94.5477
93.9096
95.0026
96.2156
91.3011
91.1408
92.7615
94.1977
95.6885
93.7133
93.0418
94.8339
94.2029
92.1102
93.5131
95.1747
94.3915
92.4311
