92.0322
93.0117
94.5539
95.9246
95.9412
94.9964
95.4847
96.6986
97.684
97.7602
92.089
94.1576
95.646
96.2422
95.9873
97.8105
91.5077
91.9059
92.8212
93.8658
95.1585
96.0283
95.1869
95.0629
94.052
91.7671
93.1273
94.5828
96.002
96.2459
96.4941
95.5754
94.5757
96.3555
96.8809
92.8066
93.0674
94.2284
95.3648
95.4814
96.3283
97.6214
92.0438
92.7778
93.5736
94.1464
94.6166
95.1972
95.6155
96.6297
92.2028
92.5181
93.8647
95.6113
91.3463
91.7531
93.1021
95.0408
93.5468
93.4243
94.722
95.743
90.9781
91.9843
92.0393
94.1858
91.9966
94.1743
95.1081
96.3889
89.9412
93.0199
94.7033
92.6096
92.9844
93.6951
94.8503
96.6766
94.6789
93.3621
93.885
95.5123
96.7621
93.2607
93.5581
94.8831
96.9417
90.6203
