92.8554
93.5617
95.751
89.9544
91.1881
94.194
95.697
94.7054
93.8033
94.953
96.6299
95.3763
94.4654
94.9534
97.1163
93.2744
93.0193
93.9393
96.1895
97.1967
91.9517
94.0338
94.5566
93.521
95.1962
95.785
95.6755
96.4388
92.5378
92.721
94.0893
93.1849
94.1649
94.8198
96.0317
93.4582
94.3901
95.6222
90.2114
94.0335
94.8764
95.5261
95.4469
94.8358
93.9597
95.5535
96.5616
97.1559
98.116
93.1045
94.0577
95.2409
96.3988
91.2265
93.3329
94.4427
96.7689
92.3849
92.6359
94.8787
96.5495
92.8244
93.4399
95.3497
96.0861
97.4028
97.6051
95.742
94.1183
92.5354
93.1366
94.5994
94.9675
96.0038
97.6743
91.1136
92.0738
93.501
94.4499
95.0954
95.9908
95.5765
93.1954
93.8545
94.7096
95.9908
