94.8791
96.001
97.7825
90.5323
91.5603
93.7088
89.4908
94.3971
94.3247
92.8403
95.8161
96.7094
97.1005
91.1145
93.3142
94.8625
96.0071
94.7799
92.9889
94.0101
96.1367
94.1478
92.5483
94.2844
96.0484
94.9742
95.4049
94.1835
93.9781
91.277
90.2089
93.0475
94.1439
93.5197
95.0327
96.2474
94.2426
93.1685
92.8756
93.3906
94.008
94.7385
94.9296
90.5733
92.2121
91.1795
90.4378
94.0331
94.6277
95.8685
96.2293
96.902
92.2927
95.1709
96.2585
93.6971
93.7848
94.3386
94.6603
93.5056
92.14
93.957
92.4492
93.139
93.0845
94.5583
94.9646
95.5845
89.9004
92.9735
91.5235
93.6672
94.4849
93.8126
95.4268
93.7677
94.3807
95.5313
92.7826
89.7972
93.1913
94.6138
95.6919
97.3442
93.6692
94.9432
93.8937
93.9388
94.5269
94.9157
