22.5408
23.8054
25.7083
26.7933
27.3442
28.662
21.4093
24.4323
26.1912
27.066
27.4562
26.1964
26.5689
24.5006
27.0361
24.2278
22.1229
24.953
25.2828
24.5827
26.3971
28.2021
25.0129
25.317
25.1372
25.3643
26.1589
28.4743
23.2029
24.591
26.3728
28.3014
24.1095
26.3892
28.0767
25.5777
25.5417
27.6576
28.1576
29.0632
22.8925
25.0094
28.4718
25.4479
26.0582
22.4205
26.2232
27.743
23.5164
25.2005
25.2467
27.3515
26.3492
25.9811
28.5108
29.7725
24.2138
25.2082
27.1146
26.6288
27.3883
26.0135
24.2429
25.0833
26.4566
26.3037
27.5587
24.6621
22.6605
24.003
27.304
22.3956
26.4274
27.0579
