23.9491
26.9958
28.1574
25.3865
24.7424
23.9149
25.9052
28.1775
27.521
25.4898
24.3371
22.9468
25.4735
26.6069
27.444
26.4012
28.4917
22.2054
23.907
25.9452
26.2287
26.7552
26.3834
23.5419
23.1685
26.944
27.3573
26.9474
27.8743
29.888
17.9243
24.1116
26.2607
27.1345
26.8274
28.7885
25.3696
23.3008
24.9648
27.8982
28.6387
29.6015
28.2855
20.4254
23.5065
27.12
28.1952
26.7399
28.6148
22.6305
23.8412
26.5189
27.473
26.191
24.9156
24.7478
26.2962
27.8158
23.6958
25.6276
26.6543
25.0123
24.5502
27.458
27.7332
25.6279
25.1471
23.3712
26.2428
