25.2847
25.1943
25.6832
24.9212
25.9285
24.393
24.8527
26.8449
29.5037
25.5531
26.3165
25.1845
24.4317
25.2851
23.7397
26.5586
25.9237
26.3613
27.0335
23.6161
25.7599
25.0494
24.8935
26.4655
25.135
25.6782
23.7094
24.8874
28.48
28.9882
26.4802
28.4172
23.931
23.6119
26.3092
28.2834
28.6408
26.4476
24.2063
23.6918
25.0711
28.3788
29.2199
27.7413
25.1341
23.2061
25.8511
28.168
23.9461
28.2375
29.7059
20.559
23.5495
27.1876
27.9725
27.2067
24.8643
22.1364
24.104
26.3489
28.3242
26.0365
27.0821
23.5742
25.0339
27.0347
28.4652
24.774
