94.6842
92.793
95.3411
95.5156
94.7485
95.6266
94.525
94.7898
97.0962
94.4141
95.2856
95.6718
95.1991
96.416
94.7992
94.003
95.3699
95.1678
95.6619
96.607
97.3817
93.9512
92.549
91.0028
90.4824
92.6284
93.8727
96.1469
96.7952
97.1976
95.6983
92.8433
94.3945
96.0387
96.7129
91.2822
93.3513
95.5778
94.4106
93.8797
94.3614
93.511
93.5264
96.006
96.9609
95.0619
93.3786
94.8475
95.3161
96.1323
97.0065
91.1436
92.079
93.4924
94.6413
93.9725
94.303
94.6284
95.5423
96.7058
92.5862
91.7543
91.8294
91.265
95.6272
96.4452
96.8767
93.6731
96.8771
97.4094
97.8629
97.9291
90.3517
92.426
93.8169
95.6272
96.2052
96.099
96.9712
97.929
98.2043
90.1492
92.5589
92.5529
94.4414
95.1126
