97.6972
91.2149
91.8694
93.8655
95.0019
95.3834
95.5933
96.3424
94.389
90.1097
91.6616
93.6496
95.4683
96.105
95.9557
96.5655
97.9733
91.7964
90.9494
92.4435
94.8539
95.5427
95.13
96.838
90.0823
92.3266
93.9086
95.7823
94.2779
93.6924
94.406
95.3642
96.8862
97.4485
88.7769
90.7374
91.9702
93.206
93.1299
94.5819
96.1048
96.734
90.6874
91.9482
94.0909
93.4914
94.0267
94.0846
95.7116
91.429
91.1532
91.9242
93.3391
92.2801
91.8067
91.8778
90.4386
91.1806
92.2956
92.3094
93.116
94.8472
95.4348
96.4879
97.6978
89.8151
91.3055
91.5878
91.514
94.318
93.4522
94.4237
96.0177
91.9756
92.9549
92.989
93.6707
94.253
93.3251
94.2892
94.6499
95.7345
96.7709
91.0795
92.0815
93.4822
95.3034
