84.0662
83.9092
86.0091
88.0645
88.2917
87.5518
89.2673
90.1514
81.5505
80.6443
80.8041
84.2474
86.7842
88.4264
84.3941
87.7635
85.4393
86.0104
84.3105
84.6643
85.7007
86.9034
84.0226
84.8946
85.8656
87.2727
82.8631
84.6024
86.2095
88.1738
87.0796
85.4546
86.5398
87.7874
85.3063
85.4927
86.8049
86.8934
86.7223
86.8943
88.6314
83.8462
84.638
85.7452
86.5373
87.0036
87.7855
89.2603
84.6845
84.291
86.1599
85.3255
86.9749
87.3405
88.0963
85.3236
84.6898
84.6394
86.0454
87.1452
85.0435
85.7031
87.2166
88.3922
84.355
85.9523
86.8203
85.8864
87.9075
81.9631
83.0694
85.0592
86.826
87.1158
86.7753
88.591
83.9428
81.2934
83.8194
83.4601
84.8048
