77.0927
79.9591
79.967
80.9636
81.6581
83.5217
84.8356
79.1042
80.0884
80.543
81.0584
83.1722
82.7473
81.8588
81.7228
78.9698
80.3697
82.2677
81.2605
81.4364
82.0564
80.8883
81.3016
79.6629
81.3335
82.8529
84.3999
79.3244
80.9508
80.2221
79.8802
81.3904
82.1557
83.6243
84.6482
85.0099
79.7558
79.8001
80.5253
81.479
82.4966
82.5733
82.5944
83.3785
80.7107
79.2294
80.6176
81.7589
83.1316
83.2138
82.1307
80.5695
80.6936
80.8414
80.5435
80.323
82.7468
83.5548
83.8351
81.8737
81.2875
82.244
79.7699
80.8562
81.4084
83.0266
82.5458
79.5297
80.8475
81.5556
81.7173
81.6365
82.4951
83.7081
84.886
82.2372
78.5458
82.1332
83.5476
85.3006
80.3217
81.3172
81.9045
80.4269
80.9797
