79.5471
79.9993
81.2853
77.5257
78.9789
80.2334
81.9297
76.5039
77.2331
77.8357
79.16
80.6138
81.9721
77.7215
80.129
79.6806
76.7528
79.3842
79.9641
81.4282
75.1928
77.8415
76.5392
78.9147
79.1355
79.9513
80.2259
81.1656
82.5917
82.9366
82.5362
76.4374
78.3531
79.5792
78.3612
78.2852
77.8368
79.9021
81.875
79.4367
74.9871
79.2869
79.034
79.5194
80.9253
81.4112
81.7719
77.5819
77.3979
77.4841
78.724
80.5295
81.875
80.1584
81.4695
82.4152
83.2737
73.3616
77.4588
80.1249
82.8691
79.304
79.7631
81.0575
78.0186
78.2444
77.2072
77.4256
78.6469
79.5738
80.8233
81.7469
82.067
78.6707
76.8288
77.7069
79.3566
79.6598
80.3046
80.3332
78.7126
76.3902
75.0216
76.7145
77.0376
