91.3502
92.1964
93.0613
94.097
95.5483
95.3174
96.6719
98.1042
93.2472
90.5181
91.9508
93.4705
94.732
94.3539
94.7828
95.6144
91.6242
90.5547
92.4467
93.3972
94.3642
95.1969
94.8708
95.0062
94.3996
91.1582
92.3433
93.9384
95.5016
92.0927
95.2464
96.8505
97.4824
97.7988
89.8969
90.9992
92.6008
94.8923
93.1214
93.912
95.8344
97.8246
90.4867
93.8391
95.6704
97.5057
94.4434
94.5884
94.8681
91.3643
91.4602
90.9211
91.4067
92.2072
93.6631
90.8104
92.4357
94.0305
93.0382
93.2698
93.4567
94.4552
96.1494
92.0025
93.1917
94.3369
95.8847
97.0883
91.8382
93.9718
95.0196
88.6885
91.433
92.9695
94.2143
95.5595
95.9279
93.813
94.71
88.878
89.0576
91.1346
93.4853
94.599
