93.9797
94.6726
96.6032
97.7711
89.5754
91.8438
92.71
92.2721
91.7976
92.8706
96.057
93.8371
94.0652
95.1645
95.7469
92.1812
91.9805
92.9175
94.3273
95.3757
95.9572
94.9832
93.3658
94.0448
95.005
91.0184
92.318
92.6082
93.8736
94.796
95.2695
94.3309
94.6901
94.8896
95.7241
91.8286
92.1902
94.114
95.4694
95.1736
94.7814
95.276
90.6227
92.6989
93.3818
94.6254
94.9528
94.7718
95.7989
90.3265
91.3806
92.6787
94.2552
96.2847
96.2189
96.4279
97.9194
90.8474
91.8937
90.3137
93.7496
95.6229
92.7843
95.7292
96.7773
98.0752
89.7091
89.5606
91.0931
92.3
94.0998
95.1937
95.373
96.9386
91.0338
91.937
93.4645
95.5891
95.1036
93.6946
95.0115
92.7525
91.8357
