91.8135
93.8867
94.2466
95.2671
96.897
97.5302
90.5642
93.3443
94.4465
92.6138
90.1026
91.887
92.8485
94.1551
91.9572
92.2984
94.0819
93.5933
91.8159
92.7592
94.1532
95.7611
96.6503
91.2728
92.8221
93.4781
92.5332
92.9973
93.8639
94.8819
96.29
92.8726
93.7635
92.054
91.6888
92.1868
93.6428
94.6295
93.4178
94.1501
95.7617
97.3519
92.2199
92.9834
94.8929
95.2559
94.594
94.7815
94.8913
91.6898
93.3918
95.2902
93.3654
95.15
94.8701
95.4448
93.5861
93.1471
94.8001
93.7006
93.6612
94.6202
93.8345
93.3021
93.0637
93.1252
93.9492
93.8131
94.3414
94.8352
96.1394
93.4749
92.9393
92.3975
93.4544
94.5999
94.744
95.5024
96.9551
97.4982
91.4454
91.7692
91.4653
92.7743
94.0101
