96.8583
88.9404
90.8943
92.5664
93.476
93.2626
90.8029
93.6618
94.2058
94.198
92.0374
91.8471
92.2102
93.9313
94.3002
95.1124
93.2433
93.9801
95.7087
97.1093
92.3521
92.3115
93.5291
95.2779
88.9723
90.319
93.2928
96.001
96.8904
93.265
94.1631
93.2602
93.5115
94.1636
94.6877
96.4556
96.1348
93.9045
93.5481
92.7126
94.2044
94.565
95.2404
92.9049
92.129
93.171
95.0807
93.3415
93.2805
95.0835
96.6361
93.275
93.0355
95.2264
97.6906
94.3989
94.7043
96.8758
93.5527
93.2075
93.8139
96.4545
94.8858
93.2545
94.7828
96.0099
93.6803
93.3619
94.6566
96.0849
93.2635
94.0197
91.9874
93.8033
91.807
94.4743
93.3997
93.5756
93.5271
94.8662
95.7904
96.6305
93.8921
92.6499
92.8879
92.4886
94.3832
