89.5425
88.3029
84.899
86.8201
88.1761
88.7223
88.7017
88.0092
89.9156
88.592
85.6988
87.6411
86.2528
88.6323
87.9144
87.0319
88.32
90.131
88.092
88.7631
88.4272
89.2593
89.6973
87.9283
87.8212
88.4211
89.7038
91.6538
89.0507
89.6273
90.2039
92.0124
85.3527
86.8493
89.604
88.6846
88.2358
88.2549
89.5892
89.8856
88.0343
87.0483
89.64
91.6486
87.7206
90.2354
91.5187
87.2946
87.8503
88.3973
88.2432
85.0238
86.5571
87.6243
90.0011
89.2838
87.9848
89.0387
90.0837
89.9355
89.5432
90.5431
88.3917
89.2856
88.9234
89.8037
90.3186
89.4703
90.3455
92.1794
86.8251
87.158
88.6505
89.8018
88.7426
88.9546
89.9227
91.2402
86.3328
86.2395
87.2459
85.9813
90.3529
89.4477
90.0602
91.1238
92.4138
85.8121
87.7869
