94.5664
93.9148
92.2006
91.2254
93.52
93.7327
95.0805
94.6294
93.8029
92.6082
93.4206
94.0346
94.7064
94.7931
93.4332
93.213
90.8459
92.5052
93.0983
94.4711
95.817
96.3001
93.2521
93.8828
95.6555
93.3588
93.7935
94.4478
94.9259
92.0741
92.3786
94.0278
92.0362
93.3308
93.6794
94.9491
94.6832
95.306
90.9157
93.2444
91.1674
93.0943
93.8226
93.3695
94.4308
95.3433
94.1765
94.1412
95.2525
96.1435
93.5954
92.3536
92.4243
94.4321
96.5349
97.0395
94.7005
94.6079
92.8647
94.1046
94.5301
94.8685
96.2354
92.3146
93.4138
95.6033
96.8639
93.2423
94.0425
95.0726
96.2955
92.9001
94.588
95.3001
97.3339
92.8745
94.2847
96.29
94.2813
95.2086
95.9997
96.4428
94.3973
93.905
94.8298
95.6999
96.3408
