94.2679
95.3564
94.0695
92.3035
93.2507
94.325
95.5236
94.3969
90.868
92.4448
95.3187
97.3138
92.1352
92.6701
92.7955
93.5199
94.8338
91.9003
93.0959
95.1094
96.4174
92.3849
93.3484
94.3378
95.9213
97.2995
92.6879
93.2845
94.8745
92.9964
93.3576
94.0954
93.9921
91.723
87.5738
90.9275
92.0199
94.6742
95.4454
94.619
94.7032
95.8785
97.542
89.5379
92.0377
93.8116
93.8544
94.957
94.273
96.8322
89.782
90.9587
92.7712
94.546
96.1242
96.8007
93.8289
95.1151
96.7332
98.0292
90.8298
91.5851
90.7889
92.2909
94.4552
94.6472
95.8209
96.8227
97.8202
98.087
91.2547
91.2557
91.444
93.481
95.435
95.8784
96.1859
95.4972
91.7296
92.2119
91.9689
94.0831
94.9488
95.5955
