94.1845
95.9531
97.3733
92.3039
93.7453
94.6273
94.3803
94.0237
95.2341
96.7717
92.4715
92.7699
93.3539
94.3399
96.0447
92.8924
93.2546
94.8173
94.0021
92.6584
94.4125
95.9297
95.5784
94.9134
94.4786
94.8692
96.1844
96.969
92.381
92.8827
93.1219
93.804
93.3682
93.7439
95.8871
96.8717
92.5056
93.2043
93.7976
93.9772
93.8836
95.7143
96.3041
97.4573
96.8877
96.5853
97.3655
92.6611
92.5233
93.3343
95.9851
96.8236
93.2134
95.4595
93.7205
94.1448
94.1868
95.3569
96.2634
96.4871
94.7809
94.3202
95.2943
96.7075
94.3831
93.9348
94.3583
94.5334
95.5622
96.2662
93.7271
94.3581
93.3642
94.2331
96.0853
96.7522
95.7601
94.1335
90.5917
93.3256
92.5625
93.4349
94.8858
