70.5179
71.064
68.2914
68.982
69.8964
70.4074
69.3924
71.7372
72.5255
73.3774
73.6806
69.6331
69.1246
69.7656
70.5236
71.9946
72.5388
71.0102
72.2444
73.0757
73.444
73.9707
67.1064
65.313
67.8872
68.6089
69.653
70.5691
71.2248
71.3982
72.2704
72.7842
72.1866
70.4574
67.1894
65.748
66.7701
69.2955
70.3751
71.4742
72.0731
68.7607
72.3855
69.6915
69.0584
69.7175
70.6668
71.3592
70.4403
69.9117
71.1952
70.6475
67.0271
70.1545
69.009
67.1528
70.3503
70.9877
72.3036
70.5513
70.5578
71.1865
72.4489
70.1149
70.2658
70.0527
70.2652
71.2211
71.4263
69.4755
70.0383
71.2068
72.1027
72.7909
73.4125
68.3367
69.2204
69.4371
70.2968
71.2246
67.0997
70.2389
71.0118
72.1105
73.7461
67.1287
68.6137
69.4748
70.3714
71.3829
68.8833
69.806
70.41
71.3282
72.3615
73.8317
74.2125
69.7795
69.8434
70.8166
71.5043
71.8999
68.0371
68.4628
70.1969
71.0622
71.9076
73.4494
69.6779
70.17
71.3284
72.3872
72.8706
67.8536
67.8297
69.1491
70.2086
71.1674
