90.943
91.8099
92.426
93.4715
89.335
89.8156
91.395
91.061
91.6408
92.4454
93.108
94.1704
89.8965
89.4198
91.7392
91.444
92.6518
93.529
93.9788
92.4812
92.8751
90.5607
90.0851
91.2076
91.5271
91.9844
93.0409
93.5054
90.1442
92.5155
92.0296
91.3563
90.7429
91.5169
92.9933
93.7347
94.591
92.6033
92.0935
91.3522
90.2937
88.7429
90.3464
89.3878
90.8926
90.7524
92.5577
93.2807
94.0666
94.6883
92.0641
91.5199
89.3575
91.9284
91.9383
92.7836
93.7172
94.0929
92.8175
92.8258
94.1092
94.8336
95.5871
95.792
88.9404
90.6877
91.1228
91.8078
93.3415
93.5674
94.293
92.4914
94.3468
90.6368
89.2398
90.5835
91.4593
92.5499
92.5899
92.064
91.6975
92.333
94.1967
93.2046
90.1149
91.2773
91.6888
92.926
90.2477
90.5648
90.6526
92.1537
92.1431
93.1088
92.8521
93.6391
94.1015
94.2711
90.2925
91.8332
90.2927
90.6477
90.9826
92.1729
93.1207
93.7603
93.9553
94.4472
89.7982
90.3635
91.068
91.6302
92.0006
