93.8842
94.1023
93.4955
94.2105
93.6247
94.5386
95.1553
96.1751
96.72
96.5597
91.9341
93.9077
93.1941
91.9425
93.0506
93.562
94.6551
95.2235
95.9496
96.8737
95.026
94.0338
93.7802
93.4508
93.1401
93.7886
95.0273
95.8526
91.8122
93.4839
94.808
94.1873
94.6188
94.4532
92.4693
93.3657
94.4433
92.908
95.3764
93.7448
94.2328
93.7318
94.249
94.1097
95.109
95.6286
95.7747
94.2111
95.8071
94.719
92.8956
94.1839
94.8755
91.5597
93.5437
93.9381
94.7868
94.9666
95.7049
96.0072
96.446
96.9134
97.2717
97.6915
94.1594
94.0248
93.6516
93.4737
93.9552
93.8347
95.0545
95.4925
95.6487
96.3185
92.3176
93.9719
93.0399
93.845
93.829
94.4775
95.1049
95.9266
95.6268
96.2946
97.1958
97.4836
92.1716
93.0896
93.5013
94.0368
95.114
96.2149
96.751
94.8082
95.5798
95.2058
95.6573
93.2796
93.6728
93.611
94.155
95.0521
96.0101
96.5401
97.0411
93.5703
93.2435
93.6072
94.3311
