75.1844
76.2447
77.1708
78.2131
79.1382
75.1714
75.5718
75.7227
76.2029
75.4282
75.9231
76.5085
76.8357
77.983
78.8602
73.4774
75.8495
76.6431
77.2736
78.3142
78.533
73.6677
74.923
75.6966
77.13
78.2536
78.9327
79.5455
75.6849
76.1777
75.7074
77.049
74.8249
73.9703
75.3684
76.0402
77.3047
77.9436
78.3788
73.4898
76.5151
76.1952
75.442
74.9308
75.7044
76.4223
76.7617
76.4639
76.0541
77.7291
78.0318
76.3932
73.6415
74.4817
75.8852
75.6337
76.3284
76.7447
77.3943
77.783
78.295
78.8239
79.8908
75.006
73.6173
74.2203
74.9711
75.801
76.6782
76.1432
76.2649
75.9002
76.6699
77.6341
78.8741
79.3457
74.2426
74.569
75.3699
75.2657
76.4572
76.6875
76.9627
76.7173
75.2628
77.2819
77.1504
76.4018
76.7769
77.5276
77.8128
78.7
75.9841
75.9465
76.7104
77.2682
78.2395
73.9291
75.8071
75.601
76.2705
75.9404
74.5416
75.4889
76.5761
77.3235
77.2201
75.0748
75.5398
75.5184
76.8933
76.2111
