64.8731
62.8102
63.9779
63.8171
63.7774
63.3915
63.8018
63.7529
64.5258
64.097
64.4152
64.695
64.1914
63.8948
63.8096
63.6782
64.0336
64.7661
64.2919
64.5781
65.5988
66.4769
66.7948
66.822
67.5595
66.4995
66.494
63.927
62.5526
62.5916
63.7874
64.8695
66.3693
67.0057
67.2921
67.5827
68.5158
63.9014
63.0111
63.5167
64.2243
65.2318
66.9335
67.9286
68.5978
68.9252
66.6493
68.1595
67.3512
65.8011
62.8283
64.4478
65.3635
66.3427
67.3445
68.0359
67.8188
67.6879
67.5779
67.1096
67.1771
64.559
65.6972
65.9857
67.0706
66.6766
66.8923
67.4941
68.9028
69.4893
66.1858
65.689
65.5337
65.7107
66.5466
67.533
65.1
66.5268
67.1297
67.9155
67.9376
68.4262
69.1353
66.3911
65.5301
66.8196
66.6526
66.3172
66.7588
67.9122
68.144
68.2209
67.4657
64.8694
64.8819
64.0057
64.5608
65.7819
66.1769
67.1537
67.4943
67.8681
67.3005
66.8214
66.6366
66.5967
64.809
66.643
65.3461
