27.9056
23.5633
26.3841
21.9176
27.0333
27.4922
26.7291
26.1795
24.159
25.2564
28.1477
24.7602
27.0157
28.7635
24.1676
23.8978
25.2995
27.0337
27.9749
27.5852
28.2152
25.122
24.1174
26.0486
27.2977
27.3911
29.2878
19.3518
25.1051
27.1673
24.3389
25.755
27.5853
20.6663
24.3275
27.3875
23.6843
25.7392
26.2823
26.2874
25.2859
27.5261
20.8368
25.7537
25.7665
26.184
26.7735
28.5972
25.8134
25.1576
26.67
27.8782
28.4482
23.9709
23.2294
24.9311
26.136
26.5092
27.8086
26.0702
24.3588
24.367
26.5808
27.3512
27.37
