27.7848
27.0112
27.9285
29.7486
19.2997
21.3601
23.8306
28.906
28.7846
29.2431
17.3227
21.5167
24.8884
27.6607
26.9059
27.1485
27.6112
22.126
25.1901
27.1894
25.5783
23.8899
21.3864
24.0671
26.929
25.5883
25.0232
28.1251
21.0481
23.3788
25.6812
28.0771
27.7285
29.4956
23.2614
22.3296
23.7924
27.4361
28.9237
26.7401
28.136
30.1897
21.4133
24.3162
27.5146
26.994
26.5149
29.9502
16.3427
22.939
24.1748
25.3643
25.8446
28.0349
24.6724
23.7422
24.9494
25.8071
26.313
27.3167
29.0371
22.0049
23.8898
26.7046
27.9357
28.7335
27.3378
24.8842
26.5904
23.492
23.2095
24.7528
27.4818
25.6482
