29.0061
25.4539
22.272
25.1139
28.0901
28.688
29.3068
24.9355
24.6218
21.363
21.8156
25.9782
26.716
27.8296
29.357
30.8756
20.3199
23.7467
26.8449
28.8231
22.3722
25.2597
27.2715
21.6623
24.5118
27.9538
28.8893
24.636
25.8654
27.3148
24.1886
26.2927
27.5563
24.5296
25.034
23.4912
23.414
27.0143
27.9981
25.8918
25.216
24.9446
24.7846
27.7248
27.7375
26.2354
26.3757
23.2942
24.6335
27.0528
23.5152
25.0851
26.3825
28.8479
22.8001
24.5006
26.2109
26.3867
27.5161
26.3834
24.9217
24.5004
27.5249
27.2603
27.154
28.5733
25.0499
22.8075
25.3139
26.7547
27.3245
