25.1159
25.2581
27.1896
28.2776
28.4608
26.0665
27.7711
23.1999
26.5675
28.7957
28.7943
20.68
20.0547
24.2512
27.1624
27.7249
27.0078
26.1014
24.7351
25.616
27.8851
25.7383
25.7365
24.9641
24.4143
24.1439
26.2857
24.0421
23.7296
24.4133
22.8816
23.5643
26.0882
27.7285
20.5228
24.5517
25.124
24.5042
27.1471
28.7141
27.774
25.3207
28.3617
23.6512
25.0107
26.3923
29.2514
24.9564
26.4272
28.7806
21.8829
25.9991
28.3551
26.1085
24.8626
23.7903
26.2466
27.9998
28.4021
28.1584
24.7171
23.8688
22.9618
25.0042
27.8802
27.7751
26.3256
25.2268
27.0896
23.8244
21.091
