26.2735
27.2564
28.7045
25.6683
24.9675
26.2758
28.9586
26.4611
27.4398
29.1682
24.9003
23.7424
25.8244
26.6285
26.3914
27.7738
24.9496
24.1394
24.8912
27.9374
25.8341
25.8523
26.3561
27.9717
28.877
24.7473
21.1174
24.3802
26.429
28.8891
25.1481
26.1896
26.177
28.244
18.4062
24.9735
27.0814
25.0821
23.8757
24.2875
26.7143
25.3186
26.4972
25.3619
27.6784
29.0462
25.9104
24.5942
23.9327
24.1185
24.9361
26.7978
22.8863
24.5581
24.6971
27.8445
29.5126
25.6973
25.2995
25.9555
27.536
29.2255
24.7923
26.0974
24.8608
24.8761
26.1788
28.2131
28.7752
23.4317
