37.6543
37.9952
37.1485
38.063
37.443
37.9897
38.1662
38.4753
38.721
38.8871
37.8687
37.5824
37.8332
38.0569
38.1713
37.779
36.9942
37.969
37.8927
38.1197
38.2533
38.6095
38.7443
38.8044
36.5961
36.515
36.7652
37.2335
37.472
37.8428
38.0654
37.7838
38.0745
38.3006
38.3527
38.6777
38.6866
37.2552
36.5816
37.1161
36.1911
36.0837
36.9479
37.1767
37.6185
37.6753
37.8831
37.7605
37.2398
38.0191
38.4363
37.3985
37.6816
37.4443
36.7768
37.2105
37.6134
37.9558
38.2734
38.7914
38.192
38.3301
38.5399
38.6849
37.3754
36.4672
37.4726
37.7309
37.7665
37.8268
37.9263
37.7132
37.9244
38.2117
38.2778
38.6331
38.8107
39.1149
39.2724
36.8452
37.2824
37.3105
37.3529
37.5406
37.7909
37.9266
38.0217
38.283
37.4646
37.6415
37.7476
37.8934
38.0831
38.2004
36.5046
36.4719
37.3059
36.8172
36.9877
37.279
37.6043
37.55
37.725
37.6248
38.0493
38.3992
38.0539
38.5402
37.924
38.0519
37.1123
37.1651
37.5063
38.2026
38.3233
38.1514
38.2713
38.667
38.8251
38.9395
37.8344
38.696
38.1896
37.5585
37.512
38.1372
38.0838
38.0496
38.1485
38.3756
38.6458
38.7884
38.9775
38.0092
38.6884
38.4154
37.7282
38.1089
38.247
