34.2639
34.4471
34.1345
34.3895
34.7568
35.0467
34.0173
34.7072
34.5548
34.9311
35.1385
33.5151
34.6789
34.6398
34.9451
35.2257
35.2525
35.5412
35.6717
34.7979
35.3701
34.7526
35.0412
35.2902
35.5726
34.553
34.7736
35.6273
35.8791
34.9628
35.0783
35.4226
35.6655
35.7255
35.7908
35.0419
35.1832
35.0767
35.4747
34.9533
35.3567
35.5464
35.8093
35.918
36.067
33.9064
33.6564
34.7725
34.9401
35.2469
34.9132
35.37
35.6705
35.9303
36.1524
35.3417
34.403
35.014
34.5216
34.9006
35.2096
35.4725
35.7662
35.9752
36.1078
35.1882
35.6024
35.3743
35.5186
35.426
35.6273
35.4438
35.6061
34.5803
34.8023
34.0344
34.8178
35.0717
35.2905
35.3972
35.5213
34.791
34.1231
33.8945
34.3537
34.5702
34.9068
34.8201
34.9709
35.0614
35.1896
35.3544
35.7034
35.7904
35.7649
34.6106
34.3368
34.2385
34.9499
35.22
35.6505
35.7411
36.0427
36.1947
35.7095
35.9335
36.1695
36.3441
36.4901
36.7054
34.2512
33.9957
34.3797
34.7731
35.061
35.3151
34.8958
35.2685
35.4642
35.7043
35.8149
35.9784
34.58
35.317
34.5363
34.9518
35.0621
34.9135
35.3227
35.608
35.6817
36.0411
36.1583
35.4282
35.2431
35.3621
35.3
35.5918
35.3615
35.745
35.765
