43.2242
43.2364
43.5954
43.6573
43.9661
42.9358
43.7728
43.7781
43.8031
43.9119
44.1648
43.3101
43.3128
42.8785
42.8139
42.6225
43.262
43.2139
43.3593
43.5893
43.7563
42.9844
43.3573
43.0218
43.1136
42.3471
42.3167
42.6116
42.5234
42.7361
43.1076
43.4476
43.009
43.4755
43.5617
43.6296
43.7215
42.8895
43.6371
42.6385
42.9044
42.7542
42.5891
43.3011
43.2872
43.4448
43.5582
43.215
43.6904
43.1645
43.4756
43.7281
43.7688
42.8882
42.0461
42.7868
42.8958
43.1203
43.3048
43.4261
43.623
43.9037
44.0298
43.2382
43.2362
43.4201
42.4598
42.6289
42.7748
43.0432
43.1283
42.042
43.1796
43.1703
43.4715
43.639
43.6789
43.8103
43.064
43.592
44.0117
44.3327
44.4809
44.6275
44.6511
42.3393
42.6136
42.931
43.2856
43.4828
43.7345
43.9863
44.2567
42.7462
43.6776
43.7863
43.5874
42.7605
42.8103
42.8032
42.9776
43.1983
42.6074
43.242
42.928
43.2696
43.43
43.4701
43.8779
43.4982
43.6426
42.933
43.3076
43.1176
42.2221
42.7316
42.3117
42.554
41.7654
42.483
42.5022
42.7319
42.2158
42.5965
42.0993
41.7861
42.0311
42.1481
42.7558
42.866
43.2002
42.6673
43.4422
42.7754
43.0416
43.1468
43.3089
