40.8462
40.839
41.0978
41.4857
41.829
42.0102
41.5934
41.2945
41.1239
41.5227
41.5627
41.8348
42.0864
42.3351
40.8866
41.2908
41.2614
40.8768
40.878
41.2247
41.5577
41.7374
41.2604
41.4792
41.8228
41.8699
42.0893
42.2805
42.5601
40.9002
39.6954
40.4847
40.5754
40.8872
41.1649
41.471
41.6858
41.439
41.686
41.5284
41.4086
41.5279
41.3311
40.0072
40.095
40.4815
40.7024
41.0972
40.9395
41.1602
41.3964
41.5215
41.6554
41.5799
41.6624
39.4559
40.6391
39.8361
40.2049
40.3771
39.8295
40.5472
40.5093
40.8953
41.2494
41.4019
41.6184
40.3536
41.1971
40.6563
40.6233
41.1525
41.5041
41.7198
41.2959
41.9182
41.7963
41.8769
42.1179
42.1459
42.2744
41.1398
41.6422
40.9802
41.2536
41.2662
41.0494
41.1603
41.4441
41.6337
41.8231
41.8727
40.8264
40.8541
40.5865
40.6955
40.9765
40.8901
40.9
40.7803
41.0188
41.3036
41.3426
40.6551
40.764
40.6932
40.9822
40.361
39.8026
40.6712
41.0934
41.3723
41.828
41.3765
41.3267
42.0239
41.5207
41.6593
41.8084
40.4356
41.2876
41.5142
41.7679
41.8685
41.9535
42.2697
42.1577
40.3888
39.9042
39.8199
40.6239
40.4883
40.6082
40.8203
41.0975
41.2892
41.031
40.9162
41.1201
41.3002
41.5117
41.6402
