34.2442
34.3684
34.5209
33.9121
34.1546
34.2568
34.393
33.9407
34.3525
34.3541
34.6105
34.7867
34.1854
34.6369
34.3088
34.6427
34.319
33.9469
34.2089
34.6899
35.0986
35.4338
35.3352
35.687
35.8394
36.0148
36.1834
36.087
36.55
35.8989
36.0193
34.2199
34.6801
34.8527
35.1846
35.6568
35.8234
35.6462
35.7875
35.779
35.8911
36.1341
36.2598
35.2698
35.2877
34.8925
34.8784
35.1579
35.2667
35.1598
35.1056
35.4235
34.8687
35.0601
35.2632
35.3809
35.611
35.7415
34.1505
34.0835
35.0089
34.8131
35.1053
35.4637
35.375
35.3378
35.4343
35.4754
35.5642
35.7722
35.0028
34.0371
34.2515
34.6195
34.7451
34.9977
35.0728
34.4872
34.0729
34.4823
34.9118
35.1007
35.4764
35.7251
34.4111
34.3727
35.2766
34.951
35.3537
35.6279
35.6591
35.8557
34.1446
34.7432
35.0317
34.8197
35.264
34.4649
35.1703
35.3123
35.1855
35.3789
35.4173
35.7808
36.0684
34.358
34.1324
35.3812
35.434
35.6736
35.9594
36.1693
36.339
36.4059
35.0474
35.663
35.1109
35.0095
33.9598
34.5278
34.4484
34.9696
35.2343
35.5059
35.8917
35.8803
36.0189
35.9746
34.5617
34.6948
33.8272
34.1119
34.5263
