69.4514
70.232
69.5968
69.2974
70.0919
70.1569
70.6221
68.7639
68.0485
69.0673
69.8628
70.7497
68.1182
67.8077
68.2673
69.2278
68.5566
68.6345
68.7849
69.1097
68.5381
69.6661
70.5118
71.259
71.8288
66.4269
69.3257
69.542
68.986
68.9612
69.7236
68.6386
68.4613
69.3052
70.0937
71.2728
72.0163
66.046
69.0742
69.917
70.8154
71.5988
72.2072
68.4886
69.2119
69.499
71.2718
69.1587
68.0348
68.1084
68.406
69.0131
69.3431
69.4452
67.9839
68.9771
69.6551
70.4213
71.206
72.137
67.5928
67.8111
67.1858
68.98
66.8934
67.4321
68.4327
69.6561
70.6143
71.1516
67.9024
68.7775
69.328
69.9904
70.9558
66.9526
67.3731
68.0526
68.659
69.636
69.6198
68.9607
69.6423
69.9097
70.7573
70.019
67.2034
68.5986
68.1709
68.1642
68.814
66.4925
68.6734
68.3411
67.466
69.8636
70.2753
70.5728
69.4311
68.5623
69.4702
70.564
71.3734
71.9615
68.5931
67.6599
69.4385
70.3754
71.3753
71.8067
67.0646
68.5103
69.2552
69.6732
68.9005
68.8315
69.7105
70.2867
70.9694
71.6674
70.2136
68.1594
68.1846
68.705
