96.1086
96.6721
97.045
94.9158
94.7748
91.7803
93.829
94.7289
95.5139
93.3198
92.9449
95.0034
94.7444
93.9092
94.2435
94.7575
94.8715
95.8781
96.3741
94.756
95.5178
96.2311
94.7441
93.1858
94.1944
94.3153
95.3043
95.8666
95.2677
94.1784
95.2355
95.6528
94.6083
95.4772
96.3607
97.0643
95.4166
95.009
95.5887
96.242
96.5864
93.0652
93.1129
93.3632
94.5505
94.8289
94.8237
96.1814
96.7018
94.5762
95.3054
96.3479
94.3033
93.7962
95.3141
95.9369
96.8426
94.3863
94.8931
95.6034
94.5557
95.8978
95.1368
94.6871
94.8723
95.8446
96.025
96.5063
96.9528
97.5015
91.841
93.7192
94.7203
95.2501
95.8561
93.6463
93.9929
94.419
95.3163
96.7258
97.5744
93.4641
94.4297
95.519
95.0381
95.211
95.4432
96.1874
96.7336
96.195
95.5593
93.8375
94.5225
95.2511
94.3698
92.6668
93.4827
94.4935
95.6892
96.3347
97.5781
97.8756
94.1039
94.56
94.9263
95.0729
94.3047
95.2533
95.8485
96.4027
97.0964
