91.0523
91.3635
92.2113
93.1234
94.3426
91.9965
90.5917
90.9201
89.9574
91.9257
93.2341
94.0261
93.5127
89.3644
91.1062
91.8042
92.465
93.3343
93.723
92.4346
92.6104
92.5822
92.7782
90.685
89.9013
91.0803
91.5413
92.1473
93.1436
93.5551
92.1756
92.1565
91.4789
91.1471
91.2931
92.4939
93.7131
94.4164
95.4244
90.8468
91.5914
90.5274
90.4812
90.1295
90.3809
89.445
88.8877
91.6378
92.9073
93.7703
94.3346
92.9574
92.0397
90.6474
91.8815
91.5938
93.0314
93.6575
94.0103
92.3581
93.2429
94.0178
94.5558
94.7932
95.5645
95.6066
88.9184
89.745
91.0143
90.9344
92.1421
93.0866
93.7573
94.5553
92.9876
93.9816
94.3247
89.6346
90.3932
90.9049
91.4549
92.5724
93.1172
92.812
92.2198
91.0613
91.7805
93.7677
90.3564
91.7181
92.7988
93.1008
90.5557
89.3012
90.7874
92.1625
92.3082
93.129
93.3586
93.9754
93.9588
90.7436
91.3409
92.013
90.2508
90.6741
91.5166
92.4482
93.27
93.5478
94.4026
92.3767
90.2538
91.056
91.5759
92.0622
