79.9332
80.8984
81.8629
80.2294
79.948
80.6547
81.5138
81.6208
80.4134
80.7284
81.4036
81.8696
82.2475
80.7587
77.6943
78.9008
80.0031
81.0274
82.3142
83.0807
83.448
78.7486
81.1999
82.2665
82.8299
82.5772
77.688
78.4596
79.5804
80.4924
81.7982
82.7345
81.3039
81.4077
81.0911
82.4277
83.0715
77.2381
78.8661
79.6088
80.3838
81.1784
82.3632
83.0153
83.0045
81.4195
82.7885
83.3372
83.9138
77.9426
79.0689
79.2599
79.6092
81.1329
81.6163
82.1547
82.6621
83.5307
79.7137
78.825
79.3936
79.6261
80.5683
81.4173
82.3043
82.9257
82.2551
80.8635
80.6321
82.1563
83.0805
79.6077
80.9536
82.021
82.1519
83.0488
81.5022
81.0908
81.4417
81.5267
82.5446
77.5384
78.8286
79.6904
80.1105
80.7467
81.2568
79.8169
79.8699
80.8589
82.2224
80.1581
79.3597
79.9581
80.7809
81.5728
80.9495
79.6244
78.0003
79.6901
80.4817
80.0124
79.4503
80.2516
80.0251
80.9133
82.2022
83.1256
78.7421
81.6065
81.1147
81.4978
82.5673
83.4752
80.7473
79.7067
80.4781
80.9805
