94.1942
95.016
94.2671
94.6695
95.6634
96.7003
94.6789
92.2556
91.8334
91.969
92.7692
93.3671
94.0029
94.4453
92.7225
93.1968
95.0665
94.4486
92.5638
93.0946
94.1803
94.2683
93.9968
94.7605
95.2843
95.9218
96.8688
97.5201
90.8906
89.8506
91.5647
92.5652
93.9627
94.6943
96.2948
96.1767
95.2131
95.6725
96.4349
90.9413
89.7702
93.3381
93.8958
94.5952
94.564
94.9675
95.357
96.3439
97.3186
97.8063
91.176
90.8389
91.6692
92.2884
92.5307
94.3284
94.9966
95.7679
96.7002
95.5097
94.2772
92.5035
92.9635
93.9792
94.6163
95.2015
95.7743
96.3762
91.8919
94.702
95.5523
96.1311
96.9492
97.3748
93.0773
93.6284
94.3368
95.3183
96.0336
91.7133
94.3772
94.8673
96.2464
97.2032
91.8162
93.9126
94.5473
95.6139
96.5562
97.0757
97.5463
92.4598
94.2867
94.7363
93.6442
94.1556
95.0294
95.5353
95.8153
95.73
95.3264
94.3372
93.2935
94.2681
95.6511
96.1228
96.733
93.9496
94.5171
95.3372
95.7923
96.7235
92.5571
92.5567
93.7612
94.8163
94.3578
92.9969
94.8836
94.7799
95.2244
