82.0552
82.3302
81.4093
81.9766
80.8777
80.1362
81.6291
81.7708
82.4012
82.1473
82.3706
82.8906
83.9207
85.092
81.1956
81.2896
81.987
83.0856
83.5932
82.6185
82.8937
83.6516
84.7586
81.5544
80.7709
81.1633
81.6286
82.6279
82.4065
82.978
83.4119
83.4114
81.9573
80.7884
81.3922
82.6651
83.6309
84.5026
84.3371
82.8098
83.5046
83.4205
84.3923
85.0561
85.387
80.8933
81.6665
82.4339
82.4075
82.6557
82.6935
82.8607
83.1371
84.0827
84.995
82.6879
81.5053
82.0906
82.5963
83.0447
83.8241
84.4346
85.0072
82.6257
83.5261
84.0708
84.8342
80.2428
80.8309
81.7066
83.0068
82.2033
82.4163
83.2066
83.8422
84.9422
81.7033
82.2475
80.3188
79.7553
80.2006
80.9412
79.993
80.4612
82.1839
82.7726
83.2159
84.1742
84.8322
85.3387
79.7503
81.4031
81.0373
81.9728
82.8102
83.5761
84.1599
82.585
82.5505
83.319
84.6301
84.7764
85.5841
80.6616
81.2991
82.0512
82.171
81.6818
82.5436
83.3202
84.0769
