69.3067
70.2142
70.1084
70.5522
71.7671
71.9996
70.1417
68.3226
68.6099
68.7508
69.98
70.9042
70.4665
70.6991
71.2062
71.6046
68.7161
70.7134
71.264
68.3217
67.018
69.787
69.6526
70.4231
71.4728
69.9526
70.8933
70.3183
69.626
70.1078
70.2544
69.6775
70.1357
70.6219
70.2615
69.8394
70.0804
70.65
71.5419
72.3539
69.9332
68.9465
68.1996
69.42
69.6532
70.897
71.7801
69.4739
70.2625
70.8349
70.7953
70.2079
69.3468
70.2521
70.7621
69.6668
70.6898
70.2317
70.4227
70.1432
70.8636
71.6095
72.1238
72.2138
66.8964
68.492
68.8191
68.58
68.5514
70.0167
71.3886
70.9033
71.493
71.571
69.852
68.7049
69.0102
70.3209
70.7741
71.5861
69.0264
69.7026
70.2648
70.6244
71.5114
72.353
72.96
73.326
73.6178
69.4543
68.82
68.792
69.6232
71.4111
72.2887
72.6512
71.5086
72.9491
73.8078
74.1364
68.0967
68.2569
68.7119
70.0826
71.245
71.3799
71.8287
72.2953
73.5121
70.2871
67.2675
67.9083
