50.4508
50.7735
50.6859
50.8104
51.3929
51.8143
52.0887
48.9581
49.9035
50.3419
50.6999
51.0858
51.5749
51.9366
50.7224
49.7718
49.7544
50.2655
50.717
51.2124
51.5974
51.8654
47.9546
49.6688
49.9984
50.3934
51.0133
50.8816
50.6312
50.0716
50.6103
51.0067
51.5754
51.9956
52.4625
52.9527
53.1998
53.324
49.6357
49.5764
50.0108
50.4353
50.3873
50.7694
51.3222
51.7667
52.2006
52.5384
51.7679
52.1976
50.6012
50.785
50.0854
50.2213
50.1894
50.1865
50.854
51.1277
51.921
52.5237
51.0648
51.036
51.3244
51.3778
50.8539
50.9511
51.3308
51.6481
52.017
52.3196
52.4953
50.2087
50.3772
50.518
49.8865
49.721
49.9846
50.4625
51.1342
51.0501
51.3937
51.9443
52.3007
52.6582
52.9185
51.3665
50.6348
49.9509
48.512
50.1551
50.2271
50.9417
51.2031
51.6557
51.9254
52.5877
51.964
52.3058
51.3073
50.1504
50.0293
49.8528
49.7142
50.2198
50.9185
51.205
51.9044
51.1658
51.5906
50.9447
51.6575
51.3912
51.7848
52.0312
52.226
52.5557
49.5533
50.0181
50.0743
50.6031
50.9235
51.562
52.133
51.3504
51.4335
51.9433
52.0799
52.6956
51.2705
49.6964
50.3571
50.5675
50.7529
50.9959
51.252
51.755
50.6066
49.6995
50.3981
51.0442
50.4255
51.4561
51.7994
52.351
52.4396
49.7841
49.4461
50.1142
50.5287
50.6011
