48.7519
47.7065
47.3705
47.8911
46.1325
46.8732
47.2229
47.8179
48.1951
48.2324
48.0913
47.3813
48.2223
47.3727
47.2195
48.0336
48.5286
48.8555
49.3502
46.6695
46.4573
46.8382
47.4873
47.2248
47.9741
48.334
47.8154
47.2338
47.6969
48.4272
48.6799
48.5428
47.3888
46.1499
47.2955
47.6157
47.8538
48.5055
48.9898
49.2486
47.5383
48.2197
47.9793
47.5145
48.0326
48.3555
48.6348
49.1003
46.2443
46.2512
47.7992
48.1917
48.8592
49.2985
49.5302
47.8047
47.8267
47.8885
48.3813
48.8605
49.5193
49.9807
47.786
47.4659
47.5546
47.9592
48.5809
49.0016
49.4556
46.9914
46.9851
47.1673
47.9898
48.5377
49.0885
49.5205
46.7375
47.2153
47.3074
47.6831
48.3758
49.0299
49.3598
46.9062
47.3713
48.0949
48.6875
49.2844
49.6209
48.0314
47.8518
46.2006
46.8031
47.0103
47.3503
47.6131
47.8774
43.9116
45.8149
46.1124
46.893
47.6386
47.8273
48.5173
48.9674
49.2428
49.726
48.7029
47.8561
48.3588
48.7643
49.0263
45.7687
46.4392
46.5752
46.892
47.5589
46.8627
48.1267
48.7785
49.0983
49.5112
49.8258
47.8326
47.8239
47.7927
46.5121
46.1904
46.3557
47.0686
47.3972
47.0705
48.0243
48.4201
48.4192
49.492
49.0493
48.6681
49.0337
49.179
49.3438
45.2201
45.5185
46.5797
