55.7964
56.3739
56.96
54.8425
55.1504
55.8233
56.231
56.7098
56.9937
55.6236
54.6047
55.0674
54.6486
54.7867
55.0519
55.2563
55.5387
55.7279
56.357
57.1869
54.2382
55.238
54.8235
54.9306
55.0888
55.7094
55.8923
56.3926
56.9999
57.1492
56.9076
56.7584
56.347
56.7353
57.3212
57.4774
57.7344
57.9727
53.1469
54.634
55.2622
55.7373
56.0127
56.5724
55.7709
55.6757
55.9471
56.3239
56.7625
57.1513
54.8091
53.8849
54.5734
54.7573
55.3774
55.9901
55.5615
55.7251
55.2302
55.5452
56.206
56.4823
57.1019
56.1392
55.9508
56.2785
55.7751
54.2162
55.2219
55.7473
56.0852
56.0884
56.445
55.663
56.4698
57.0091
57.5349
57.7001
58.0372
54.0548
54.1639
54.9327
54.7186
55.1384
55.721
56.3126
55.9832
54.4604
55.2531
55.8629
56.1622
56.5518
56.7809
57.0628
57.4764
53.9291
54.5741
54.9796
55.4712
55.3401
55.0536
55.2077
55.6149
56.1548
56.6176
57.1166
56.08
54.0671
55.169
55.4229
55.118
54.6949
55.1324
55.0387
55.466
55.9698
56.6613
56.6033
56.5321
56.1048
55.8507
55.1222
55.8538
54.8438
54.5561
55.0904
55.8398
55.956
56.1848
56.3854
57.1344
57.5571
57.8546
58.0962
58.4688
53.9091
53.5261
53.8794
54.4706
54.7412
54.3228
55.4361
55.9723
56.2422
54.6288
56.7761
57.1756
56.8092
56.1187
54.719
55.5728
55.8855
54.9837
54.9677
