64.276
64.2043
64.7681
64.6181
64.8623
64.8262
65.1769
64.1974
63.9729
64.6612
64.9445
65.5605
65.8529
66.325
64.5072
63.8459
64.3809
64.4864
64.9354
65.4651
66.0774
63.4969
63.984
64.0651
64.4381
64.9149
65.108
65.4946
62.5446
61.3631
62.6196
63.4626
64.1961
64.405
64.5913
63.0789
64.7191
65.1613
65.231
65.5618
65.8033
65.8472
66.2148
63.7181
62.8335
63.1324
63.715
64.5139
63.2076
64.1234
64.4761
64.7938
65.7952
66.1318
65.784
65.7692
66.0029
66.4283
63.2755
63.5986
63.3409
62.5904
63.7302
64.0057
64.4531
64.6562
65.0099
65.4569
66.1159
66.5318
66.9275
67.0302
64.7413
63.6467
62.5049
62.9678
62.4073
62.0622
62.533
63.1201
63.6071
64.1636
64.455
64.6518
64.7276
65.6189
66.0911
66.2638
66.5478
66.9569
60.9592
63.1386
63.7576
64.2882
65.0003
65.2385
65.0611
64.3777
64.6623
65.451
66.0916
66.6704
66.9137
67.1433
63.3351
62.9031
63.0651
64.0973
63.6319
64.8556
64.9694
65.2829
65.3298
65.8255
66.4012
66.5011
66.9086
67.0782
62.0785
62.4468
61.8024
62.8631
63.3211
64.3494
64.3322
64.881
64.6503
64.2029
66.2132
66.5777
66.9511
67.1158
67.2524
67.5013
62.9376
62.0837
62.7591
63.2181
63.5949
63.9974
64.3819
64.9157
65.3307
63.4084
65.2499
65.7595
65.9488
66.1019
66.6601
62.339
63.9609
64.1481
64.3968
62.972
63.3428
