52.0393
52.9982
53.4008
54.1616
54.3876
55.0488
52.8983
53.7003
53.559
54.0572
53.3708
52.8477
53.0005
53.321
53.4262
53.581
54.0737
54.654
53.7127
54.3704
53.3423
52.4772
52.9953
51.7257
53.2345
53.2938
53.7982
53.919
54.4993
54.434
54.1462
54.0611
53.2576
52.3688
53.0954
53.8578
54.4434
51.1387
52.5714
52.2709
53.8403
53.0718
52.678
52.3155
52.5817
52.7499
52.6318
53.5092
53.0027
53.63
53.0907
53.8858
54.5756
55.1873
55.4779
53.2513
52.3679
52.2212
52.4668
52.9299
53.6076
54.2453
54.7632
54.3639
53.3828
52.7664
54.8451
55.0427
55.1927
52.5961
52.4057
51.9878
52.6371
53.2468
53.8108
54.1769
54.4892
54.7987
55.4498
55.8242
53.7357
53.6074
51.5328
52.1433
51.8349
52.6057
53.1931
53.6478
54.2635
54.0691
54.034
54.2722
54.0999
54.6166
55.0381
55.3697
51.9976
51.5322
52.3981
52.9548
53.3885
53.7197
54.2297
54.5293
54.7051
55.2778
53.5604
53.6761
53.9201
54.2107
54.4925
54.9543
52.6126
52.4913
52.9514
53.5443
53.7162
54.1678
54.4432
54.5735
51.6686
51.8221
52.9124
53.5449
54.1765
54.5312
52.8959
53.5473
54.0576
53.252
53.9365
54.3365
53.8938
52.5309
53.6149
53.8339
54.4262
55.0432
53.1036
52.8641
52.8183
53.0894
