50.479
50.1909
49.3032
49.6044
50.0987
50.6854
51.6903
51.4456
51.7098
52.2531
52.0017
52.1615
52.78
53.2731
51.813
49.7612
49.8299
50.1462
50.4906
50.8142
51.1153
51.5695
51.5198
51.5645
51.8783
52.4829
53.0759
53.3601
53.294
48.8657
49.8161
49.7611
50.3996
50.8975
51.9213
51.4417
51.2973
51.7416
52.0887
52.3984
52.7379
53.1228
49.6992
49.563
49.2269
50.0658
50.9679
50.2794
50.7366
51.155
50.4876
51.9554
52.3693
52.8982
53.4258
53.5921
53.8521
48.5223
49.6335
50.0984
50.3953
50.8117
51.571
52.0153
50.7268
51.751
52.3344
52.8159
53.2261
53.3429
49.6592
49.4025
49.7344
50.3161
50.8762
51.5917
52.1427
52.5123
50.1361
51.5338
51.4928
50.8126
52.4021
52.7953
52.8824
53.0559
53.3323
47.3773
50.0358
50.2654
50.3636
50.0246
50.2747
50.609
51.175
51.593
52.3672
51.9124
52.774
51.8212
52.0948
52.4019
53.0353
50.7512
50.1141
50.4975
51.1213
51.3488
51.6968
51.4803
51.5683
51.5795
51.2498
51.8253
51.9317
51.5273
52.0368
52.2999
52.739
52.9146
53.1313
48.6785
50.9649
51.6389
51.842
52.2335
52.5721
52.9739
50.5824
50.336
50.1722
51.0072
51.3949
52.1315
52.2897
52.4977
52.8314
52.8884
50.3674
50.7479
51.5301
51.4588
52.13
52.437
52.7741
49.9206
50.4698
50.6468
51.1028
51.0598
