65.183
65.2704
65.0767
65.505
65.9278
66.3139
66.44
66.9767
65.6468
65.4058
65.4849
63.7078
65.0755
64.3092
64.4772
64.5578
64.2757
64.7375
65.5651
65.9058
66.5587
67.1728
65.8551
65.9427
66.1946
64.7379
65.0246
64.3121
65.1083
65.284
65.534
65.8732
66.1508
66.7391
67.1375
67.4276
64.2908
65.8593
66.1506
66.4645
66.8064
64.3927
64.938
65.1774
65.7786
66.692
66.3946
66.184
65.6751
65.3044
65.4107
65.7317
65.8065
66.1533
66.6417
63.4149
64.6428
65.4146
64.9895
65.4026
65.561
66.2787
66.5627
66.9844
64.8053
66.465
66.1121
66.8097
67.3275
67.6659
64.4446
64.3676
65.345
65.6509
65.8854
64.9921
65.607
65.8139
66.3274
67.1985
66.7654
66.5694
66.0359
66.5067
66.8472
64.8412
64.7257
63.3112
64.8426
65.4132
65.696
66.0797
66.3799
66.6496
66.9977
67.3295
67.5061
63.5585
63.6616
63.5064
63.7975
64.9969
64.7023
65.9678
66.4191
66.7323
67.1052
67.2362
66.4677
65.2338
65.1272
63.4225
63.1765
64.5315
64.7642
65.506
66.3457
66.7603
66.9448
67.0391
67.2004
67.7178
67.8426
67.8236
67.8339
67.8302
62.4952
63.0589
63.8948
64.0199
64.7325
65.5751
66.1916
66.2866
65.1721
66.435
66.8951
67.1739
67.6965
66.1018
63.1897
62.8213
63.7763
64.3492
