56.3542
55.9286
56.3546
56.7118
57.234
56.7005
55.7895
57.3898
56.8731
56.696
56.8023
56.6453
57.2399
57.7724
58.1764
58.6159
56.2829
56.1225
56.1072
55.5358
56.179
56.1866
56.5431
57.076
57.4194
57.5969
56.8781
57.3971
57.8362
57.1722
56.2851
55.7746
56.1569
56.5056
57.0073
57.7422
57.3546
57.3523
56.9299
57.4386
57.781
57.6275
57.6452
57.9603
58.3581
58.5122
58.6389
58.8033
59.2408
56.4333
56.0331
55.7058
55.8697
56.155
56.5369
57.2018
57.5965
57.5428
57.7658
57.6878
57.5332
56.0084
55.6712
55.6626
56.0982
56.2131
56.253
56.7678
57.3395
57.6194
58.2436
56.5438
57.2165
56.2501
55.9931
55.0934
54.7891
55.4998
56.1083
56.4208
56.9543
57.2662
55.7674
57.8703
57.8505
58.2321
58.7608
59.1707
59.2627
59.4655
54.9416
55.437
55.863
56.3688
56.5262
56.4723
57.0176
57.4562
58.2319
58.6633
59.0331
58.8233
57.1381
56.0151
55.4257
56.1026
56.2473
56.6425
57.2881
56.8419
56.5149
56.8061
57.2368
57.5796
57.8878
58.4713
58.7513
58.9545
54.8177
54.7663
55.4803
56.1504
56.6456
57.1771
57.6156
57.1448
57.8881
58.0739
58.4565
58.7919
58.8998
59.2707
55.056
55.2911
55.8717
56.1821
56.7443
57.3506
57.7038
57.974
58.689
55.9074
56.1366
56.7768
55.7551
55.8854
55.5052
54.9905
56.6787
