61.5096
62.3138
61.552
61.8187
62.7947
62.4635
63.042
62.9617
62.4055
62.9272
63.7638
64.0159
64.458
62.9424
62.8482
63.3452
61.4085
61.4981
61.8436
61.9263
61.1692
62.3496
62.7297
63.2311
63.8548
64.3665
62.5254
62.5637
63.2365
63.121
63.4372
63.7407
62.2781
61.8783
61.377
61.9932
62.4324
62.2556
63.1422
63.2431
63.2278
62.5097
62.2442
61.8001
61.9472
62.3042
62.6499
61.1707
61.9199
62.6212
62.4861
62.4102
62.646
63.463
63.8838
64.1549
64.3987
62.3546
62.8781
63.3606
62.6981
62.5289
63.1306
63.0801
62.7298
63.1766
63.5962
63.7709
64.2003
64.5283
60.6236
61.759
61.4775
61.6374
62.3399
62.5824
62.1279
61.6853
61.5028
62.1492
62.6093
63.1957
63.554
63.8966
64.2571
61.8779
62.0387
60.4945
62.7152
62.9328
62.5681
62.9057
63.3275
64.1129
64.4283
63.122
63.0144
64.3291
64.3355
64.7102
64.8991
64.9747
60.9824
61.9692
62.3557
62.7325
63.4297
62.785
62.8352
63.3867
63.4691
64.0177
64.6191
65.0253
65.3514
60.9161
62.177
62.4173
61.8361
61.233
62.0208
62.5331
62.4486
62.7451
63.2786
63.2057
63.6353
63.911
64.1277
63.7706
61.0577
60.9109
60.831
61.2997
62.059
