48.3679
48.7399
45.5625
47.4039
47.8834
48.4029
48.5894
43.8102
44.2614
45.7175
46.2413
46.7712
46.6687
47.3318
47.5942
48.1422
48.5981
49.033
49.1646
45.9032
45.1101
45.3938
45.7005
46.2196
46.9578
47.5632
46.7819
47.2559
47.3667
47.2231
47.1477
47.8793
43.4898
44.3424
45.6763
45.5048
46.6741
46.7886
47.5047
47.7777
47.2481
47.5209
47.449
46.6725
46.791
45.7397
45.6684
44.7289
45.157
45.9863
46.2924
46.7075
47.0482
47.8873
48.2162
47.244
46.4303
47.5328
46.6623
47.1865
47.6559
45.7268
44.5972
45.4979
46.2811
47.0214
46.3886
47.4091
46.0177
47.0196
47.4144
46.3585
46.8822
47.7019
47.5605
47.8574
48.3329
48.7875
46.7574
47.2773
47.4623
47.8127
48.4442
48.721
48.7787
45.8565
46.4394
46.6164
46.6451
46.0221
46.758
46.6443
47.1249
46.963
47.5601
48.1267
48.1488
45.7883
44.9246
45.5109
44.9894
45.3763
45.6002
44.7159
44.5339
44.9749
45.0948
45.35
46.562
45.3811
47.5066
46.806
47.4416
46.3821
45.2116
45.8969
45.4878
46.0703
46.4847
47.0874
47.3534
47.6511
44.4712
44.2963
46.1139
46.7102
47.2255
47.5165
48.3421
46.53
46.775
47.3447
47.6406
47.7622
