51.125
50.7678
50.8218
50.0239
49.766
50.3331
50.013
50.3803
49.7347
50.2274
50.6397
49.9471
49.6322
50.2657
50.7268
51.0746
51.6918
49.4243
49.4744
49.5384
49.7643
50.407
50.6255
51.1016
51.4062
51.2785
48.8203
49.5264
50.5602
51.0188
51.2673
51.7087
52.1353
52.6292
49.72
48.3278
50.5243
51.2791
51.7731
52.3003
48.7086
49.1533
49.3558
50.367
50.8962
51.5138
52.2089
52.5577
52.6449
50.064
49.6281
50.1905
49.2925
49.2436
47.9573
48.6248
49.3113
49.6435
50.3334
50.8279
51.4669
51.7333
51.9988
52.3959
50.44
50.2166
49.1566
49.3918
49.3852
50.3287
50.9591
51.2856
50.4831
51.2913
51.8157
51.9366
52.321
52.6227
50.1566
47.9958
47.3001
49.2832
49.58
50.32
50.9687
51.0543
51.4464
51.9634
51.6848
51.8311
52.187
49.6979
49.6158
49.1621
49.767
49.4503
49.766
50.2886
50.7735
50.8967
51.4632
51.7448
50.9622
50.8522
49.4017
49.4215
49.0941
49.811
48.3655
49.101
48.8856
50.6967
51.1279
52.1406
52.3741
52.0416
51.3376
50.6554
49.6849
50.1883
49.9744
48.6241
49.3196
49.6934
50.2523
50.8196
51.1326
51.198
50.0484
48.8524
50.3584
51.0812
51.0078
49.8028
50.3453
50.7881
51.0035
49.6567
48.7734
49.8052
49.8319
