52.8511
53.6582
54.5224
55.0613
55.6844
55.0373
54.0833
54.4788
55.3451
55.6915
55.4791
54.4652
54.3351
52.4299
53.5979
54.442
54.9497
55.391
56.0244
56.1517
55.6504
55.0666
54.8522
55.1853
54.5761
54.3757
53.5037
54.0455
54.4277
52.1508
53.2219
52.3616
54.0626
54.0393
54.7329
54.5213
54.8596
55.7513
53.9624
55.038
54.7865
55.3047
55.5823
56.1298
54.156
53.7321
53.3044
53.855
54.4358
54.5568
55.0102
54.2347
54.6756
54.9624
55.2572
55.0027
55.1812
55.0426
55.4322
56.0932
56.4548
53.9939
54.3684
54.594
55.1252
55.6577
55.9346
56.4376
56.782
53.6576
54.412
54.0228
55.0935
55.1705
53.9534
54.5883
55.1379
55.6167
56.1517
56.7126
56.968
52.9613
54.2299
54.4977
54.9689
55.4586
55.8775
56.2077
56.12
54.0151
54.0879
54.2582
54.5785
54.9807
55.3606
53.569
53.4605
54.0155
54.7246
55.1093
55.8138
55.1338
54.2919
54.5402
54.251
54.3878
54.757
54.7054
54.6868
54.4289
54.7163
55.268
55.5035
53.0768
53.8763
54.0107
54.5034
55.2798
55.8992
56.0315
56.3189
53.8217
54.5835
55.0277
55.349
55.9424
56.2994
54.2984
54.7359
55.4365
55.9038
56.4732
54.0238
54.3188
54.82
55.4731
55.619
56.0277
52.4205
52.9289
52.779
53.0328
54.114
