37.5814
37.7618
37.2649
37.0568
37.6956
37.8785
38.1065
38.1504
36.3579
36.7276
36.8589
37.0028
36.6237
36.8061
36.9463
36.7137
36.9018
37.0243
37.1607
37.3234
37.1244
36.2781
36.4125
35.6073
35.9814
35.2168
35.8727
36.0605
36.3255
36.579
36.7432
36.7513
36.4491
36.6265
36.0274
36.2172
35.8144
36.0079
36.5101
35.9651
36.1802
36.449
37.1803
37.5363
37.3543
37.5738
37.5781
36.7702
35.9749
36.9229
36.1911
36.605
36.6582
37.0688
37.3129
37.5561
37.0789
37.4892
37.9811
37.7297
37.8483
37.1805
37.5341
36.7389
37.1262
37.3964
37.5393
37.7449
36.2045
36.899
37.6416
37.8023
37.7052
37.542
37.6212
37.8272
37.883
38.0157
38.1505
38.2498
36.3046
36.432
36.7324
36.6574
37.1469
37.4709
37.7054
37.8441
38.0925
38.2459
38.2515
38.3628
37.2729
37.537
36.9786
37.1292
37.5637
36.9182
37.3955
37.4249
37.7855
37.9302
37.1967
37.5416
37.8995
37.4457
37.6369
37.8461
36.5202
36.6495
36.9414
36.6793
36.5201
36.929
36.7833
36.95
36.9588
36.1827
36.2615
35.2418
35.6735
36.2817
36.7846
36.408
36.7451
36.9315
36.6549
36.7523
36.9425
36.511
36.892
37.0152
