39.3332
38.8252
38.7272
39.1441
39.7318
38.8312
39.1122
39.541
39.6306
39.8747
40.0619
40.2549
40.2314
40.3819
39.155
38.3429
39.1416
39.0523
39.4079
39.0354
39.3786
39.6797
39.9325
40.1418
40.2562
40.2804
40.0851
40.1423
40.4294
37.8716
38.4688
39.2688
38.5628
38.8332
39.2681
39.4813
39.6713
39.8676
39.125
39.5206
38.9415
38.7366
39.0311
39.3365
39.7061
38.9726
39.5148
39.4219
39.6011
39.8017
38.7146
38.8178
39.1665
39.2754
39.4912
39.6011
38.7453
39.259
38.2829
38.3552
37.8938
38.5844
39.1833
39.4155
39.4963
38.9903
39.7824
39.8068
39.1543
39.5526
39.8148
40.0005
39.4003
39.5276
39.4682
39.4624
39.6551
38.4109
38.1373
38.4026
38.5189
38.7121
38.7613
38.3705
38.7124
38.0347
37.381
38.2594
38.3586
38.4646
38.9069
39.1033
39.094
39.2567
38.8442
38.9789
38.743
39.0595
39.3643
39.4883
39.6001
39.4251
38.504
39.2142
39.4204
39.6429
39.8275
39.2477
38.7429
38.5979
39.187
39.4601
39.7721
39.9419
40.1307
38.4698
38.7552
39.6399
39.8221
39.9527
40.042
40.2418
39.4456
39.1983
39.6355
39.1893
39.4423
39.6965
40.0289
38.9536
39.1835
38.4906
38.9953
38.7875
39.0529
37.9821
38.1806
