42.4494
42.7095
42.9528
42.891
43.0388
43.4951
43.6294
43.9759
43.9445
42.5331
42.2917
42.6515
43.2181
43.5835
43.7028
43.2592
43.5107
44.0167
43.6127
43.8675
43.9627
44.1297
42.6691
42.7212
43.7915
42.8003
42.6681
42.8686
43.0878
43.2823
43.4461
43.6573
43.7322
43.0752
43.3595
43.0204
43.0934
41.8271
42.3136
42.5807
42.7454
43.0361
43.3792
43.5744
43.5968
43.5204
43.7665
43.2683
43.0592
42.8012
42.8729
42.7732
43.0418
43.2417
42.9451
43.2001
43.5201
43.2164
42.526
43.6159
43.0625
43.3115
43.6802
43.7325
43.7629
42.6445
42.5123
42.7326
42.7443
43.1004
43.2928
43.4725
43.4486
43.6849
43.9262
43.9864
43.5086
43.4289
42.7906
42.591
42.7807
42.9681
42.6122
42.4124
43.1488
43.4571
43.5903
43.169
43.414
43.5573
44.0882
44.207
44.4226
44.5542
44.6275
44.6379
41.401
42.4099
42.8737
43.2733
43.5122
43.6726
43.9803
44.2564
42.755
43.6428
43.8001
43.5654
42.8208
42.8361
42.8432
42.9541
43.3172
43.2677
43.1956
43.1564
43.3268
43.6099
43.8766
43.4202
43.7399
42.8982
43.4777
41.9763
42.3033
42.3328
42.5357
42.6006
