35.8692
36.2993
35.9354
36.1686
36.6662
34.968
35.7875
35.8148
36.8107
36.4914
36.936
37.2896
36.4927
36.6431
37.1665
36.747
36.5057
36.8067
37.0858
37.3088
37.4407
37.6761
37.1983
36.9687
37.5237
35.8005
36.189
36.3215
36.4024
36.0501
35.9441
35.6436
35.8452
36.159
36.2296
36.1164
36.2838
35.4
35.5965
35.8313
35.5372
36.0417
36.1248
36.3315
36.3841
36.1207
36.8528
36.3314
36.6884
36.8259
36.9857
37.231
37.3733
36.7322
36.836
36.5859
37.3794
37.2341
36.7742
37.0154
37.1362
37.4804
37.6662
36.9991
36.9312
37.1204
37.2772
37.5018
37.6344
36.2339
36.7223
36.6267
36.6932
36.9346
37.1601
37.3518
37.6097
37.5491
36.5013
37.4866
37.0169
37.2647
37.4962
37.5977
37.9065
36.2132
36.5496
36.7075
36.82
37.1195
37.399
37.5616
37.7509
36.7618
36.5468
37.0039
37.1551
37.3437
36.8619
37.4904
37.1334
36.7923
37.0792
37.2921
37.5775
37.7965
36.9432
37.051
36.4524
36.741
37.0959
37.0459
36.8209
37.3025
37.4314
37.4981
37.5754
36.1575
36.3855
35.3744
35.6346
35.3946
36.2267
36.3129
36.539
36.7358
36.8207
36.8187
36.6191
36.2724
35.5006
36.0115
36.2021
36.5179
36.2175
36.5176
36.5701
