38.9261
39.1246
39.59
40.1811
40.3655
41.1868
41.2147
41.4322
41.7535
41.8671
41.9885
42.1128
40.5426
40.9329
40.5467
40.7316
41.0704
40.63
40.7844
40.8758
41.2494
41.7097
41.3219
41.7302
41.9085
42.1146
42.2302
40.2113
39.958
40.3791
40.8146
41.089
40.9937
41.0155
41.7179
41.7434
41.9177
42.089
40.8421
40.9443
40.5563
39.5144
39.4953
39.9751
40.2895
40.4772
40.546
40.7641
41.0702
40.6654
40.2686
40.1628
40.536
39.0783
39.2407
39.5762
39.6701
39.8131
40.3084
40.6139
40.6974
40.5785
40.6958
40.3871
39.7308
39.9217
40.0822
40.5634
40.3503
40.8074
41.0485
41.5036
41.5696
41.0527
41.4084
41.0515
40.7569
41.1137
41.4069
41.6982
41.7945
40.5801
41.0224
41.3619
40.7026
40.9915
41.3025
41.6733
41.7596
41.9747
42.166
40.5737
41.3356
40.5682
41.0529
41.2348
41.5347
41.8212
40.4946
40.9286
40.219
41.0633
40.9156
40.8322
41.1261
41.2276
40.4179
40.7173
40.7417
40.8805
39.9567
40.3774
39.9208
40.0855
40.4205
40.7891
40.2865
39.9059
40.8512
40.7529
40.9119
41.0722
40.7716
39.9068
40.0925
39.9653
40.5995
40.729
40.806
40.256
41.2328
40.9731
41.077
41.3558
41.4767
41.6196
41.7107
39.7891
40.4028
40.5076
40.7653
41.1255
41.2361
41.4455
41.5683
41.1708
41.1503
40.4403
40.0021
