37.7761
37.8986
38.1775
38.4124
38.4636
37.7203
38.4948
37.5688
37.7455
37.7656
36.3163
37.3916
37.5519
37.7087
36.9746
38.1818
38.0977
38.031
38.602
37.5355
37.3509
37.2731
38.1709
37.8157
37.9425
38.3749
38.6355
38.0929
38.1929
38.4566
38.7923
38.9219
39.181
39.2832
39.402
39.5976
39.5913
39.7332
38.0538
37.9196
37.3243
37.1679
37.2387
37.5172
37.4976
37.8231
37.7079
37.8842
38.0807
38.3397
37.8861
36.978
36.3368
36.9905
37.5695
38.0271
38.5029
38.7552
39.001
39.5503
39.0242
39.3247
39.4862
38.111
38.1381
37.6169
37.9703
38.0884
37.6106
37.5276
38.1093
37.7546
38.4313
37.64
37.9288
37.9977
38.2461
37.7907
37.6587
37.9534
38.4028
38.3028
38.5895
38.4305
38.6316
38.7794
39.0926
37.8686
38.8497
38.3245
38.6144
38.563
39.3194
38.3504
38.6679
38.9028
39.2252
38.679
38.3498
38.4416
38.1709
38.3587
38.7701
39.0442
39.2534
39.3982
39.505
38.5386
39.2874
38.1592
38.484
38.6199
38.6916
38.9598
39.1724
37.7705
38.3165
38.5394
38.5965
38.3012
38.1516
38.5604
38.2257
38.4174
38.4794
37.9244
