43.4548
43.6824
42.8264
42.4099
42.655
42.7208
42.4267
42.7305
43.0787
43.3426
43.5912
43.7649
42.6998
43.3133
43.2852
43.1694
43.5053
43.6489
43.5952
43.8171
41.3308
41.4007
41.559
41.7607
42.5623
42.5119
42.8607
43.0044
43.1884
43.3223
42.6934
43.3804
42.9523
43.0536
43.3189
43.4577
43.6495
43.8475
42.2892
42.6316
42.6103
42.7473
42.9304
42.0114
42.4396
42.1245
42.1231
42.0007
42.3306
42.5057
42.6467
42.1137
42.1101
42.3801
42.9095
43.1006
43.3484
43.5134
42.499
42.3638
42.1257
42.6734
42.8082
42.6658
41.6536
43.0008
42.9487
43.0913
43.1386
43.5187
41.9246
42.3482
42.2225
42.2736
42.5042
42.6961
42.7422
43.1162
43.0266
43.1407
42.8799
42.9921
43.3158
43.291
43.4588
43.2664
42.9425
42.4139
42.6367
42.943
43.1849
43.4019
43.6451
43.7517
42.8128
42.8369
43.2966
42.6512
42.8259
43.0876
43.3376
42.5332
42.5515
42.4589
42.4454
43.3135
42.8357
43.0778
43.2596
42.6804
42.9759
42.8612
43.1345
43.5442
42.9604
41.7135
42.6537
42.472
42.3131
42.8145
42.5725
42.833
42.973
43.1205
43.2716
41.8002
42.3436
42.0728
42.3552
41.8615
42.0774
42.2299
42.5574
