40.9044
40.9442
40.9505
40.4798
40.8458
41.0054
41.2058
41.4822
41.6621
41.7702
40.5132
39.959
40.3412
39.9065
40.1345
40.2458
40.568
40.7947
40.2256
40.3905
40.6115
40.704
40.8218
39.5944
38.7869
39.5625
39.4164
40.0171
40.2755
40.595
40.8503
40.9178
39.9455
39.953
40.7159
40.1184
41.3869
41.1431
41.3469
41.6306
41.867
41.8366
41.9527
39.6866
40.0756
39.5472
40.4501
39.992
40.1843
40.5173
40.7098
40.2524
40.1302
40.8239
41.0955
41.308
40.0347
40.0543
40.4695
39.7227
39.7137
39.9299
40.6992
40.309
40.4813
40.5723
40.4852
41.02
40.8402
40.9187
41.1282
41.3311
39.9589
40.4795
40.2186
40.6689
39.4446
39.8421
39.9493
40.1236
40.1278
40.591
39.8558
40.0344
40.3627
40.5088
40.3851
39.962
39.706
39.8968
40.2859
40.2186
40.2044
40.6656
41.3381
40.4903
40.8361
41.2137
41.4064
41.2683
40.8502
40.6234
40.5658
40.7343
41.4045
40.9119
41.2104
39.8783
40.8021
41.1161
41.1649
41.4466
40.6702
40.9206
40.7231
41.6458
41.1913
40.9688
41.2605
41.3328
41.472
39.8658
40.4479
39.9282
40.0753
40.2397
40.314
39.716
39.3828
40.1883
39.4947
39.6699
39.6717
38.7127
