39.013
38.2159
37.2214
38.1415
37.7681
37.912
38.0363
38.2357
38.3967
38.6416
38.3563
38.8002
38.0628
37.9849
38.4006
38.6434
38.078
38.317
38.6159
38.9239
39.3238
39.6498
39.8167
40.0982
39.218
39.0126
38.7073
38.9507
39.294
39.3787
39.5146
39.7115
39.6782
38.3441
38.5986
38.2013
38.2339
37.7937
38.7126
38.4633
38.7442
38.3383
38.4004
38.9052
38.214
38.5499
38.7327
38.3003
38.6315
38.7366
38.2077
37.514
37.9289
38.2182
38.9275
39.1595
39.5254
39.7006
39.8527
39.2403
39.307
39.4841
39.4911
39.774
38.2831
38.1618
38.3323
38.1704
38.5467
39.0049
38.7614
38.8863
38.6196
38.1603
39.332
39.3621
39.2666
39.3179
39.5366
38.0023
38.3305
38.6899
38.858
39.0299
39.3756
39.6584
38.5814
38.5368
38.3103
38.4244
38.4726
38.8934
38.7926
38.6026
38.754
38.6845
39.0043
39.3665
39.5503
39.8569
39.8485
39.6528
39.2878
38.7441
38.8285
38.9668
37.9421
38.111
38.4872
38.5478
38.7924
38.9923
39.2468
39.4461
39.5247
39.5652
38.9805
39.4241
38.1795
37.7438
38.0885
38.3635
38.6345
