39.5792
39.716
39.9109
40.2
40.3598
40.5483
39.6536
39.9859
39.5896
38.8507
38.9959
39.2877
39.1114
39.3548
39.442
39.6299
39.8609
40.0253
39.0501
38.3045
39.1085
38.3888
38.3323
38.9424
38.645
38.9855
39.5149
39.9169
39.4415
38.8763
39.6902
39.8627
39.4091
39.768
39.7437
39.3468
39.6805
39.907
40.2363
40.2719
40.4506
40.6588
39.5541
39.6932
39.8046
40.2103
39.9159
40.0141
40.1502
38.7943
39.4198
39.4748
39.7345
39.9007
40.1426
40.3439
40.5553
40.541
39.6367
39.6761
39.9471
39.4601
39.2142
38.9824
39.7107
39.9071
39.9461
40.0276
40.4007
40.6905
39.2381
40.0059
39.335
39.2314
39.3416
39.544
39.7673
38.1391
39.3009
38.896
39.2751
39.6194
39.4406
38.9766
39.3901
39.7712
39.2562
39.5154
39.7261
39.311
38.889
38.815
38.5381
39.4108
39.2084
39.6365
39.8434
39.9348
39.851
40.1763
40.446
40.7381
40.8311
40.3074
39.4961
39.1161
38.9027
39.1036
39.229
39.5222
39.632
39.8857
40.0649
40.2562
39.6817
39.7376
40.0111
40.1054
40.2386
40.4524
38.9893
38.4206
38.989
39.5416
39.7987
40.0611
40.2933
39.9833
40.3938
40.0712
39.7698
