26.9015
28.0606
21.4847
24.6271
26.3077
27.8818
27.85
29.5541
23.2935
25.4837
27.3862
28.2537
27.9416
24.063
23.1142
24.0148
26.4337
26.7707
25.7385
27.9897
29.6954
22.9886
25.9431
27.3403
27.022
24.719
25.1522
22.1808
25.1445
27.2924
27.9248
28.0256
28.8171
30.7858
24.5979
20.2623
26.1994
28.8324
26.2761
26.1423
23.8056
25.1281
27.0791
23.0206
26.239
26.4468
26.7414
24.0592
23.9507
26.082
28.7036
28.8404
29.9731
24.4278
23.3559
25.3886
28.5582
28.9685
26.0944
21.2585
25.3395
28.4341
28.2595
26.3833
23.6791
23.9378
24.4241
26.8161
