28.2902
28.8884
29.5806
21.7694
21.5145
23.7738
24.7397
24.67
26.2702
24.8157
26.3369
27.9877
22.3757
25.8516
24.8099
27.2158
26.7804
24.1565
24.9762
24.3918
26.6809
28.2256
29.2244
26.3942
24.4694
24.5588
25.9716
26.8819
27.7368
25.3435
28.1021
23.105
25.85
26.6503
24.2895
26.2075
24.1154
24.6104
27.929
26.4325
23.9562
24.815
26.4004
23.6252
25.1788
27.2555
28.9016
29.1404
24.0235
25.5856
28.5153
26.6623
27.1767
27.5371
23.7426
25.165
27.8091
24.8275
27.3514
29.7578
23.9875
24.6829
26.2201
28.6733
24.6059
