26.0703
23.6893
24.842
26.1433
26.5267
27.5623
28.9615
23.222
23.9072
25.9424
27.1387
26.8637
28.4126
21.888
23.9339
25.2888
27.0173
26.2174
26.7051
25.7533
23.6695
23.8165
26.1494
28.1688
25.1804
24.781
26.0795
23.8961
23.6868
26.0721
27.1784
20.6964
26.1966
28.4502
22.1202
24.3974
24.9136
25.8386
26.8425
27.4501
29.9873
20.2875
22.7261
25.2245
26.5926
27.8042
29.1343
23.8584
23.1089
23.8557
25.7187
28.9555
28.4658
29.9638
22.2779
20.5362
23.5511
26.5184
27.2561
26.9719
28.8544
29.9697
27.0653
21.6381
23.8998
27.5175
28.9215
28.0218
26.5133
20.8144
23.2353
24.3753
26.467
27.2969
