24.2888
27.2904
28.4479
21.2491
23.2765
23.3259
19.5723
24.8925
26.2326
27.3754
26.0858
24.6612
23.6369
25.3491
27.5513
28.6547
29.0746
23.7063
22.5103
21.5554
26.1464
27.2966
25.9907
28.3092
21.7814
21.7542
23.5264
24.8249
26.8405
27.1852
25.506
24.396
24.4066
27.203
28.436
23.384
24.6592
23.5795
25.5245
27.6068
28.2355
25.6619
24.9472
27.5557
23.031
25.3027
26.7443
29.4611
25.8528
25.4509
28.443
22.7385
24.8822
26.7093
27.11
28.0943
28.3107
27.7464
25.6512
26.4944
27.1453
28.1656
26.8792
24.8494
24.4
26.0857
27.0796
26.2786
