24.6141
23.4441
25.5586
28.6108
25.1269
26.4965
26.2176
26.2956
27.5655
29.7184
25.2456
25.7204
26.5356
26.9377
27.9307
24.9792
22.62
23.4467
25.354
25.9128
27.8618
26.4881
24.2153
25.5065
26.9502
28.0597
27.1663
24.7115
26.5124
28.7227
24.7105
26.3756
28.037
26.2261
27.7179
23.7057
25.4018
27.8417
25.0203
25.5313
26.8004
26.4173
26.5589
27.9382
23.985
24.5017
24.6779
26.8937
28.9557
26.2213
25.9991
27.6198
28.702
20.7746
26.7267
28.2766
25.708
24.8198
27.0435
26.5392
27.6771
26.3989
20.4943
24.6796
25.4167
24.7728
