77.6082
77.9694
77.1356
76.7902
73.5019
74.5486
75.4721
74.2144
73.1455
73.6231
76.2353
77.0855
76.8397
77.1955
77.5004
78.4155
78.8434
73.7904
74.1006
74.5084
75.4128
76.3844
77.2175
77.9823
77.3022
74.6355
75.5639
76.1788
76.9054
74.0832
73.4174
74.3789
74.806
75.8178
77.0007
75.7991
75.0401
75.2226
76.5009
77.314
74.2951
75.1898
75.3552
75.9944
76.1406
76.4673
74.9105
72.3587
73.24
75.2839
76.7938
77.7683
76.1845
76.0201
76.7006
78.1607
73.6541
74.6204
75.0371
75.3288
75.9713
77.1284
78.1732
78.154
78.7176
76.7861
75.0799
74.1339
73.2721
74.2148
75.0089
75.9382
77.0041
78.5186
77.8093
75.5776
74.0867
74.4749
74.0758
74.6352
73.285
74.2919
74.1725
76.3154
76.5126
77.0281
76.9812
75.9507
76.6343
77.3481
77.9169
78.1804
78.6572
73.3425
74.2947
75.4876
75.9506
76.8897
78.2453
78.3395
75.198
76.9396
77.6854
78.6227
79.1631
73.5551
71.9217
74.5099
75.6941
76.5751
77.7583
78.6261
75.5963
75.9618
77.0068
78.0728
78.5889
78.913
73.7241
73.7587
75.2541
75.5428
