95.7284
93.2794
96.4488
97.4044
98.0674
90.0138
91.3375
91.7827
92.9136
92.7368
93.559
94.2159
95.6338
95.3031
95.8734
94.7681
93.9122
92.8899
93.7244
94.4986
95.1878
95.6419
94.1594
94.6461
94.5398
93.8985
92.8859
93.7337
93.2457
93.5446
95.0349
94.2699
94.8731
94.9798
95.4836
96.5103
97.098
97.4034
92.825
93.4234
93.7932
94.4206
95.321
92.6349
92.8837
93.9908
94.9776
96.3309
96.7368
97.502
93.5158
91.2737
94.5738
93.4471
93.7435
93.3553
94.1865
94.7772
95.8412
96.7242
95.5647
94.4136
94.6132
95.3428
96.3467
97.346
94.3659
93.2668
94.0228
95.3162
96.5087
92.0985
93.6326
93.8979
94.5173
95.3598
93.9964
90.9618
93.6929
95.2002
95.1559
94.5882
94.7019
94.9454
95.1327
96.0177
96.9022
93.0432
93.0302
93.2467
92.8589
94.0289
94.3526
94.6354
95.278
95.1534
93.645
93.8093
94.6189
95.5575
96.9884
93.9834
94.6074
94.9966
96.0979
95.1886
95.2128
95.4641
96.1794
94.1715
93.7519
92.8429
93.8598
94.756
93.3437
