85.4334
85.7422
86.5168
87.669
87.9523
88.2123
80.805
81.215
82.4951
82.8724
82.6969
83.7286
84.3302
85.3229
86.4941
86.946
84.1579
82.3645
83.2718
84.3027
84.6627
82.8126
83.2944
83.9179
83.9935
84.1722
85.6209
86.4065
82.2221
83.6247
84.4991
85.2753
82.4686
82.2735
82.7933
83.832
83.8208
83.9969
85.7095
84.2985
84.9974
85.6677
86.4246
82.5044
83.1987
84.1869
83.0945
83.6679
84.1808
84.4215
84.6248
85.415
85.7555
84.9229
83.2088
83.2325
84.1705
85.0385
80.2872
81.4317
83.3164
84.1368
85.0499
85.7642
86.3002
86.7574
87.2235
83.5334
82.0001
82.8971
83.9202
84.5295
83.223
84.1857
84.6928
85.7276
86.7319
84.1311
83.6618
82.8814
83.0822
84.7302
84.5286
83.3774
83.5312
84.4146
85.5993
84.6188
83.3826
83.9744
84.2863
86.1105
87.0219
84.5651
83.85
84.7916
82.5701
83.4806
83.7926
85.0154
84.4856
85.2003
86.1409
87.1577
84.1007
84.7454
84.5372
85.3141
85.9258
86.5511
