69.2297
70.1077
70.4273
70.7773
71.7219
72.5951
67.5961
67.548
68.4127
69.2891
69.0542
68.5211
69.7579
70.4388
71.3294
71.9662
69.4853
69.1894
68.3995
69.4627
69.4851
69.6977
69.7621
70.3258
71.3025
72.1666
70.2952
69.059
69.375
69.848
70.5269
69.4999
69.5555
70.7882
71.5365
70.638
70.1298
70.8066
71.3998
69.3693
68.8779
68.896
69.1052
69.4627
70.6198
70.6443
71.3905
68.5254
70.3887
67.1211
70.1291
71.4084
72.1552
72.6111
70.2077
69.5217
69.9741
70.6857
71.4549
67.3872
68.4594
69.3612
70.1932
71.3722
71.8296
70.0206
70.0266
70.6268
71.6029
72.338
66.6901
67.8481
68.3467
69.5996
70.2568
70.0947
70.7153
71.9638
72.2709
70.375
70.2347
69.3792
68.6341
70.1094
70.9386
69.8547
70.5933
70.7795
71.1204
70.4333
70.2413
70.541
71.3851
68.663
68.9815
69.7272
69.8811
70.385
71.1277
70.9261
70.2642
70.3996
68.4703
69.7572
69.655
70.3295
69.6574
69.632
70.7657
70.5105
69.8594
70.0456
71.315
71.9898
70.6333
