66.7023
67.745
68.4254
68.7451
68.6427
68.885
68.0844
67.1508
64.8755
66.2035
66.5239
65.7792
66.1603
66.3154
67.586
68.9237
69.4727
69.6928
67.172
68.0435
68.0923
68.6398
69.127
69.3762
69.7534
67.2227
68.3057
67.3487
66.6028
67.3148
67.8219
67.8448
69.2052
69.1012
70.0287
68.4585
65.0925
67.9959
68.8284
69.9516
66.7857
66.3651
66.5586
67.4952
67.7515
68.4178
67.9482
66.7813
67.1723
67.7463
68.7299
69.7526
70.704
65.6304
67.6577
67.4961
67.306
66.2635
66.1518
66.5808
67.986
67.4979
69.3637
68.9174
67.5191
66.8304
68.2302
69.5805
67.4032
67.64
67.5245
67.689
67.8767
67.8605
67.4255
66.6244
66.8823
66.1159
67.4457
67.4018
67.3877
65.9008
68.0431
68.8738
68.8882
67.2934
68.4241
69.0749
69.5136
68.3698
67.3016
67.3353
66.9319
67.2275
67.8177
68.893
70.1764
66.7753
65.8001
67.6776
66.563
67.9
68.9292
69.3662
69.5021
68.7378
69.3732
67.8285
67.2075
67.2827
68.3274
69.1492
69.969
66.4236
