85.0591
84.8793
85.6407
86.0419
85.5664
84.7426
85.6398
86.2347
85.7182
83.9444
84.8573
84.3274
85.1708
85.3155
85.6521
86.1399
86.9833
87.8447
85.8967
84.9808
85.093
86.2058
87.4204
86.7888
85.9547
86.5034
86.6526
85.6439
85.8654
86.6593
86.9283
87.8155
88.1846
84.9948
85.4882
84.5726
85.5757
86.5602
87.6531
83.9057
86.3426
86.0732
86.2841
86.9707
84.9387
84.1679
83.9384
85.3003
84.6249
84.863
86.008
86.4447
87.2983
86.6547
86.1349
86.5633
87.3203
87.8595
84.5311
84.5222
84.9918
85.6079
86.8246
88.1053
88.4966
84.6038
85.1074
86.8376
87.5685
88.1153
88.744
88.8565
83.5923
84.9627
86.077
84.7
86.0612
86.7633
86.8915
87.4569
88.3368
88.9905
84.4815
83.6659
82.4471
85.4438
84.9356
85.0085
86.1374
86.5138
86.5146
85.276
88.3783
89.1614
93.0776
85.7218
87.5786
88.7942
89.5991
87.8255
87.5543
90.3543
90.6391
90.9777
91.9669
90.1236
90.511
90.822
87.4397
87.312
87.5446
87.7837
88.7431
87.1375
90.2157
90.6232
91.1143
91.8861
92.5716
86.388
87.211
87.5246
87.573
