0
0
0
0
0
0
0
0
4
4
4
4
1
1
1
1
1
0
0
0
0
0
0
0
0
0
0
0
9
9
9
9
9
2
2
2
2
2
0
0
0
0
0
0
0
0
0
0
0
0
0
0
0
0
0
0
0
15
15
15
15
15
15
15
15
0
0
0
0
0
0
0
0
0
0
0
0
0
0
0
0
0
0
0
10
10
10
10
10
10
0
0
0
0
0
0
0
0
0
0
0
0
0
0
0
0
0
0
0
0
0
0
0
22
22
22
22
22
22
0
0
0
0
0
0
0
0
0
0
0
0
0
0
0
0
0
24
24
24
24
24
24
0
0
0
0
0
0
0
0
0
0
0
0
0
0
0
0
24
24
24
24
0
0
0
0
0
0
0
0
0
0
0
0
0
0
0
0
0
0
0
0
0
0
25
25
25
25
25
25
0
0
0
0
0
0
0
0
0
0
0
0
0
0
0
0
7
7
7
7
7
7
16
16
16
16
16
0
0
0
0
0
0
0
0
0
0
0
0
0
0
0
0
25
25
25
25
25
25
0
0
0
0
0
0
0
0
0
0
0
0
0
0
0
0
0
0
0
0
0
