27.5718
25.2243
24.5591
25.3731
26.1519
28.9334
19.4642
25.406
23.9597
25.493
26.3747
27.5492
27.1517
28.8739
25.1406
24.1575
26.39
27.9744
21.8211
26.2982
23.4979
26.2198
27.0112
26.5932
24.5224
26.1926
25.1158
24.3887
26.6822
26.8282
27.1914
25.6523
25.5792
27.271
23.826
25.7283
27.2486
29.8507
23.9229
24.132
25.8825
28.5995
23.9445
24.43
26.0176
25.4759
25.82
28.4018
26.2316
23.605
27.81
30.2472
24.1458
26.9157
25.2377
24.1482
25.7187
25.8707
23.7022
23.8499
24.6082
27.9284
27.833
26.8378
26.0612
25.1416
27.4175
25.217
25.605
