27.6564
26.7501
23.441
26.9842
26.641
26.7391
25.3233
24.1621
22.0656
24.1968
26.5634
24.3111
26.5058
27.9642
24.587
24.7418
26.3011
27.6479
28.3597
23.4797
23.069
24.4855
26.6126
25.9961
27.7029
22.3181
21.9956
23.2946
26.3039
27.0885
28.4985
26.2183
27.0352
28.8918
21.6256
24.6923
26.7123
26.4086
25.035
26.2685
28.8264
20.9383
23.5251
27.0193
22.5745
24.8393
27.3352
28.6194
29.3768
22.5403
23.5793
25.5442
27.2356
27.2024
28.2497
26.5764
22.8549
24.1216
26.5412
28.3416
26.7933
27.7888
28.6754
23.6515
25.1019
27.5715
27.7763
27.849
29.1574
25.0284
23.4422
23.9258
25.5554
27.5553
28.1349
