28.3199
24.5285
23.1633
24.947
27.1568
26.891
26.9744
28.4428
24.3335
23.7069
24.2005
25.1395
25.4689
26.2995
26.6854
25.2658
23.246
25.4264
27.6872
25.8446
23.8997
25.8681
23.8961
23.5312
25.2974
27.021
25.4576
25.2709
26.4843
28.7559
23.4128
25.249
25.313
26.1777
26.8515
29.2356
22.9819
25.0942
22.5458
26.2682
27.9245
28.8242
24.6088
22.597
23.0494
25.012
29.0308
28.2278
29.1643
30.4675
19.7244
21.6893
25.8625
27.2924
26.9073
28.8582
30.0988
30.8207
21.1322
23.9674
26.1365
29.3231
28.9707
28.7686
26.4354
20.2048
23.1181
25.2324
26.7575
27.4899
28.9229
25.3247
23.0734
25.4583
25.9964
