24.5543
26.5169
22.1706
25.1892
26.6935
23.8239
24.0895
26.5552
28.7651
22.4953
25.9073
27.3793
28.072
27.4078
28.5885
25.1214
24.5662
25.774
28.1982
26.2944
28.0414
29.4336
22.7131
25.248
25.6533
28.7837
24.0784
27.3852
28.343
29.8066
23.2985
25.4645
27.3554
24.89
26.3106
26.6916
29.7389
29.8548
19.34
22.6062
23.76
26.8152
26.9381
28.3521
24.0501
22.5089
24.7715
26.3716
26.5594
25.8333
23.878
23.4205
23.778
26.1558
26.2735
27.1344
29.4473
22.7479
21.7646
23.023
27.7717
26.9977
28.0891
24.0485
23.1189
25.1546
25.7626
24.8614
