25.2609
24.6963
22.7742
24.5565
27.2521
28.2488
27.8725
23.6034
22.4774
22.322
23.8785
25.4048
27.1276
27.2199
26.0544
23.7121
24.3307
26.7248
28.7622
28.7531
29.268
23.6967
22.5686
22.0263
26.2046
27.1812
26.8895
27.0726
29.5611
20.8453
21.1007
24.531
26.7299
26.3691
25.5357
25.4143
24.1807
26.4459
27.8311
27.4383
25.1102
24.6826
23.2285
26.5396
28.4228
27.7107
26.6235
24.913
26.4905
25.3182
25.1917
28.0274
26.5517
24.6637
26.6121
28.7919
23.6783
25.5349
26.7388
26.7004
28.0732
26.0832
25.7022
25.5529
26.6074
27.2594
28.2891
27.3263
25.294
24.7788
25.2108
26.6422
27.1674
