28.2527
21.9645
24.4541
25.9595
26.3569
23.5896
25.303
28.6072
20.5006
22.363
22.0725
22.0246
27.3587
27.7115
27.2993
27.9098
29.3865
22.2822
24.1875
25.7035
25.8686
24.9932
23.4273
23.177
23.5241
25.0668
26.871
27.9604
28.6336
27.2022
24.8439
23.0546
25.803
27.5888
27.3695
26.9351
23.7584
24.5534
26.6906
28.2496
29.2771
26.2292
23.8943
25.8217
25.3025
25.7914
25.8093
24.8463
23.2762
26.328
29.3657
26.8632
26.9276
26.0973
25.3942
26.1668
28.5792
26.0171
26.6235
26.9262
27.012
28.2877
25.0071
25.607
25.689
26.94
26.8371
27.4462
29.4411
23.74
26.4638
25.2912
24.659
