25.505
25.6232
27.2215
23.8389
25.3644
26.6577
26.5099
24.7401
26.0806
28.0701
26.2421
25.1518
23.6207
26.8743
22.9767
25.4016
25.6308
24.8308
25.8419
24.065
25.9143
27.2488
29.6069
24.9807
25.8716
26.0994
24.0927
25.0665
27.3478
25.8034
25.5747
25.5037
26.934
20.9269
25.1937
25.0605
24.9047
26.9613
23.2429
25.3356
23.41
25.4461
28.7201
26.7615
27.7463
24.2594
23.7389
27.1508
29.1418
29.1969
23.7009
24.4313
23.3641
26.0165
28.7548
28.5231
26.8187
23.5549
25.0864
27.8512
28.2575
27.9138
28.1264
29.6577
20.5517
22.775
26.0509
28.0526
24.5897
24.2174
