23.843
25.4923
27.5001
22.3615
23.3263
26.1284
28.0723
27.138
28.3985
20.8612
21.8296
24.6939
26.7873
26.6328
28.137
22.3074
23.7945
27.1764
28.899
26.4275
27.2111
29.4131
29.9405
23.6965
26.2852
29.1315
26.5574
25.8074
27.4792
25.3099
27.3416
29.0775
24.8231
25.3615
27.2018
25.6674
26.5613
25.4228
25.2987
24.6565
25.0086
26.1555
26.2736
27.1952
25.1999
25.9057
27.8385
25.5104
25.7141
27.0346
28.9265
23.9203
26.4998
27.6287
23.8644
25.8466
26.6736
24.4301
25.9845
25.5461
27.8996
27.7389
26.6725
25.7542
27.7181
28.734
23.8474
