25.0529
25.2479
26.1217
24.2988
24.7747
26.0508
25.7143
26.98
28.514
25.7138
25.8686
25.2987
26.4459
27.9476
28.0807
24.0031
24.401
24.1363
25.9294
27.5221
24.9972
27.6832
25.4021
24.3059
26.6696
23.5957
24.7771
25.9908
25.9664
26.0127
27.8345
26.7507
24.2342
26.7552
28.283
23.1999
25.2996
26.5296
27.453
28.1182
27.7224
23.4323
26.167
28.2264
28.9558
22.7911
25.4182
25.0558
28.4223
24.6151
26.3634
27.2804
26.0547
27.8177
25.5382
24.6651
20.2789
23.8117
24.2649
25.5849
27.3944
28.7655
29.725
24.5162
23.2803
25.5999
26.7909
27.4286
