23.8117
24.4312
25.6041
26.0506
23.8011
25.7177
28.5687
26.7605
26.1175
26.4507
24.3006
26.0457
23.4118
24.9647
25.339
25.4653
27.1603
28.9746
23.4796
25.5733
25.9822
28.0723
28.3619
25.4876
23.7115
26.9676
28.1612
24.418
26.0185
29.56
25.5279
25.9962
27.2865
29.5371
23.4514
26.3955
24.8731
25.9946
27.1419
27.9551
25.8008
26.4528
25.676
26.0077
25.4123
28.311
29.6882
25.3528
25.6126
25.8238
24.7146
26.3615
27.8804
24.9454
22.9989
26.7258
26.6619
26.2231
26.5165
27.744
25.0841
23.5568
23.8905
23.8023
25.7505
23.9155
21.5645
25.8418
