94.8161
94.3134
94.2759
93.117
94.7695
96.0352
97.0144
93.8122
93.5836
95.0887
96.8414
89.2312
89.2246
92.9119
94.8042
95.7005
96.2934
93.6183
95.1569
90.1059
90.655
92.08
93.6248
95.3861
96.0851
96.5853
97.4503
93.7416
91.9392
94.1887
96.0053
94.0146
94.5506
93.6811
95.2028
92.1296
91.7404
92.6128
93.6955
95.6438
95.878
95.6154
96.0694
97.5199
98.2412
90.8195
93.5888
94.7844
96.2596
96.4577
96.254
94.8542
90.9195
93.0255
94.7161
95.1294
95.3359
95.4907
96.0241
91.7671
93.0031
95.0421
95.9937
95.9729
96.015
95.4094
94.3779
96.3251
96.9695
92.6182
93.8634
93.2776
95.1996
95.2721
95.8344
96.3561
95.1576
92.0312
92.7239
93.7829
94.8004
95.1296
95.1412
95.9085
96.4965
91.9706
92.7928
94.1701
95.608
91.5826
91.8765
93.4832
