94.8301
93.1741
93.7802
95.5297
96.3575
96.923
91.2608
92.6483
92.9251
92.4072
92.703
94.3507
94.3278
96.1494
97.2262
97.8158
97.7598
87.9582
90.2517
92.2394
94.6201
95.522
95.13
92.4034
95.7511
97.0758
97.4198
87.3568
88.6391
89.8317
91.297
92.9387
94.5211
93.2896
94.365
95.9197
90.8667
91.5699
92.7682
94.6393
92.5886
88.5204
93.39
92.7777
91.0907
92.5274
94.0849
93.9223
92.0478
90.3933
93.3319
93.8026
95.6216
96.289
92.6551
92.8945
92.4255
92.829
93.5322
94.9063
90.9411
91.8121
93.1623
94.9061
95.5632
95.7073
92.2389
93.1815
94.3439
96.0214
97.6176
92.0378
93.9877
93.9677
93.0092
93.3368
95.9236
94.2615
90.0094
88.8007
91.8082
92.0587
93.7328
94.9048
