90.6939
90.9591
92.2218
93.2083
85.3409
88.8274
89.3871
89.941
91.414
91.034
91.7851
92.4803
88.1028
90.0591
88.4905
89.2253
90.4318
90.6796
91.5567
90.6965
87.795
89.0238
88.6493
89.0456
89.346
90.2375
92.9083
93.3644
88.8415
90.1023
91.6666
93.0712
90.2779
89.5894
89.6632
91.4184
92.4886
87.1204
87.9726
91.2879
93.3312
86.5454
89.1996
90.6039
90.009
88.6623
88.9321
90.8796
90.7026
89.5997
89.712
90.0454
90.6788
90.5942
89.6763
91.0425
91.2777
92.6669
89.5281
90.5629
90.9531
89.5677
88.7531
88.5323
90.3225
92.0256
88.2725
88.0619
89.4674
91.4255
92.3612
88.5137
88.9432
90.7117
92.4011
93.2179
87.8378
88.9273
90.4768
89.7465
91.5663
90.9057
89.7046
88.1497
