92.287
93.373
95.3101
91.01
90.0512
92.3873
93.6111
94.5887
92.7221
93.3851
94.0906
95.0203
96.3987
96.8202
93.1406
94.3106
95.3674
96.8034
90.1232
92.0463
94.116
96.1208
90.3857
92.1406
93.0916
94.9037
91.7626
92.5661
94.3234
94.7105
95.7033
93.241
93.1728
94.5672
94.6097
96.5233
93.3696
94.1166
94.8867
95.4041
91.7063
92.1857
93.4414
94.8041
95.9426
96.3937
96.63
92.3122
93.5199
92.7828
93.1458
94.9284
96.777
92.8965
90.9809
94.5141
95.9687
96.4983
91.183
92.1833
93.4816
95.8527
97.3404
96.8289
94.4548
94.5257
92.002
93.63
94.7579
94.9286
95.3548
92.0474
91.391
89.1701
93.3143
94.2187
92.5102
93.449
94.3337
95.9213
96.9948
91.4884
92.3266
93.8153
95.2437
94.5298
