95.6197
95.8906
97.5701
96.035
91.4776
92.5825
94.2544
95.6097
94.9638
94.9755
96.1121
97.4507
98.0785
89.8038
89.868
93.536
95.6909
94.249
95.8383
94.5255
91.722
92.6725
94.0257
95.7877
95.074
94.6751
94.337
94.0379
93.249
94.7042
95.7914
92.9641
91.9769
92.684
92.4245
92.9286
93.7748
95.559
90.8358
93.8126
93.8534
93.1039
93.703
92.0445
92.7702
94.4098
95.364
95.6987
92.8512
93.1094
92.44
93.2322
92.7062
94.2682
95.4199
95.5664
93.9017
90.2916
90.1281
89.3797
93.2221
93.8345
95.9843
96.2893
97.4669
97.8451
98.1996
90.074
91.3136
92.6324
94.4135
94.9609
95.5743
93.6933
93.6654
89.9732
91.1126
92.6385
93.8296
94.7418
91.3583
95.5799
93.3754
91.9628
91.594
93.7719
94.8328
95.8283
