95.0978
96.6727
91.0526
90.9885
92.4459
93.6901
95.2361
94.1021
94.031
95.5816
96.7596
90.8191
92.639
93.1712
92.9698
94.2429
94.5486
96.5173
90.224
92.2127
93.0915
92.9369
93.3493
94.3444
95.6365
92.7696
93.0799
91.4424
92.8516
93.3683
93.7243
93.1115
92.9318
94.8072
89.0573
92.1754
92.3324
94.1096
94.8712
95.2036
96.2464
93.1092
91.0494
91.658
93.0473
93.6322
93.8178
94.6287
95.4218
94.5807
89.8459
92.9236
94.7686
92.2436
91.5238
93.1574
93.891
92.423
93.7653
95.4362
94.0107
93.2803
93.1709
93.8436
94.5461
90.5688
94.0115
93.098
93.1966
94.1023
95.0591
91.9662
94.809
93.7467
94.4521
94.4169
94.1151
94.1266
94.3174
96.1831
93.5345
