93.4564
94.3554
95.4608
96.3017
94.8459
95.0704
94.6481
96.1805
97.15
92.6108
91.268
94.5365
95.836
96.5554
97.5418
92.5223
94.9789
96.6431
93.8839
94.4513
95.7972
95.9112
96.7109
97.1083
91.5328
92.0271
92.5156
94.3515
95.2106
94.2676
94.6515
95.3803
93.32
92.8348
91.9643
93.3367
94.6646
94.5059
95.3769
96.6252
97.7328
92.9458
92.0447
92.5569
93.4031
94.466
95.4867
96.7187
92.6145
94.8078
92.5276
93.748
93.9472
93.8416
95.2557
95.3165
92.097
93.4312
92.8954
93.8737
95.9406
94.6089
95.3725
95.8642
95.6679
94.5569
95.7271
96.6233
90.9098
93.2973
95.0616
96.2106
92.6019
93.9795
95.5385
95.7077
95.3446
95.6811
93.9872
94.558
94.2858
93.1632
93.7338
95.9219
97.1992
