78.2069
78.7634
80.182
81.8033
83.7784
84.6647
84.6945
83.2953
85.2293
81.8999
80.9385
83.7721
85.3897
83.2466
83.6052
84.0931
82.2424
81.5127
83.2141
85.8621
85.1427
84.4261
85.3576
86.7588
82.2813
79.8793
82.5528
84.5124
84.772
81.2579
82.8383
83.4749
83.9608
81.0262
79.8273
82.4735
83.7019
85.5628
83.7531
83.0118
84.112
85.3565
86.8936
82.1674
83.6753
85.001
86.7547
80.2968
79.7465
83.5895
84.0351
84.2135
83.9929
84.2073
84.9454
84.7484
84.2851
81.0946
82.3325
83.2203
85.1947
86.0123
82.755
81.7324
82.3451
82.2818
82.1539
84.1876
84.7583
84.0518
84.6769
85.5193
86.3404
86.896
80.2213
79.5296
82.2199
83.5587
85.3498
80.1006
84.5093
85.6574
86.7539
80.2916
79.1401
80.6069
82.7667
84.301
