89.66
91.7475
89.9257
91.4107
90.8631
90.6254
89.1135
88.6842
90.1249
91.974
93.253
90.1878
90.4823
90.1162
89.4153
90.6515
91.7869
91.7893
89.0014
90.6705
92.7279
89.5596
90.3046
91.4606
92.5017
91.1775
86.3175
86.535
87.4672
89.8054
90.3391
91.3562
92.4961
91.6532
92.2602
88.3267
89.3076
91.4078
92.931
91.0216
90.4289
89.9308
90.5393
88.4799
88.718
89.9339
90.0108
90.8001
91.9965
92.9384
88.5313
89.5207
88.3915
90.0226
90.1836
91.5059
92.5264
90.6067
89.1761
90.3511
89.3598
91.0345
91.5901
92.7113
91.8528
89.4398
88.8834
90.3356
91.4107
92.438
89.5308
89.7771
89.1105
89.2578
89.9839
91.0036
91.7068
89.0474
89.4361
89.996
91.4225
92.6017
89.6175
90.9266
90.9729
91.761
89.5221
90.4664
92.2534
93.6116
88.5577
