96.4217
94.7898
95.0945
93.1136
93.4378
94.5017
95.8966
96.3883
94.2724
94.6187
95.6416
97.2606
93.5882
94.0919
95.7772
96.0406
96.2391
96.3054
97.7638
93.7121
92.416
93.6827
94.6759
95.1276
95.7398
96.5104
97.982
94.5391
92.4236
92.7135
93.485
93.5419
93.8307
94.1663
93.4331
93.532
92.8445
94.7614
96.1173
93.0883
92.2167
93.4573
94.1863
93.7304
94.2162
96.0748
96.9901
95.1688
95.0481
95.3803
96.7454
97.4545
97.1917
93.1086
92.6716
92.591
95.0468
94.0942
95.3458
96.6734
97.3013
97.8828
93.0322
93.7897
95.4778
96.9594
92.7795
92.9372
95.1519
97.5119
92.8725
94.0883
95.2816
95.1141
95.3119
95.85
95.5628
95.7287
93.0809
92.5081
92.5977
93.596
94.8267
94.5441
95.3066
95.7376
97.8692
89.4518
