22.7837
22.4332
24.9115
26.1494
26.5819
23.0676
24.6165
21.4317
25.1628
26.1969
26.9996
27.2403
28.9715
22.2984
21.2817
24.4872
25.9149
28.302
27.5633
24.1997
23.542
24.7443
25.7925
26.1728
25.3164
26.7723
19.2772
22.7048
25.1649
26.5775
27.4398
27.8584
23.7607
24.197
27.4264
29.9779
26.6197
26.9768
25.0409
23.507
25.8053
27.9585
25.8877
26.9796
29.0269
23.26
21.5196
23.1772
26.1667
26.5017
27.736
29.4898
24.6548
23.8684
26.0053
27.1611
28.0608
28.5723
29.8499
24.5036
25.1643
28.5831
24.3997
27.0672
27.6027
26.9524
24.0986
24.9046
26.6316
24.1052
26.0685
28.0872
