27.8495
29.2024
23.6289
26.7573
29.1446
24.7007
24.9098
23.1216
24.9001
26.3668
28.6154
25.9605
26.2301
23.8473
23.0492
24.5444
26.1811
27.5319
28.7896
24.3143
24.49
25.7834
27.1908
26.7508
27.6026
23.9064
24.6468
26.3566
22.3821
27.239
26.8334
25.9444
24.5247
24.3926
28.0632
26.5189
26.5472
28.4295
30.7811
23.6625
25.8524
26.7706
27.7276
28.6689
22.6934
23.7653
26.3047
26.6065
26.8679
27.9774
29.967
22.6367
25.5155
27.4911
25.029
25.979
28.3863
23.5536
24.438
27.8126
23.5264
25.2225
26.1929
26.1319
25.2896
27.7342
25.056
25.1147
26.1506
