27.8964
22.0494
23.3486
23.7132
24.6611
25.1809
26.3147
26.9465
21.3608
23.676
24.7471
27.6339
28.1999
29.3183
22.9622
24.1218
24.4698
27.5017
25.1976
27.3089
23.9881
24.9846
26.8555
28.6724
25.0734
24.7395
27.1393
29.0789
22.8891
21.7023
23.7108
23.6063
26.6581
27.299
27.125
28.7664
24.9815
26.0611
25.5022
24.6717
25.8107
26.1741
28.7738
28.6272
22.6168
20.5125
25.0295
26.4499
26.2559
28.0907
29.0368
24.1335
26.1098
28.6016
25.6728
26.4643
27.4115
29.3382
25.265
26.4232
26.4494
26.3175
26.4711
29.0659
22.5857
25.1872
26.899
28.9772
25.1619
25.0223
26.4847
20.2995
