24.233
24.4996
26.9747
27.3304
27.5716
26.0388
23.6728
25.7427
24.3913
21.9905
25.214
25.696
24.9755
25.3459
28.2241
20.9362
26.037
24.9624
25.0763
27.8321
22.1692
21.4507
25.7692
28.2341
23.7684
26.1148
26.2126
25.1705
26.2439
27.6849
28.4765
24.3785
24.1454
27.377
27.1733
23.4185
22.8539
26.5885
26.5359
27.4528
23.7853
25.2576
21.2517
26.1606
26.2158
25.7127
28.0928
29.9078
23.9984
25.0976
27.3216
26.7751
27.2176
29.0512
20.2004
24.3545
26.0722
26.2863
26.7197
28.1526
23.842
23.6087
25.7844
26.5225
26.514
26.9693
24.6765
26.658
25.6811
22.5947
23.0611
23.3715
23.2282
