25.1592
27.5771
25.8515
25.3876
25.8341
25.5868
27.5682
24.445
23.8393
25.4294
27.9456
28.245
24.6313
24.9635
25.2741
25.7698
25.5591
28.5392
29.9203
26.3271
27.808
24.2766
23.6706
25.9329
29.182
21.2696
25.1961
27.878
23.6753
24.8762
25.7737
27.7765
25.4205
26.9867
24.5405
27.0202
28.1985
26.5928
23.6466
25.7975
26.5694
26.8945
28.585
23.8304
25.2136
25.6751
26.3726
28.3212
22.9432
25.8906
24.9681
25.965
24.5508
26.7703
27.7827
26.4214
25.3727
24.8881
23.6469
25.0192
26.2591
28.4865
25.2708
27.8084
29.4823
23.3979
23.6773
26.3157
23.6657
25.0182
26.8418
25.9454
24.622
25.8247
