25.1461
22.6795
24.288
27.1489
25.7536
27.6528
28.8578
25.5259
19.9917
24.4211
26.7443
27.333
28.1274
25.2899
25.8486
28.2235
29.5146
24.1132
26.542
26.4784
21.9999
26.7933
29.0723
22.6033
23.9077
26.6332
26.6832
25.2776
27.4195
28.8347
29.3169
19.9283
23.7628
25.9934
27.6192
27.2967
29.0617
26.364
23.2194
24.167
26.7294
28.1371
28.8265
27.1536
28.6487
22.1795
25.7602
27.6072
27.2461
28.0102
29.6119
21.7676
23.2698
24.503
27.15
27.0447
22.64
25.0562
23.1126
24.6228
26.0736
26.5989
23.9816
20.6161
23.4256
22.4246
22.5752
25.4092
26.2553
