28.1786
28.861
23.487
24.3803
24.5985
26.0533
27.7092
28.9972
24.8983
24.7864
27.5969
25.6822
24.6434
27.0636
27.2126
28.2862
28.0367
24.6521
25.4388
25.9283
27.3578
28.4734
27.1036
25.2432
27.9475
23.2754
24.8205
27.9327
29.5963
21.5571
26.1573
28.7351
23.6994
24.2201
24.8573
25.7207
25.4553
26.6693
27.6471
26.4089
22.5203
22.2452
25.1505
25.7117
26.1979
27.9767
29.6623
25.0656
23.1647
20.5197
24.6933
26.592
27.3334
28.1093
24.2668
24.6291
26.3507
28.6113
22.4736
27.7269
26.4772
24.8449
25.2206
27.3093
28.7977
24.1912
25.5949
26.5554
24.348
24.5458
26.6581
28.6839
29.1312
24.6829
