29.7154
24.6209
24.6191
24.1346
26.0119
27.1179
27.6076
25.429
24.8594
25.477
27.5752
28.3617
25.3702
25.0053
24.759
25.6002
26.4137
27.6404
29.6528
25.8056
24.6653
26.3644
27.8681
26.3025
24.1823
24.2657
26.8232
28.6832
29.1426
25.5759
26.146
24.2564
25.5222
27.2134
25.0803
26.2053
26.5877
24.8338
26.4756
28.5042
27.3601
25.8196
25.2394
24.9286
24.6891
25.3957
25.4292
27.531
26.0438
25.4925
27.8016
23.7498
24.4856
26.1721
26.8073
27.5041
27.7308
24.1268
26.9147
27.8998
24.3421
24.4771
25.7741
27.491
28.3213
23.824
25.0063
23.3333
23.9989
