22.1601
23.5106
24.2668
25.8259
25.4293
22.4666
21.2065
22.8936
21.2438
22.3949
20.8153
22.3662
22.302
22.5551
24.3461
25.2981
25.454
25.0515
20.1362
24.3675
22.7688
23.9756
25.9533
25.4318
26.1381
27.1726
19.3648
22.8865
23.978
25.5171
27.1359
21.5751
25.6715
22.9316
24.2109
25.5736
27.7963
25.6027
26.1748
26.15
24.3028
26.6761
21.0504
24.6268
24.432
26.426
28.2295
28.1051
23.909
24.3706
24.639
25.9378
27.4708
29.3456
25.1162
25.1907
28.153
25.6853
25.1236
26.1917
27.1134
27.8592
28.5017
19.4918
24.026
25.4852
26.0546
27.6645
26.8204
25.464
26.0486
28.1885
24.2322
25.2403
28.7395
25.8542
25.9497
27.4659
23.8204
24.339
