28.1762
25.105
26.3877
25.3684
26.4846
27.7588
29.3919
30.3422
24.6196
26.6344
25.0588
24.7841
25.1138
26.9383
28.7834
28.9664
20.5844
26.0087
27.9124
25.6932
25.9067
27.366
29.2257
23.5983
25.022
27.975
26.1805
27.673
26.0332
25.8973
25.5323
29.0647
21.4137
26.451
25.6912
25.0403
26.5651
27.9732
21.0899
25.0382
24.4313
24.6379
25.2441
27.8555
28.6055
28.8059
22.735
23.9297
27.2267
23.9492
23.8871
25.7193
28.3451
23.0784
24.6911
27.2172
25.2931
26.9761
23.8116
24.467
27.1814
21.1288
22.7869
27.0221
26.9699
23.3203
25.0948
26.8608
27.9884
22.6652
24.3554
26.4988
28.0132
22.2191
