26.202
24.3035
23.2708
25.7477
27.8767
27.1995
27.3415
28.9988
22.8315
21.7972
22.6933
27.017
28.009
28.6043
25.7088
22.2096
25.907
27.7076
27.8989
27.7717
28.9661
21.8635
21.4796
20.996
23.2139
28.6876
29.4317
28.6226
18.7805
24.4246
26.8193
29.2338
27.0518
28.0041
25.558
22.677
24.5792
26.5749
25.8957
25.8714
25.1688
23.2426
22.1532
24.7405
26.5192
25.2742
25.429
27.3361
21.0542
23.4819
25.1614
27.6191
26.1802
28.3928
23.4819
22.1911
24.8605
27.9176
28.7505
26.9937
28.8646
20.2248
19.3072
21.0552
27.0935
27.6005
26.4194
29.4049
30.1891
20.977
22.9789
24.0049
25.6695
26.2139
