28.5738
23.6433
23.7618
23.2786
28.4183
24.2964
27.8862
24.2734
27.0404
27.7968
25.0067
24.3935
23.5963
25.3663
25.2317
27.5102
29.3972
29.805
24.9086
23.8309
20.4602
24.1265
26.3404
25.5277
26.1519
27.4992
25.2296
24.813
24.9137
25.4094
27.1055
27.4446
26.1469
26.4055
22.7996
23.2512
25.2665
26.686
27.1638
29.7274
22.5839
22.1876
25.0782
26.4583
25.9734
27.2395
25.9841
24.8784
24.5989
27.6827
25.7169
24.8392
25.82
27.4841
22.7421
24.6453
27.3489
25.6469
26.6418
24.4644
25.1672
26.9947
26.8379
23.8881
25.3828
25.4867
25.233
26.4875
28.4241
26.8729
25.5447
24.445
