26.7822
25.7095
24.4054
25.1678
28.3324
26.1186
27.314
28.8695
24.3641
23.8711
25.329
27.2337
27.8116
28.1421
26.0849
23.7574
26.3541
27.2399
27.4407
28.9073
29.8787
23.1521
25.0772
26.5538
23.0984
25.7442
27.8333
23.9986
23.7545
26.7152
25.5968
21.1145
25.6293
26.1563
24.9932
26.7592
29.3076
24.8328
26.3223
25.7948
26.858
28.5106
25.3437
24.8817
26.2701
27.4511
27.7189
20.4147
20.6663
22.9883
25.2514
25.9602
27.7586
24.7687
24.6407
24.5911
26.3506
27.317
25.5971
24.3253
24.3808
23.7276
24.945
23.0754
20.7942
