22.9046
24.2105
25.3558
28.6641
27.5009
17.6324
24.2443
27.3498
27.0945
26.1603
27.0943
26.3708
20.9945
24.2703
25.4666
26.1452
26.2642
28.1806
23.1022
22.1884
26.0431
27.3694
27.2059
28.1934
29.7246
23.4163
23.3185
24.9141
26.9554
27.0755
27.7709
29.8665
21.5542
23.7802
24.9106
27.8254
27.8211
27.4206
25.0415
22.9475
24.3891
26.3635
25.1901
25.3661
22.7239
22.6495
24.6756
27.1991
25.7284
26.1169
27.7193
29.8767
20.4507
25.5511
28.0256
24.8369
25.1537
24.1472
24.5726
25.9946
28.1532
25.1389
25.4615
24.5353
24.415
25.5125
27.4542
24.8731
24.4192
