28.6143
23.2928
24.9019
27.389
26.7811
28.4589
27.1788
24.8205
26.4913
27.1508
27.7928
26.3853
25.2452
23.7028
25.1398
26.3776
27.0947
26.1371
23.8568
25.5024
26.1649
27.0152
27.8065
25.6241
24.4812
27.4975
24.3109
25.3008
26.6906
27.626
28.7187
24.3369
24.9153
24.8747
27.5208
25.4785
23.8062
24.8381
21.9194
22.3861
25.2591
28.1298
26.8822
27.7559
21.8491
23.7154
25.8031
25.0682
24.4462
25.3379
22.0479
24.1161
25.506
27.9626
26.2979
27.4774
26.6722
24.6621
24.4738
27.5014
28.7153
26.4095
26.971
28.6634
21.7235
23.1165
24.7774
27.6297
27.6326
