48.9778
49.6067
49.7995
49.8829
50.4938
51.1813
51.6281
52.242
52.4789
52.7848
50.3038
49.6293
50.3755
51.0052
51.442
51.99
52.354
48.7117
50.7346
51.0111
51.414
51.9601
51.597
50.9119
50.1528
50.5712
51.1102
51.5004
52.0309
50.5692
49.9664
49.7479
49.5103
48.9805
49.7183
50.4926
50.9668
51.549
52.0084
50.9705
50.7464
51.302
51.8246
51.6624
52.2198
52.6567
52.8729
49.4426
49.8276
50.0434
49.9267
49.9749
50.5326
50.2827
50.2588
50.7507
51.4912
52.0766
52.479
49.046
50.3031
50.0736
48.9851
49.8672
50.4984
50.3807
50.6333
51.1981
51.6198
50.272
49.5891
50.3197
50.6564
51.027
51.4396
51.8907
48.9791
49.8804
49.2323
50.2824
51.0102
51.3043
51.9996
52.2299
52.6591
52.743
50.6293
51.4874
51.4321
51.7847
52.2105
48.6605
49.3738
49.7506
50.1896
50.5044
50.8221
51.2325
51.492
50.8473
50.7241
50.4754
51.1243
51.3299
51.4365
51.9064
51.9486
47.3679
49.2526
49.454
49.8213
49.0326
49.8959
50.8745
50.622
50.9761
51.1819
50.6461
52.0855
52.4016
52.7523
52.9673
53.3017
53.1031
49.4538
49.6682
49.4938
49.5579
49.9151
50.2344
50.599
50.8632
49.499
49.9725
50.683
50.2383
51.0169
51.4967
51.8802
49.1053
50.0513
50.4781
50.6911
51.095
51.3206
51.9235
52.3034
49.2103
49.5908
50.1528
50.3507
