59.173
59.4075
60.3223
59.4806
59.0859
58.6296
58.7206
59.6715
60.0703
59.8595
60.0253
59.8463
60.1529
60.6973
59.0529
59.1816
58.7755
59.1524
58.4174
58.4203
59.067
59.2543
59.5725
59.9036
60.1453
60.4116
59.9209
59.5843
58.4271
58.6406
59.009
59.5297
60.1244
60.7178
59.3518
58.6449
59.9759
60.4581
60.7342
61.2874
61.6894
61.8855
57.1624
58.3328
58.2241
58.9588
59.2899
57.7132
58.0167
57.3321
57.876
58.4452
58.7244
59.8227
59.4039
59.1963
58.9343
59.3028
59.8653
57.457
58.2575
59.4444
60.1614
58.8978
59.1104
59.6753
59.8588
60.1405
60.6266
57.3605
57.823
57.3006
57.897
58.8819
58.8302
59.8734
60.4032
60.7438
61.268
61.4557
59.6505
59.5383
58.8853
58.796
58.8403
58.9998
59.111
59.6265
60.2411
60.5405
61.0608
59.672
59.0337
59.5501
60.0625
60.314
60.5127
57.0058
57.3642
58.092
58.6176
58.9633
59.4058
59.9882
59.5096
58.5932
58.9702
59.0079
59.7536
59.775
59.9472
59.8532
60.2247
60.7629
60.9368
61.4228
58.4981
57.5593
59.0107
59.5546
59.6414
60.3614
60.9186
61.3567
58.6444
58.5134
59.8697
60.2108
60.3628
60.673
61.0808
61.2136
56.6454
58.21
58.4621
59.3623
59.2101
59.7812
60.1648
60.5314
58.315
58.5454
58.9068
59.443
59.8372
