49.2044
49.7103
49.853
50.4475
50.6297
51.0826
51.4798
51.6098
48.8295
48.5935
49.9834
50.3791
50.948
51.2374
51.8457
52.382
52.3558
49.8641
50.529
51.0383
51.5094
52.0012
48.8161
48.8982
49.6149
49.3272
49.7336
51.3591
51.9353
52.4676
52.6414
52.6677
52.9243
49.6661
50.077
50.1905
48.8332
48.7921
47.9773
48.6614
49.4013
49.6651
50.6074
51.1796
51.5559
51.8468
52.2546
49.2398
50.0431
49.3763
48.8694
49.5794
50.1025
50.9543
51.127
50.3586
51.115
51.5713
51.757
52.3046
52.3995
49.6655
49.4823
49.6503
48.5962
49.2976
49.8141
50.5009
51.0548
51.3448
51.867
50.4172
51.6994
52.0272
52.3521
49.7547
49.1039
49.8988
49.3027
49.5937
50.295
50.689
51.1649
51.3334
51.6951
51.1267
51.0041
49.1635
50.4098
48.7258
49.0817
49.8301
49.4496
49.3032
49.6352
50.2747
50.976
51.2471
52.0783
52.3775
51.5553
51.0347
50.2658
50.388
48.6096
49.2204
49.5443
49.9891
50.8908
51.0145
50.1473
50.0537
49.8972
50.5669
50.5943
50.0155
50.128
50.5786
50.8635
51.1776
49.9047
49.9489
49.8818
49.6242
48.3866
48.7623
49.7522
50.0916
50.415
50.6811
49.6234
50.5357
50.9944
51.1157
51.4235
51.9065
51.9847
49.8393
50.689
49.1233
49.5952
50.2089
50.6186
51.0754
49.7756
50.7217
51.1551
50.4847
51.7723
51.8889
51.5127
51.9142
52.0505
