48.1888
48.5208
48.7953
48.9201
49.4113
50.0459
48.6278
48.8449
49.7643
50.0385
49.9722
50.2855
50.7091
51.0283
51.3035
51.5117
51.7028
48.2933
48.7423
49.1534
49.6692
50.2709
50.8772
49.2472
48.1415
49.9809
50.6012
50.3257
50.6198
49.9295
48.7432
48.2019
48.863
49.2084
49.6899
48.254
50.2147
50.3601
48.7549
49.0298
49.5531
50.6636
50.8251
51.1714
51.2818
51.6088
47.6655
47.9942
48.4886
49.0587
49.5635
50.0493
50.8069
50.9061
48.9436
49.3444
50.63
51.0316
49.7038
48.8948
49.302
48.8698
49.3034
49.9522
50.6618
51.0126
51.3388
49.7719
49.959
50.2652
50.6493
50.7169
51.0373
48.4312
49.1001
48.2136
49.2651
49.7437
50.1625
50.9578
51.3526
49.7064
49.9601
50.2968
50.8777
51.3971
51.7801
52.0279
47.8563
48.1256
48.9057
49.2159
49.4725
49.192
48.3264
48.2415
48.1307
48.9121
49.351
49.5961
49.2521
49.9001
50.4627
51.0608
49.7254
47.8843
49.6738
50.3384
50.9676
51.418
51.5819
48.671
49.1116
49.6416
50.09
50.6503
51.1597
51.4262
47.8496
49.0156
49.1625
49.33
49.8929
49.7751
48.8598
49.3806
48.9984
49.2284
49.6993
48.445
49.7312
49.6468
49.8249
49.9645
50.3865
47.4859
47.4402
47.0402
47.5412
47.891
48.3929
48.7415
49.4003
50.1955
50.6092
51.1084
51.6285
51.8969
49.8999
49.8233
48.7707
48.8999
48.1839
