57.7978
57.9326
58.4432
58.8146
59.1048
54.6908
54.8745
55.7954
56.1803
56.972
57.5011
56.8089
57.0351
58.0884
58.4441
58.8806
59.0932
59.2507
55.0696
53.7885
55.4154
55.4628
55.1825
56.7644
57.218
57.743
57.7615
58.7067
57.0609
57.8229
56.746
55.8441
55.8907
55.9523
56.5897
57.1307
57.3763
57.5722
57.9976
55.839
55.6957
56.159
56.1575
56.1023
55.3486
56.189
56.2345
56.664
56.8613
56.5968
57.6572
58.7629
56.9972
58.5386
57.0781
56.0633
56.2538
56.5793
57.017
57.4164
57.9987
58.2488
58.4902
57.481
57.439
57.206
57.6823
56.3099
56.7958
56.2334
56.7106
57.137
57.3115
57.7128
58.1598
58.629
58.3998
56.6517
57.3472
56.2184
57.1889
57.5839
56.6234
57.111
57.6701
56.6174
57.3499
57.2215
57.1318
56.8028
56.4381
56.6639
56.9729
57.3574
57.8068
55.6252
55.8104
55.7816
56.2226
56.6513
57.2603
57.8559
58.2541
58.5108
58.9607
56.6652
57.2056
55.9877
56.0796
54.9923
55.3015
55.6755
56.2881
56.7345
57.4442
58.3826
58.4328
57.925
57.1478
57.2103
57.6051
56.9389
55.6722
56.021
56.6441
57.1924
57.6164
58.0508
57.8901
57.2116
57.6783
58.429
58.582
55.5928
56.5039
56.6397
56.8863
57.3078
56.9104
