54.5732
54.1986
53.954
53.6416
53.2156
53.9963
54.3108
54.5856
55.1165
54.5126
54.1827
54.3958
54.2898
54.2653
54.337
53.6228
53.2995
53.8847
54.2759
54.8309
54.8882
54.2513
52.9021
53.8172
54.2812
53.7865
54.3045
54.7873
55.0385
52.8047
51.4382
53.4471
53.797
53.8542
54.3991
54.8964
54.3848
52.5258
52.8666
53.9156
53.371
53.5325
53.9002
52.6493
53.2645
53.8964
54.1756
54.6695
54.6833
54.4718
54.8697
54.9738
55.4802
55.5696
52.5576
52.2303
52.2112
52.0586
52.2626
52.7702
53.2658
53.816
54.2189
54.4339
55.2583
55.7907
54.3536
55.2735
53.098
53.5725
54.1137
54.7954
52.8511
53.342
53.9234
53.8288
54.9826
55.3093
55.6852
56.1469
56.0327
56.5025
56.7307
56.8087
52.0396
52.7769
53.1487
53.8769
54.2168
54.8609
54.0478
54.6315
55.0157
55.446
55.7991
56.0425
55.5806
52.7949
53.2823
53.9502
54.446
55.0014
54.0866
53.8356
54.1371
54.1256
54.5548
54.9142
54.7359
55.0777
55.2389
55.821
56.0102
51.5877
52.011
52.7055
53.0046
53.765
54.3928
53.9101
54.0631
54.1596
54.6694
54.932
54.9159
54.3517
53.2863
53.8607
54.4242
55.0582
53.876
54.1279
54.3481
54.242
53.6253
53.8205
53.5369
53.6118
53.9158
