65.18
63.714
62.3398
62.3445
61.9867
62.5462
63.0679
63.6196
64.2294
64.5469
63.7329
64.3797
64.7468
64.7916
63.6179
63.5013
62.6604
62.529
62.8929
63.6495
64.1332
64.2275
64.7414
64.7811
65.2261
65.473
64.2496
63.4879
62.8286
61.5597
61.8439
62.0825
61.6663
61.632
62.884
63.2905
63.9705
64.3944
64.7631
64.8581
64.4268
64.4625
63.875
64.0605
64.0195
64.5005
64.8366
61.8887
62.1068
62.5415
62.2921
62.6926
63.218
63.6891
64.0084
64.1217
62.3016
63.5186
63.3132
64.2371
64.6331
65.1663
62.2806
63.1991
62.9757
63.7215
64.1043
64.5737
63.1549
62.8481
63.0496
63.637
64.3068
64.6387
65.2248
63.2517
62.2898
61.9596
63.1812
63.9025
64.3297
64.5884
64.2836
63.501
63.9875
64.3161
64.8015
65.1918
65.4671
61.5549
62.7842
63.5519
62.9406
62.969
63.429
63.8903
64.428
64.7755
65.2415
65.2759
65.7846
66.2228
64.3737
62.9771
62.2538
63.0443
63.5696
63.3174
63.4914
63.5898
63.823
64.0512
64.6836
65.153
62.259
62.4471
63.2876
63.8465
64.1957
63.5421
62.8765
62.3751
63.4431
64.1624
63.8866
64.4184
64.6587
65.0173
65.3603
65.5001
65.8512
62.8025
61.5087
63.1469
63.5434
62.9521
62.9502
63.8641
64.3382
63.8774
63.8697
64.5225
64.8533
65.3266
65.0497
63.632
64.4467
64.6022
64.8048
65.0063
