52.6248
53.8326
54.3335
53.6664
52.9646
53.1106
53.7108
54.3693
54.8751
52.879
53.0495
53.3049
54.0097
54.3789
54.9648
53.6682
52.842
53.5093
53.8272
54.1864
52.6754
51.8281
51.5724
51.5667
50.7237
52.7734
53.4575
54.294
54.6152
55.0731
55.2741
53.3072
53.8938
54.0639
53.343
52.6311
52.7697
53.1173
53.4933
54.1041
54.4374
54.7634
54.346
53.5056
52.8105
52.2229
52.5751
52.4087
52.3121
53.385
53.335
54.0528
54.6126
53.2463
54.2444
53.1123
53.3047
52.781
53.2234
53.9216
54.4617
51.6359
53.2168
53.504
53.7123
53.8253
53.1319
53.03
52.2381
52.6551
53.2383
52.6422
52.6776
53.4547
52.7732
53.457
53.8814
53.586
54.4912
54.7464
55.3383
55.5795
55.904
52.566
52.3697
52.2915
52.6719
53.0142
53.6515
54.3265
54.9165
54.416
53.8267
53.3883
54.5732
55.1531
55.0715
52.0354
52.316
52.3103
52.4862
53.1404
53.5904
53.8712
54.1719
54.3963
54.4137
55.0308
55.4276
53.7996
53.5085
51.5869
52.0178
51.8874
52.5039
52.9405
53.5167
53.9433
54.6493
52.3895
53.1343
54.1384
54.6395
55.1974
55.3226
51.9314
52.5434
52.2992
51.9763
51.5039
53.5632
53.8497
54.3094
54.5667
54.6267
55.2707
51.9385
53.2212
53.515
54.0464
54.3086
54.7056
51.9103
52.3613
52.8042
53.4062
53.582
