71.3744
71.8913
71.7536
70.5993
70.108
70.2598
70.792
70.3705
70.0046
70.3644
70.9045
71.3537
71.2644
71.8855
71.9124
71.92
71.8232
72.234
71.9269
72.128
71.7943
71.0551
71.3453
71.5974
71.6209
72.3311
72.518
72.4964
73.344
71.6782
72.1709
73.1233
73.7661
71.8785
72.706
73.054
73.4162
73.2248
72.2982
73.4644
73.5637
73.9901
74.0532
75.072
75.0961
74.863
73.0387
72.544
72.6608
73.1807
73.6992
73.9112
73.6946
73.5351
74.0045
73.256
73.6619
74.2054
74.5444
74.6327
74.9339
75.1867
75.6235
73.7285
73.0629
73.6841
74.6173
71.593
71.9344
73.8047
74.7309
75.0875
75.6698
74.7668
76.1411
76.0739
76.3604
77.2018
71.9805
72.6728
73.8191
74.7245
75.0146
74.4744
75.9885
76.3108
76.4672
77.4981
78.6495
76.3067
74.0686
74.2344
75.7559
76.684
75.3051
76.315
76.7991
77.4743
77.9687
76.5899
76.9466
77.7779
73.6673
74.3416
75.1631
76.0426
76.3514
77.5179
77.6106
78.5485
79.1297
77.0237
75.9849
74.8043
74.5158
75.8465
76.2704
76.7432
78.0077
78.7262
75.9367
75.7935
76.0383
77.4734
78.7753
76.0392
75.3216
77.9737
79.5809
