83.2462
83.8228
85.4064
77.0485
80.6094
81.9335
83.4247
80.5605
80.9307
84.3275
85.7924
80.0135
80.0725
81.833
82.6136
81.0903
81.1259
81.1098
83.3052
85.3312
86.1801
80.5182
81.8389
83.7373
80.4751
80.718
82.6801
83.8473
80.3136
81.2134
82.704
82.8854
82.2926
82.0723
81.9829
83.4878
85.4111
85.9775
82.5834
80.8256
80.2314
81.8401
83.6272
84.4
84.0142
82.4533
79.0087
78.6538
80.1261
80.7445
82.0764
83.9874
78.8667
82.3271
82.8182
82.6816
83.8156
84.4577
85.6591
80.4506
81.5718
83.3871
85.6125
79.6121
82.9081
84.2316
76.7325
79.6265
80.8824
82.1088
84.1864
85.2047
85.2051
83.0473
80.4273
77.2577
79.896
81.6849
83.2308
83.1855
81.9234
82.6865
84
85.2895
81.0903
81.4201
82.2973
82.8999
84.1081
