94.0661
95.57
96.1339
97.3471
93.4664
93.5665
93.0601
94.37
94.4794
94.6479
95.1727
96.5051
94.1692
92.2106
92.5521
94.2154
95.0657
96.3363
97.0328
95.9424
95.7887
96.4967
97.872
98.2115
90.0232
91.3548
93.4537
95.0434
95.8548
95.5851
96.3105
97.9785
98.2524
90.2087
92.2115
92.5397
94.5159
95.1657
95.3616
97.3101
98.3053
91.5359
93.4473
94.4431
93.3321
94.2231
93.2679
93.9644
95.9921
97.1695
91.9255
92.1968
94.7677
95.7998
94.1011
93.9379
93.2824
94.6912
93.5695
93.0566
94.1727
95.9471
94.9885
95.3601
95.7276
90.83
92.2
91.9839
93.8131
94.4776
94.579
95.9988
95.4731
93.8315
92.6213
93.1828
93.9522
94.7129
95.0593
91.152
91.0809
90.0535
92.3508
93.0976
94.1165
