81.5185
79.281
81.8305
82.5082
83.6947
83.8588
85.2619
86.619
87.3746
81.0562
80.3205
82.3432
84.2524
84.7635
79.391
82.5079
83.4665
78.9211
78.3291
81.1985
83.4125
84.8893
81.1366
83.7112
82.5976
80.0774
81.7868
83.943
85.3344
83.5349
82.5276
83.781
82.3566
81.8751
82.9451
84.5922
85.5039
84.2305
84.9999
86.0579
82.1746
80.8914
81.974
84.028
84.8069
84.5267
82.7982
84.1868
78.7861
82.3375
81.8887
83.1723
84.7869
85.8096
82.4217
83.0518
84.345
86.1499
87.6095
83.1307
83.8325
85.5134
86.6624
81.4535
82.1628
83.9986
84.2309
83.7026
84.6744
84.6248
83.2663
84.5197
81.0831
82.9644
83.1654
85.4517
85.6975
82.4939
83.9872
82.1067
81.9211
83.7734
83.6117
84.6875
85.0218
84.1791
85.1804
86.3083
86.8481
