77.2954
79.1951
80.2455
81.8953
78.2941
78.862
79.103
79.8409
80.4722
77.7142
76.4299
78.2093
80.6033
82.0629
83.384
79.0276
81.0731
80.2365
77.1416
79.5787
79.1898
79.2514
81.17
81.6782
82.1288
83.4652
73.3494
77.5024
76.5677
79.0084
81.0166
81.897
81.4218
82.6
83.4254
84.4811
74.4593
76.8751
79.4607
77.6842
81.9707
81.6364
81.6098
82.8202
79.1636
74.2197
77.7687
80.3738
81.0482
81.9745
81.341
80.1598
77.8263
77.8129
79.2347
79.5949
80.8337
81.3417
82.3369
82.8238
80.68
78.6463
79.6176
81.6924
82.742
80.1264
80.8098
82.6555
78.0505
78.7018
79.6876
81.7915
78.6794
80.5981
80.806
79.3984
78.4704
80.9639
79.8927
80.464
80.0345
79.3426
81.5145
82.8907
78.7444
79.225
79.4458
80.9269
