93.5904
94.0886
95.5548
96.9931
97.8783
89.6787
93.1384
96.0221
97.0848
96.5521
93.6582
94.4998
95.3948
96.6514
89.4077
92.0906
92.7961
94.595
95.3956
95.5835
89.7155
93.512
92.1037
94.4048
94.7935
95.7602
96.7167
96.9215
91.1266
92.1657
93.1407
94.3085
94.8663
95.6869
96.4128
97.1834
89.9014
91.8017
93.3884
92.0504
95.5499
95.5637
96.7295
98.2019
94.4647
88.839
91.4881
92.1719
93.8834
94.4673
94.2656
96.0711
92.4683
89.9606
91.7329
93.0437
93.2135
95.2306
95.1261
95.2492
94.4288
91.1824
92.5132
94.0147
95.3121
91.9942
95.0602
95.3278
96.9054
97.5571
88.6008
90.1538
91.7188
93.605
95.2844
93.1599
94.2056
95.9541
97.4548
89.9373
92.179
94.7945
96.7023
94.7181
95.1491
96.0938
92.817
90.939
90.007
