96.071
96.4813
97.9159
90.3373
92.4579
92.1627
93.0332
93.8125
93.6797
94.966
89.1542
92.9944
94.6144
96.1338
90.4934
93.9451
94.8208
96.537
91.6078
92.4977
94.6174
95.6875
97.9621
94.3601
92.6024
92.1684
91.7642
92.6297
94.1408
94.0934
94.8047
94.1972
95.1038
96.2918
91.9585
93.3917
93.457
94.5649
96.3661
96.7769
96.9781
94.697
95.5309
96.8831
97.7358
92.9375
94.3367
94.4706
92.877
93.6728
95.3342
97.0432
91.1269
92.1076
94.4065
95.7242
96.6263
97.8141
90.5422
94.1656
96.0776
97.4155
91.202
93.3441
94.9156
93.5838
93.1114
94.9856
96.6988
92.4876
93.1129
95.0795
94.2321
95.3265
95.6572
96.5485
93.9318
91.9136
93.6355
94.6733
94.2477
94.5828
95.7491
97.2921
94.0532
92.8967
