92.3842
90.8283
88.7267
89.9622
90.4334
91.5287
92.5301
93.4259
93.248
91.4675
91.5451
91.9484
92.059
92.5483
92.9949
93.9759
89.2849
90.7575
91.2949
91.6766
91.8691
92.9618
93.5809
94.2491
92.2423
90.7318
89.1201
90.424
91.4714
92.6299
91.3945
91.3641
92.2484
93.5643
94.5841
90.4812
88.8481
90.3835
92.0832
93.2223
91.7536
92.3719
93.0158
94.1991
94.6003
94.9203
88.632
90.9426
90.9754
91.6029
93.2904
93.7701
91.549
91.7231
92.9747
92.5613
91.15
90.0126
90.9212
92.4445
93.6711
92.0893
92.8449
92.1654
90.7474
92.0997
90.9534
90.2776
91.1653
91.9217
92.5363
93.4464
93.9763
89.1698
91.9241
93.0216
93.7991
94.3171
90.1946
91.6311
92.0325
92.473
93.1103
90.0706
90.7229
92.2359
93.0913
94.1835
90.5117
88.0325
90.5443
91.3989
91.7498
92.012
92.2793
90.7772
91.8897
92.3973
92.944
94.3995
91.943
90.6976
90.1804
91.835
93.0513
93.8077
89.9175
90.173
91.3398
91.0306
92.4475
