71.5044
70.9635
71.6348
71.2135
71.9188
72.6896
73.0454
71.8138
73.7912
73.3795
71.5642
71.2847
70.4675
71.47
72.5825
72.3048
70.4894
72.7216
72.9292
73.1332
71.0056
70.7957
71.6528
72.5445
73.7474
72.4639
71.5143
71.6477
72.3519
71.9399
70.8159
70.9439
71.984
71.0322
69.542
72.032
72.987
73.7261
72.2797
71.172
69.6771
70.1907
71.3051
71.3561
72.1994
72.0226
72.6567
72.6652
73.8187
73.1509
72.9372
71.276
72.282
73.4535
73.9553
74.4356
69.8129
72.1527
71.6493
72.3679
72.7148
73.9866
74.2995
74.7586
72.7651
70.1217
71.1209
70.8794
70.9392
71.4474
71.6265
72.038
72.5939
73.1437
73.6334
74.6865
75.1225
69.8678
71.329
72.4642
73.6131
72.0251
70.1081
72.7011
71.4543
74.1967
74.9438
73.7995
69.1207
71.7694
72.8993
73.3411
71.2722
72.1613
72.3463
73.2521
74.1382
74.6984
75.7044
70.6625
70.3584
71.2046
71.9008
70.7525
70.905
69.4108
71.8375
72.5054
74.2003
74.6844
68.7893
71.6828
72.2257
72.3336
72.4237
