78.2684
79.2213
80.0457
80.6211
81.4833
81.8595
82.6086
81.0527
78.4272
77.7671
78.6233
78.6447
78.9521
79.7845
81.2041
80.4487
79.9867
80.0984
81.71
76.6107
78.2115
79.0477
80.1065
80.9018
80.5517
81.5826
82.285
82.6665
78.2827
78.88
77.9457
79.3345
80.4668
80.1061
80.5306
80.5977
80.912
80.4628
81.3602
78.7635
77.8394
78.5851
79.1935
79.6665
79.436
80.4287
80.7491
80.7262
81.2999
82.3108
82.5456
83.0647
76.8464
77.0084
76.4417
76.1359
78.1105
79.1916
79.9061
81.3466
81.7651
82.5524
81.0141
79.8268
78.5029
79.4427
79.8559
80.3425
79.3612
79.4251
79.6795
79.7648
80.3
80.7999
81.4189
82.2306
82.8812
79.0435
79.6972
79.3175
79.4661
79.2494
79.8109
80.6206
81.9508
81.2636
80.4395
80.0013
77.8583
80.0054
79.6562
80.542
81.2307
81.6915
78.866
79.933
79.8267
80.7561
81.9129
79.3132
77.9464
78.5801
80.2168
80.7427
81.5557
82.3635
78.6782
79.5623
79.8416
81.1396
