84.9288
85.8137
86.513
80.0618
79.9499
81.7433
82.1792
82.9794
83.446
84.0799
84.6242
85.1784
84.7973
82.7503
80.9393
81.0959
81.8615
83.439
83.2886
84.5664
84.4668
84.4487
84.5892
84.3534
84.9546
85.5088
79.8918
81.9656
82.5348
83.2819
84.3509
83.8404
84.0456
83.166
83.5604
83.8197
82.4227
81.5849
82.4177
82.5716
83.0095
83.3325
83.8918
84.9042
85.8524
85.7454
86.1674
80.6708
79.6461
81.4271
81.2576
81.1588
81.5075
81.6778
82.7816
83.2733
84.1957
85.2159
84.8141
82.7474
83.0245
84.3377
85.033
81.2385
80.9429
82.2341
83.4023
83.4849
84.2588
82.5933
81.9051
83.1725
83.4065
83.2071
83.8942
84.4686
84.8111
82.3531
83.2905
83.7498
84.2396
82.4274
81.9625
81.8446
82.0646
83.2807
83.395
82.4923
81.9582
82.8768
83.8791
84.7993
85.3228
85.9358
83.0622
82.3743
82.5633
81.8198
83.221
83.7058
84.0456
84.7338
83.2137
84.68
83.5084
82.2633
82.1033
82.6148
82.0933
82.9687
83.7684
84.1804
84.9343
82.1787
82.7955
81.5109
82.2434
82.6034
83.4566
