18.679
18.9851
19.2757
19.6385
18.4945
18.7786
18.6201
17.9751
17.4937
17.3101
18.1605
18.1315
17.955
18.6819
17.7323
18.1852
18.2235
18.3316
19.0914
19.9403
20.0958
20.2045
20.3925
20.3047
20.0363
19.7194
20.7072
18.0164
18.5655
16.9095
15.7296
16.2741
17.5888
17.7941
18.2153
17.946
18.226
19.0293
20.2274
21.478
22.5174
19.8652
19.9306
18.3306
17.8395
18.3889
19.1232
19.5207
19.5677
19.8957
20.4097
21.5607
22.3693
23.0622
17.6391
17.9071
18.6369
19.0191
18.6993
20.7505
21.5937
22.9586
23.1242
24.728
21.229
22.1459
18.4833
16.8355
19.6886
21.927
23.3351
24.2892
25.5702
25.7279
20.8063
18.6214
19.7125
22.2442
22.248
24.5939
25.8229
24.2351
21.4366
21.9008
21.76
20.3889
22.0609
22.096
21.6094
23.2152
24.7507
24.8754
25.1344
23.3333
23.558
24.2071
23.1821
24.7388
22.5581
25.491
26.6844
23.8456
23.0407
23.586
25.1411
27.474
27.6445
