26.8998
26.8548
27.4734
22.5124
22.8008
23.2416
24.8875
26.3215
26.3015
22.7749
23.5673
23.8421
25.1974
26.4977
27.1708
27.3444
28.9898
21.1848
22.7984
24.477
28.4713
24.2978
27.5952
25.5794
23.5387
25.0742
27.1275
25.38
26.2393
22.8863
22.6032
24.9942
26.6464
27.5843
27.7711
24.2603
22.5327
25.1062
27.8445
30.0302
26.5103
27.3724
23.7259
24.0463
27.0685
26.0562
26.1301
28.324
23.3885
23.5699
25.9967
27.1162
27.4476
29.2766
24.756
23.6766
25.4751
25.9914
28.1384
29.797
21.1014
25.0739
27.9833
22.0343
27.0915
27.3917
27.1218
23.8911
25.1425
23.3136
24.6969
26.1773
