24.2833
25.4596
25.2287
26.8642
27.425
27.2985
28.3355
23.2275
23.7464
23.2627
28.4625
23.99
27.8378
25.1875
27.568
28.8754
26.211
24.3824
26.9134
25.5196
26.1041
28.5505
29.6513
25.2753
25.3542
24.6992
24.6229
26.1567
26.7188
24.7536
26.1487
28.1106
24.8411
24.9085
25.6575
24.8382
26.9395
27.5313
25.825
27.0449
22.7207
24.2
26.8786
27.0592
27.2443
28.9116
30.2368
22.9896
23.3521
25.9369
25.2402
26.5138
28.2455
24.1726
23.2003
25.748
28.0229
25.4846
24.9531
25.638
27.9715
22.1516
25.0334
27.6959
26.2019
26.6392
25.8537
24.1938
25.8514
28.0176
26.7378
24.0117
25.0971
25.9594
25.2523
