28.3921
23.5302
25.907
28.4153
26.073
23.729
24.5426
25.2036
24.4135
26.8055
28.7191
29.2951
24.5265
25.2334
27.574
26.697
26.7005
27.08
27.1493
24.2212
25.4562
23.5069
27.4216
29.818
23.5877
25.677
27.8136
25.4403
24.3948
26.5016
29.2147
24.1704
26.4235
28.2506
27.3302
27.7301
20.1862
22.4294
23.6129
26.6235
23.9672
23.8833
26.4521
25.0039
26.3855
27.1753
26.5703
26.5016
26.7773
25.9456
27.2096
28.4959
23.4042
23.875
25.0472
26.3393
24.9884
27.206
29.0003
19.8198
24.249
26.2298
28.0652
23.0784
25.1992
28.2127
28.7504
22.7971
25.06
26.2371
25.7748
