23.4593
22.7445
24.2908
24.7931
25.6417
27.1236
22.5187
25.5398
25.0552
24.8112
27.1796
26.6514
24.9499
25.3876
26.1153
27.7529
25.4861
26.8625
28.629
22.2341
25.2774
24.2268
25.7537
26.0475
27.2077
21.0118
23.4831
25.1936
24.5068
25.8669
25.7034
27.3068
26.0936
26.5789
29.3199
25.0925
26.2409
27.1793
26.1722
26.9696
28.6412
23.7268
22.9982
24.484
26.2855
27.1429
28.6784
25.5873
21.2898
25.6273
26.9111
27.8833
26.0662
25.4068
24.6794
25.9468
27.8859
29.9501
25.5398
27.6673
24.2837
24.6656
26.5954
28.1834
29.1085
29.0248
20.2608
24.7571
26.9584
23.9618
24.2495
27.2114
23.4503
