27.4912
28.8387
23.7443
19.1318
24.6229
26.1075
26.9195
29.0379
29.9441
23.7534
23.8072
24.2494
26.9077
26.7077
27.6875
27.863
26.0157
23.6696
25.4717
26.1204
28.5003
28.823
26.3362
23.9305
25.2973
26.7281
28.0477
27.4813
27.8798
29.4508
20.9114
23.0158
25.1261
28.9046
28.9626
29.5678
24.8589
21.4127
21.4038
24.0116
24.9239
24.1318
26.8469
25.7018
25.7196
28.263
27.1115
25.7036
24.9303
27.1995
28.2196
24.0883
24.4741
24.4698
26.7231
28.6166
26.8017
25.315
26.1044
24.6908
26.2105
27.2043
23.3725
24.974
27.8181
23.9547
25.6316
26.5484
26.5663
24.6703
