28.2703
24.4911
26.0858
24.6597
23.4946
24.1348
25.1221
25.6816
27.0328
27.3317
26.2173
24.7085
26.0217
26.8645
28.6108
25.5488
25.879
24.0257
25.5103
26.2696
27.3845
25.4555
22.2738
23.0563
22.6064
25.3315
27.9653
25.8004
27.4333
29.5018
21.4375
25.2035
27.251
23.726
24.7993
26.365
29.1046
19.1083
25.5424
28.1173
26.0049
25.2298
27.6872
29.2086
23.4866
25.3692
27.1445
26.0269
26.9171
26.8062
25.3645
28.3114
26.8681
27.6721
28.4731
20.2239
22.8205
24.257
27.6059
25.0562
26.1562
20.8834
23.759
25.1169
26.7679
26.3094
27.5144
17.4364
21.4848
23.1286
25.8195
22.3157
