25.0412
23.7863
23.6135
24.115
24.4016
26.4324
27.8004
27.552
27.2958
29.0848
22.0106
20.3516
25.4082
26.1294
26.1315
26.2295
28.9636
29.9237
23.9482
24.6442
26.656
28.4743
27.006
27.8729
22.7205
23.46
27.162
28.1425
25.8043
25.924
24.1745
25.0648
22.4155
26.8443
27.975
28.9008
23.3429
23.3605
26.2628
26.967
26.7857
27.6324
22.5615
23.5364
24.244
26.5515
26.3377
26.1421
27.1734
23.2446
24.2958
27.53
27.1132
26.2666
26.5856
24.6983
23.3782
25.7582
27.3373
20.7174
25.392
27.9716
28.6089
22.5569
25.2592
25.1016
26.451
