79.7683
81.3539
81.7816
80.3565
79.248
79.2244
79.7769
79.2655
79.1038
79.6153
79.8212
80.1858
81.2808
82.5095
79.7257
80.258
81.5871
81.5521
82.8048
83.2358
77.7373
79.22
80.1719
81.2851
82.2333
79.4045
80.2274
80.3462
81.5566
81.4584
79.5903
80.2933
81.2959
81.4253
80.4476
79.8429
80.6229
81.5123
82.2434
83.1547
78.4085
77.5371
79.9481
81.2222
82.2314
82.9505
83.6814
80.6325
81.6842
82.5632
83.0351
78.2607
78.7944
79.5829
80.1194
81.3545
82.7318
81.8018
81.017
81.4117
82.3513
82.7184
83.4263
77.2349
77.8896
79.8492
79.6794
81.3786
82.016
82.8358
83.0136
82.151
82.8346
83.1574
83.7705
77.1644
78.4718
78.642
79.6394
79.7581
80.8733
81.6212
82.398
82.7725
83.534
83.0429
79.8565
78.9102
79.5503
80.3032
80.7948
81.9064
82.5316
83.3315
80.3206
82.1529
80.9333
81.9768
82.4349
83.4204
79.8096
80.9557
81.6829
82.4286
82.7669
83.9432
80.7809
81.4868
81.7357
82.4942
