69.0148
69.7507
66.9267
66.9452
66.9494
66.5305
66.6785
67.6978
68.3678
69.028
69.1649
69.0901
67.7517
67.1772
66.6145
66.8319
66.4044
67.2662
68.4465
69.2563
69.5536
68.2723
67.8463
67.8861
67.2334
65.2512
66.0244
67.0868
67.8296
68.6474
68.0211
68.11
68.3651
67.0731
65.8247
66.8396
67.179
67.9195
68.4247
67.3534
67.247
67.4185
67.3631
66.4661
67.3148
68.2823
69.1787
69.5088
68.2941
68.0316
68.2954
68.1406
67.2911
67.1718
67.5327
68.4532
69.4713
67.651
67.7969
66.7418
67.3007
66.5508
67.3667
68.4395
69.4005
68.7661
68.2471
68.2583
67.6894
67.7005
67.0856
66.6489
68.0825
68.8256
69.6135
68.213
68.4351
69.1624
69.667
66.8399
67.1447
66.4917
66.732
67.7023
67.5216
68.7794
69.2813
65.0065
66.1598
66.5548
66.0976
67.0803
67.1035
67.9049
68.6212
68.4155
67.9077
65.3948
66.4944
67.2771
66.1433
66.1217
66.0431
66.2936
67.0778
