92.0675
92.3234
93.4192
93.5995
94.0328
94.1024
89.1548
90.5326
90.6593
91.5047
92.2458
93.2754
93.64
93.9827
92.386
90.4388
90.557
91.2351
91.6956
92.2852
90.2027
90.5896
91.6261
92.6755
93.2668
94.4842
94.902
95.4257
91.5628
89.5767
90.3846
91.1948
90.3445
90.9997
91.988
92.5817
93.5121
94.5471
91.5658
91.9217
92.4927
93.7494
91.9903
92.1225
92.9246
93.6871
93.1659
93.1841
92.4796
91.7654
92.1022
91.3137
91.9157
92.5639
93.2909
90.3255
91.8219
91.4074
91.9773
92.4572
93.067
93.7821
93.7322
93.808
91.0952
92.0616
92.5281
91.9088
90.9722
91.8736
92.8187
93.5346
94.4099
94.3753
94.9971
92.0191
91.3155
91.5869
90.2609
90.3156
88.8918
92.1118
93.3973
94.2183
94.1206
94.4793
94.2721
88.8888
89.2564
90.9239
91.9589
92.8711
92.2454
92.8302
93.9081
94.3037
90.7798
90.2764
91.1605
92.0017
92.8231
93.2551
92.556
93.0168
93.9018
94.8145
95.8444
91.4318
90.6159
91.5294
92.23
