79.8336
80.5466
81.3138
78.4173
77.1634
78.2629
78.8677
79.0735
75.4662
75.834
75.7781
77.7563
76.7995
78.6067
79.8496
80.1946
80.513
80.9378
78.8107
76.34
77.1723
78.0057
78.5868
79.2647
79.9438
77.372
77.7105
78.77
79.4267
80.5265
78.2713
77.0253
77.8387
78.554
79.5052
79.5202
78.6704
77.8248
77.8233
78.9984
79.8442
80.7183
81.2066
76.8243
77.7984
78.8333
77.3685
77.0472
77.7051
77.3986
77.4533
78.8042
79.4672
80.0369
77.2835
76.9611
77.4163
77.0799
75.8829
76.7644
78.666
78.9234
79.4769
79.9358
80.0873
78.8195
78.9987
79.7483
80.734
81.0947
77.5449
77.4925
78.7201
79.0699
79.4961
79.8285
78.3384
78.715
79.0807
79.8941
80.9103
81.5078
77.451
76.2476
77.0052
77.851
78.6112
79.6389
80.0337
79.9443
77.021
79.5693
80.2143
81.0388
76.0767
76.7392
77.2477
78.0966
78.7756
79.7132
79.4356
79.9176
79.9845
80.3601
81.2294
78.5856
77.1638
76.7785
77.291
78.3398
79.3143
80.0881
79.8987
79.0464
80.0264
78.5303
