96.6748
96.9208
97.024
97.1663
97.5459
92.0585
92.1838
93.2799
92.1898
92.1792
92.3315
94.47
94.9632
95.3161
96.489
96.6122
97.421
97.9245
98.3759
92.2671
92.1623
92.3172
93.382
92.4877
93.138
94.2529
95.0826
94.7659
95.8575
97.0037
97.8928
93.9971
91.6874
92.0925
92.198
92.2071
93.0876
94.1967
94.9691
95.8548
95.2888
94.9604
94.0318
92.688
93.4462
94.0189
95.0867
95.7505
96.1524
93.8778
95.0706
94.6553
93.7604
93.5882
93.696
93.6835
94.5197
94.3565
94.8201
94.6566
94.7416
96.3025
97.1112
97.1289
92.876
93.1867
93.7217
94.1588
95.107
93.3462
92.3878
93.143
94.5648
95.9021
96.8263
97.2159
97.7612
92.1525
94.2782
93.725
93.1456
93.4564
93.4019
94.4385
95.5894
96.5017
94.456
94.4265
95.2137
96.2285
97.2377
94.0851
93.7421
94.3093
95.2877
96.2935
91.3825
93.9118
93.9591
94.2508
94.8663
95.6275
93.4391
90.7293
93.398
94.4601
95.2622
94.207
94.5885
94.8371
95.2234
