73.8154
73.7569
71.6923
71.7733
72.0815
73.3515
73.8679
74.3878
72.4461
71.6729
71.6859
73.3587
72.4167
73.1235
73.7538
74.6759
75.0388
71.0331
73.5282
74.2111
75.0684
75.6773
68.0874
68.1257
70.7988
71.8167
72.6409
73.8355
73.733
72.8794
74.2579
75.4894
76.4648
69.8872
69.8053
71.1548
71.7171
72.3208
72.8945
71.485
73.1119
73.7672
74.7121
75.3093
73.6946
72.6212
73.7892
72.8431
70.8427
72.2367
73.2125
73.8443
74.0434
74.0279
73.4478
74.2237
74.4501
75.1214
75.9094
70.4504
70.9659
71.6106
71.7841
72.1816
72.8462
71.4969
73.8335
73.8093
74.9264
75.7358
76.2671
76.377
67.1495
70.407
71.3645
72.4606
71.9321
72.2351
73.6034
74.2651
74.8074
75.8897
73.1914
67.8801
69.5751
72.081
73.2716
74.1612
74.844
75.2158
75.151
74.7359
73.6046
74.4478
75.1004
75.953
70.9967
71.6815
70.3846
72.5261
73.8659
72.8388
73.8974
73.6569
73.179
74.1769
75.3556
76.0079
76.6309
69.3905
69.2621
71.838
71.886
72.0631
70.7633
71.5557
73.2089
73.7571
73.8479
75.0199
75.4683
76.2415
76.3054
76.6197
69.6863
71.4736
71.1388
