68.7726
70.0283
71.4075
71.2654
72.5571
72.8742
72.8977
72.831
71.8318
71.8253
69.6753
68.4987
69.7313
70.5097
71.4664
72.2292
72.5151
72.0304
72.0543
71.9389
70.5205
69.2689
70.6331
71.7523
71.1381
72.3854
71.3603
71.4112
71.1569
70.9626
71.9136
73.0912
73.4536
70.2456
71.2936
71.9722
71.0659
69.2099
71.3174
71.164
71.1798
72.7024
73.6285
73.511
74.0491
74.0616
68.0276
68.6518
69.3993
70.6126
71.6002
72.2441
72.6542
73.1371
72.9038
72.1788
72.7223
73.6284
67.2079
70.1249
71.5097
71.6789
72.3861
72.6985
73.6451
74.2644
69.8063
69.9529
68.4973
69.0517
68.151
69.5181
70.7941
72.4815
73.1119
72.9482
73.3385
72.9168
72.7143
70.7395
71.432
70.114
70.5353
71.5563
72.2724
72.3618
72.7825
72.7661
73.1266
73.6541
70.2997
69.2354
70.2815
71.2665
72.7662
72.6492
72.5448
73.0994
73.5891
74.4894
69.6647
69.8007
69.4132
70.3895
71.1598
71.6923
72.6825
72.9835
74.1505
74.7461
71.439
70.8849
71.9635
72.4393
70.5576
