76.0617
76.499
77.3584
76.9791
75.0082
74.568
75.0031
76.0758
76.2361
76.9881
77.6968
77.6772
75.759
76.3743
77.2401
77.1816
77.2816
78.0672
74.23
73.5969
74.0116
75.4973
74.5626
75.334
74.9922
76.0231
75.258
75.4291
76.1834
75.2889
73.9704
74.9962
76.1618
76.9607
76.5913
77.0288
76.9208
77.5807
78.4009
75.0087
75.1
73.8927
74.9233
75.6737
76.2894
74.0497
75.0962
75.3968
76.6313
77.57
78.3257
74.7904
75.5071
76.1566
76.1198
76.1367
75.7765
75.6075
75.8592
76.7082
77.2607
78.4287
75.1925
75.4092
76.12
76.6312
77.4617
78.4104
76.7384
73.6752
74.8547
75.9975
77.1397
77.8806
78.8021
79.2994
75.1681
74.584
76.4045
77.4036
75.7861
74.0844
75.3645
76.2752
77.3259
78.4349
78.3067
76.1077
76.8427
74.4427
74.8135
75.8466
76.6055
76.8619
76.2652
77.0223
77.8636
77.606
73.5537
74.1988
75.5465
75.7267
76.2446
76.9629
77.814
78.7826
79.5801
79.8867
73.7332
73.7394
74.4817
75.7169
77.0293
76.0113
76.2723
76.4891
77.1828
78.5082
