27.0604
22.1688
23.7292
22.1848
25.9158
26.1729
27.3167
29.0745
22.6365
25.0019
27.0361
28.6298
28.4417
25.5085
25.3904
27.0371
23.4832
23.0866
24.8141
25.8741
22.7497
26.4863
25.3542
26.6912
29.6731
24.8729
26.3371
28.7304
29.9809
30.5242
22.7353
23.3494
26.5616
29.0687
27.6392
27.1932
24.6999
26.3094
24.1242
24.3533
24.2091
26.0176
27.7404
28.9327
24.3889
20.2359
20.2657
22.211
26.6299
28.2583
23.3364
27.4231
24.7911
25.7514
25.9814
27.693
25.8706
27.4183
28.8787
18.2898
23.1802
24.1691
26.7333
26.0953
26.9018
29.5924
24.4175
24.7686
25.0748
27.2967
23.9467
