28.4585
30.4894
24.2353
26.3233
28.6422
26.3337
25.5116
26.9255
25.5093
23.924
23.3419
23.3584
24.7336
26.7913
28.449
25.9209
25.9378
28.6762
30.2287
25.2145
27.1103
26.8428
26.0282
27.3757
30.1746
24.3338
25.7303
28.1685
25.567
25.0752
25.9579
25.4969
24.5628
24.0978
26.7257
28.005
29.0178
21.801
24.2509
24.3496
26.5108
27.0195
27.0142
24.1163
24.2963
25.1322
27.2498
22.4171
23.6531
24.7958
27.0983
28.6219
19.702
26.4497
28.0161
29.5901
21.4863
26.1839
29.459
24.8563
25.4402
27.216
24.4817
26.1265
25.0359
23.69
21.0572
27.6725
26.5955
26.6542
