24.6991
28.5244
25.8123
24.7137
25.1654
27.622
25.9189
26.8632
27.9305
20.9341
22.5199
25.5534
27.6495
27.0056
29.0159
25.6274
25.0917
25.5207
27.7359
28.9698
24.6316
27.0595
23.4779
23.9733
24.694
26.7635
28.7688
28.453
25.9504
24.5748
24.1237
26.0752
27.8858
28.8742
28.7492
22.4922
22.5499
24.2007
27.1039
28.1615
29.3426
24.9965
20.2434
25.5416
28.5321
27.4122
27.144
28.6753
23.2147
23.6634
26.343
28.0219
27.691
28.6019
23.3433
20.4275
22.8572
27.195
27.2095
27.1591
29.6222
20.8255
22.2021
23.8132
26.3335
26.0985
26.9175
27.7031
29.1847
25.102
26.3962
27.6825
27.5323
