28.9756
22.5005
22.9118
24.2953
25.1432
25.6546
25.4022
26.5695
25.1785
23.9693
26.8953
27.9344
28.8264
25.0608
27.0972
22.825
24.4672
25.4985
27.4131
29.4038
24.7126
26.0996
28.252
29.9985
24.0184
25.6103
27.9637
28.9297
22.6948
25.6205
25.3696
27.8523
29.1222
26.7985
28.2056
22.4924
23.3634
24.9169
28.8862
26.1073
27.6013
25.7638
26.8493
28.0877
25.8252
26.1934
27.3057
27.7715
20.5801
21.9383
24.8842
27.84
25.7756
25.7734
26.6612
24.1112
26.1141
27.1973
25.6511
25.9513
27.4155
23.8527
23.683
25.7891
25.5712
25.1514
25.0526
26.1555
26.2637
27.138
