22.7308
23.3348
26.3059
27.0711
25.9117
28.9352
17.962
22.8787
25.5597
27.7599
26.9296
22.3175
23.0005
23.6885
25.6665
27.8188
27.9547
28.3704
30.5216
24.6269
17.4225
23.3061
26.5286
26.9294
25.8134
26.3151
24.9288
27.0413
24.1208
26.4622
26.8951
27.3088
24.5016
23.9627
26.0661
27.6637
28.8869
29.1858
20.4872
23.3265
24.7996
26.8325
28.5969
29.5693
26.2458
21.1488
24.5626
27.668
28.5421
27.386
24.7579
23.1505
24.9732
26.3346
27.4756
26.5226
22.3004
21.7338
25.0412
26.5896
26.1759
25.8561
24.5019
25.3454
24.2885
25.8116
