24.1193
22.5706
22.6729
24.3719
25.806
24.7635
25.9757
23.3622
23.8734
24.1911
23.5526
25.0054
22.6024
26.136
23.9967
23.2189
24.5797
26.6082
27.5787
22.166
25.4854
23.3088
24.7621
26.809
27.0726
26.281
26.799
24.3411
26.0573
27.7414
23.0906
25.1147
25.4365
28.0994
27.1742
23.9814
24.3003
25.9503
26.147
28.438
29.584
25.0943
25.4787
25.1916
25.5692
25.0411
26.304
27.9474
29.5495
24.0834
24.995
25.16
27.3383
28.4557
26.5663
25.5462
27.9023
19.9666
25.5538
26.5477
29.7371
25.5116
27.0736
29.2381
24.0826
25.05
26.7595
26.3021
27.2251
