29.1302
23.9623
25.1176
25.9098
27.4577
27.0192
26.6836
28.9094
24.8455
24.5396
26.4887
28.4271
29.02
21.9762
26.4785
20.2507
25.0169
25.3822
25.9002
27.7259
29.8224
27.072
28.6823
24.6202
24.8852
27.7916
29.5088
25.7776
25.1837
27.8615
29.0244
24.0711
25.3118
28.4877
23.2655
26.4777
28.6527
24.9383
25.6926
27.4645
25.338
25.0529
26.3326
28.1572
29.2572
25.0995
24.3144
23.8964
24.5507
25.5503
26.7083
23.4235
25.186
27.1887
23.2053
25.1449
26.5522
26.1355
27.6151
25.2413
20.8922
25.0879
27.661
28.2619
23.5384
23.9456
24.3565
24.0387
26.4737
27.5122
28.2398
29.0314
23.149
21.651
21.5015
24.5638
26.0151
