26.562
24.4703
22.8931
24.4775
26.4147
26.6729
28.2772
25.557
24.0237
25.0049
25.4555
25.9322
27.916
24.7729
26.1518
23.4845
24.2489
24.7991
26.4944
24.3738
26.5197
26.3308
25.6988
26.6885
26.1203
26.2735
26.7422
27.7784
26.5148
25.0786
25.6478
26.133
27.2015
27.9733
25.2442
22.1829
25.6397
27.7476
23.592
24.0466
25.9873
27.5349
28.5028
25.0447
24.2973
25.4434
26.1004
28.1013
29.2319
24.2476
23.3683
24.057
24.7868
26.2735
27.1176
27.8009
27.8579
29.2091
20.0804
23.6091
24.813
27.5898
26.7668
27.7496
29.9571
21.5017
25.0067
26.7695
25.2087
