69.6951
70.6093
69.4891
68.0709
68.7325
69.9597
70.6064
70.8771
70.3977
70.5456
69.4586
69.9516
70.0767
71.0423
71.7703
72.132
65.9354
68.5308
69.2407
70.2741
71.5315
68.7828
69.0571
68.9342
70.2701
71.7974
72.098
68.9049
69.7719
69.4832
70.6962
71.6309
72.6997
72.5198
67.8175
69.4278
69.1041
67.6106
66.9773
68.1106
69.0145
69.6906
70.3915
71.4656
72.4742
66.4832
69.1594
68.665
70.1935
69.9903
68.487
70.4865
70.3241
70.7238
71.5428
68.9314
68.7386
69.4662
70.1247
71.4123
69.4034
69.3488
69.615
69.5903
69.2779
69.1084
70.2116
71.198
71.7934
69.9449
69.8594
68.6599
69.5251
70.8762
71.4567
68.1782
69.323
69.729
70.944
71.696
72.5224
69.1259
68.8604
69.4573
70.4522
69.6945
69.4188
69.6904
69.5456
70.7766
71.5511
68.2386
66.9969
68.8566
69.4887
70.248
71.4319
71.9657
67.9997
69.5967
70.6721
69.9357
68.8532
68.9701
69.4132
70.5483
69.4204
70.3853
69.5536
68.6758
69.774
70.8331
71.3661
68.8574
69.9749
69.9239
70.4297
71.3154
