92.959
94.7306
93.7016
93.954
94.7387
93.848
92.9589
93.9191
94.9041
95.436
96.3298
97.3529
95.1439
94.3586
94.5744
95.7433
96.7357
93.5336
92.933
92.4636
92.2213
94.3672
95.3526
95.8611
96.8018
96.8312
93.8665
95.1152
96.1716
91.4694
92.5642
92.6529
93.9718
93.8223
94.9608
95.4315
96.7304
96.9584
93.8099
93.6467
92.9402
93.66
95.111
95.5124
96.2515
96.5667
97.1547
95.8861
94.2255
92.5031
91.1191
93.0736
94.2622
95.0433
95.8566
95.0646
95.2201
96.4657
94.5615
93.4411
92.4602
93.8395
95.0767
96.4856
96.6167
96.1759
96.454
92.9899
94.5442
94.0345
94.5271
93.3949
94.8234
95.6882
96.2896
96.8837
93.3832
95.4085
96.2703
96.9176
95.9664
92.2318
93.4027
94.1776
95.5913
96.6157
95.0509
92.3182
94.8164
96.0296
96.5078
96.9392
97.3177
94.8299
92.1833
93.4094
93.4639
94.1144
94.9407
94.685
96.3745
95.3609
93.9274
91.9533
92.1961
93.1261
93.7269
94.2404
95.1018
94.0031
93.4282
94.1394
94.7287
95.343
94.3428
94.0871
94.0455
94.4906
95.039
95.8038
