76.0304
77.3391
78.8764
79.6798
80.0427
80.72
80.8388
81.452
81.9036
82.4612
83.0574
78.3135
77.9539
78.2017
79.2436
79.8739
79.5927
80.5689
80.6712
80.8609
79.4741
80.9714
73.7579
78.0746
79.0057
79.9965
80.3766
80.8154
81.2542
82.2689
82.729
79.2625
76.5058
78.1579
79.3669
80.809
80.0224
80.625
80.4859
80.8451
81.1884
81.4989
79.2528
77.9468
78.4947
79.1734
79.5683
79.2075
80.0326
80.587
80.7279
80.8021
81.8532
82.4366
82.4823
76.4588
76.8085
77.589
77.41
77.4166
78.7085
79.507
80.7852
81.9096
82.428
80.7216
77.9763
79.2027
79.6652
80.6354
78.5081
79.4371
79.7447
80.1617
80.4007
80.9543
81.4472
82.4486
78.9805
79.656
79.2361
78.7841
79.5049
79.3735
80.4108
81.1202
82.2098
81.2106
80.1281
78.4952
79.2863
79.2242
79.7234
80.552
81.3739
81.6645
78.2713
79.8779
79.8239
80.1328
81.2731
82.3137
78.931
78.4007
80.1466
80.7825
81.475
82.3508
79.5042
79.543
79.6998
80.5885
81.8987
82.2223
79.0412
78.7673
78.0016
79.9767
80.7044
