83.3973
82.8188
82.1343
80.8716
82.1452
82.6303
83.3123
84.5991
84.9875
82.4995
83.5115
83.332
84.4838
84.9668
80.8526
81.0511
82.0514
82.251
82.5806
82.8712
82.7329
83.7718
84.8741
83.046
82.4343
81.9158
81.9184
82.633
83.0189
83.8782
84.2234
84.7521
83.0008
83.6993
84.2063
85.0845
85.5216
80.2695
81.3109
82.6055
81.6418
81.5661
82.2964
83.0908
83.6667
84.3834
83.84
82.1608
81.117
80.3826
79.6951
80.8443
79.9328
80.688
81.4207
82.432
82.8544
83.4911
84.3423
85.1395
82.5042
82.2854
81.3167
82.1211
83.0772
83.7933
82.3568
83.0382
83.5942
84.5971
85.0494
85.6628
80.6864
81.3392
82.3344
82.0104
81.9161
82.3322
83.092
84.1181
84.8222
85.546
82.1495
81.2141
82.1896
83.3714
81.5359
82.3177
82.5598
82.6804
83.0342
84.215
85.1071
85.2851
80.9396
81.4411
81.7874
80.9003
81.9208
81.8658
82.1417
83.3097
83.7162
81.0985
83.326
82.9126
83.6043
84.4431
84.9174
80.7762
79.3487
79.946
82.3932
