71.6441
72.7383
72.716
73.6354
73.1356
72.2305
70.2959
70.4914
70.6627
71.3852
71.935
72.466
73.3546
71.9104
72.4124
71.5338
71.7025
70.568
71.155
71.2073
71.9655
72.6982
73.1967
73.2524
72.0037
72.6362
70.4975
70.8667
70.6903
71.1642
71.9529
72.5674
73.3833
72.6179
72.0729
72.158
72.954
73.6833
73.9182
69.4296
69.469
70.9051
71.1754
71.4579
72.1111
71.0562
71.1627
72.1448
73.1364
73.7402
70.8358
70.2956
70.2447
70.9563
71.8797
72.3892
71.6629
71.4938
69.6991
72.5822
73.0228
74.0778
74.6623
74.5833
71.0356
71.8342
72.6357
73.4342
69.7858
69.9744
70.0837
72.2805
73.0516
74.0691
74.6778
74.9585
70.0037
69.0794
72.4349
71.6935
71.8517
71.0473
70.451
72.0223
72.8105
73.7892
74.6912
74.8815
75.2566
71.9542
71.1892
69.8671
68.7971
69.8015
69.9286
72.0215
72.8242
73.307
72.6333
71.0906
70.8353
71.8744
70.9676
72.1871
73.1231
71.8416
72.2635
73.0131
72.0224
72.0971
72.7162
72.9941
71.5118
71.949
71.61
72.3201
73.279
71.6506
71.7338
72.5385
72.1388
72.2296
71.6772
70.8871
