77.1137
77.9988
79.4458
79.5747
79.6135
79.437
79.8077
79.9929
78.7617
75.0228
76.3444
76.8594
77.7405
78.0348
77.5637
78.7939
79.3643
79.9668
80.7439
74.3128
76.0793
76.5627
77.3613
78.0368
79.4274
78.5894
78.7193
79.0418
79.6759
80.8834
81.3222
74.7725
75.4709
75.4598
75.6587
77.3348
77.502
78.5339
79.3493
79.7257
80.3875
81.2132
81.7373
74.3092
76.0766
76.2059
76.4236
76.9964
77.6815
77.8638
78.7581
79.5709
80.3503
81.5709
78.7782
76.5874
76.8835
76.8943
77.0178
77.1595
77.8471
79.1936
77.6582
79.0101
79.0502
80.1427
80.8656
81.4104
81.5555
76.2163
76.3994
77.1058
76.591
76.7851
77.1615
79.118
79.8548
77.8044
77.6135
77.3692
78.5025
77.8233
77.9316
79.2725
79.8963
78.6019
78.7173
78.1343
78.0954
77.2938
78.19
78.4761
79.3195
80.0185
78.955
78.0097
77.7928
77.2796
78.1911
79.639
80.2874
78.2281
77.6332
78.9999
77.1135
77.6247
77.0052
77.4893
78.7609
79.8565
