27.8166
23.9458
23.348
25.3533
26.1066
26.3757
28.2544
25.5881
25.1137
27.3295
25.7822
26.4036
27.3729
25.2279
23.6727
25.3569
27.0459
23.8822
23.8276
25.6145
27.4138
22.8703
24.1938
27.6175
26.9945
27.703
29.7793
21.6783
24.8528
25.8201
26.8253
26.8469
29.6765
21.8676
23.9346
27.2227
26.5753
26.4537
27.774
29.4461
20.3004
24.8895
26.666
26.1287
25.9273
27.4915
25.6399
27.8282
29.6666
25.0157
25.646
26.5544
26.1041
28.0316
25.3284
24.8669
26.1761
25.7038
26.4999
28.1574
25.2494
26.2643
28.4928
25.4639
25.8805
26.5125
28.6106
28.5332
25.8594
26.7603
24.1633
24.6599
26.0359
28.5777
24.5241
