25.4183
26.3452
26.9203
26.3642
24.3136
22.8173
20.1775
23.251
26.4474
25.5944
26.4014
28.7504
23.2067
24.5518
25.718
27.0018
26.3062
25.9226
29.3039
22.4688
25.4342
28.1082
22.6518
24.9189
27.4321
29.163
23.4324
25.5638
27.0354
26.0092
26.7355
29.0983
23.7497
25.5176
27.2621
27.0247
27.5418
28.5721
22.682
22.905
24.8258
27.6592
25.8772
25.4813
21.7642
23.8057
26.0997
26.9017
26.7846
28.2752
19.5776
22.2898
25.6354
25.7423
24.8088
26.1219
19.9112
24.0241
27.5322
28.5067
28.2193
29.3056
23.3524
23.6973
26.7766
26.306
