26.8682
29.5555
24.0441
26.2849
27.8935
29.1186
25.0578
25.0475
20.5917
23.7486
24.4019
27.1935
23.844
26.3969
28.7712
25.8786
26.3202
24.4928
24.9869
26.3655
26.1242
26.5892
23.5866
26.3046
27.8782
23.5502
24.7479
24.5964
26.8636
26.5877
27.5367
28.2791
29.3742
20.925
22.632
26.3745
29.0748
26.0875
26.884
25.7749
24.4115
25.8945
27.9835
26.6688
27.4899
18.8295
25.3564
28.0175
29.9676
26.3068
29.2704
30.4197
21.0128
21.6479
25.2529
26.6996
27.0559
29.2258
30.3298
23.139
22.0809
22.3902
21.6058
22.0197
25.8465
26.9101
21.9479
18.7984
22.7668
24.7234
