28.4722
30.1548
22.5279
24.6444
28.1962
26.5648
26.4973
29.4129
30.1
21.1964
22.6926
24.0689
25.5414
26.0979
26.4771
24.3055
23.7194
23.5153
25.8809
25.427
27.0464
28.4958
23.8035
22.6996
24.2544
27.2476
28.0633
28.4495
28.6927
21.8717
26.246
24.3605
23.3094
24.5589
27.4371
26.1516
25.7796
28.1151
25.3653
25.1215
27.2987
29.9252
30.6219
22.6372
23.4587
25.1446
27.7136
27.3569
27.7605
27.4576
24.4391
26.0884
27.9818
24.4002
24.0465
24.0158
26.6807
28.1295
21.4992
23.7297
21.589
19.2518
21.3965
24.583
27.0911
28.2337
