22.8711
23.1107
23.7005
25.3858
27.0358
28.2142
25.9259
24.0402
23.7273
25.6577
27.4693
28.7011
29.0423
25.6728
23.3434
22.6002
21.7404
26.2267
27.3603
27.164
28.4276
29.8783
19.8553
22.9318
24.5653
26.3887
26.7137
25.4378
25.6634
23.9124
25.8692
27.4664
28.1658
24.8723
24.7198
24.273
27.1501
28.0843
25.6445
25.1318
26.449
28.6517
24.3392
26.1626
28.3228
24.4222
24.7138
26.5613
29.142
23.6161
24.9659
26.6755
27.1228
28.2917
27.2865
25.4866
26.2075
26.7069
27.4804
27.1781
26.6476
24.015
24.1477
26.2384
27.3627
28.0128
24.733
24.2349
25.2644
26.0445
27.3871
28.4128
