20.5177
21.6053
27.0648
28.0748
22.8666
25.6982
27.9282
29.5127
22.7954
24.6687
25.6929
26.8334
27.4555
25.6539
28.0902
24.5342
26.6337
27.1367
25.6561
21.6075
25.1192
27.4591
28.3684
23.1791
25.9703
23.4019
25.8564
25.5932
25.7177
27.1573
25.9438
25.504
27.2016
24.6218
25.0176
26.1171
27.5285
27.0752
28.4224
25.8721
22.5306
21.4321
25.1567
27.3325
26.1819
28.5279
24.9887
23.9525
24.8087
26.4407
27.6067
28.1426
29.5388
23.0189
19.4554
26.5741
28.083
24.1905
26.5234
26.3173
25.6877
22.7417
24.1958
25.3995
26.1908
27.0003
25.1546
22.6979
24.5637
26.0099
22.3529
