26.4218
27.2952
28.1263
26.3251
23.8303
25.0419
27.2172
27.6818
25.2563
26.0073
23.9243
25.9517
28.0567
29.8469
25.5777
28.0094
24.3191
24.7604
26.7172
28.5624
29.2359
24.7536
24.9154
26.4427
23.2183
24.28
26.0003
27.2279
21.1965
23.7585
27.1378
23.6546
25.0074
26.5835
24.9835
23.655
24.3136
24.8087
25.7274
27.6036
23.1524
24.7121
26.5451
26.3384
27.6614
26.476
23.2737
24.507
25.5897
26.2664
26.2579
27.4535
25.1972
24.5542
19.2294
22.3447
23.9381
26.6626
25.5808
25.9577
28.137
29.9013
22.8058
24.9869
27.3835
25.4054
26.0506
