26.2942
26.6792
26.6651
25.8471
24.0641
24.343
27.5233
27.6605
27.0342
28.3802
29.888
19.4982
22.4512
25.4451
26.4425
27.1235
27.4068
24.4844
23.4685
24.9448
28.1509
28.6578
29.5999
29.7829
20.4433
24.2623
27.3716
27.8384
27.3646
28.4352
21.6287
24.2099
27.2906
27.4207
24.041
25.8934
26.0636
27.5981
22.5521
24.9333
26.003
29.5708
25.8697
26.1967
28.2271
25.6332
25.166
23.337
26.9593
23.0968
24.9466
25.0413
24.8685
24.9742
20.9246
24.9085
26.3065
28.8307
25.7396
25.4509
26.1212
23.926
24.415
26.8749
24.3789
25.5708
26.1513
25.4864
27.6009
23.7084
25.3605
24.9735
25.3321
26.4425
