24.8202
23.7394
23.463
22.2771
21.6123
26.498
28.1022
27.5847
27.5325
29.8112
24.0993
22.9287
25.9826
26.524
25.2892
26.9353
28.955
29.5882
21.6865
19.7279
25.1761
27.5421
28.5244
24.6115
26.5508
21.9095
23.5014
25.8028
28.0158
25.0515
26.1905
22.9204
23.5852
25.5827
26.7214
27.97
24.398
22.7079
24.7557
25.1594
26.8058
27.5289
28.8926
20.9227
23.7728
26.9673
26.5148
26.3465
25.6007
23.4044
25.1396
27.5912
27.1946
25.978
25.7021
26.2213
23.0052
25.0499
27.0018
25.3398
25.4045
26.9712
28.5761
23.4925
25.2395
25.787
26.8923
