25.1031
26.6209
28.2047
28.0037
25.5181
26.7696
29.0005
24.6577
26.2998
29.0156
28.5031
24.5431
24.7269
25.3328
27.8814
27.556
26.9436
24.964
24.7527
27.2541
25.5961
26.081
25.2294
24.648
24.9689
25.2535
24.0044
23.3999
26.1605
22.9349
25.0467
27.1002
27.9177
24.7474
24.6636
24.5211
25.7024
27.5745
28.9516
27.6474
24.9236
27.7629
18.8388
24.6754
25.8947
28.8743
24.6559
26.2642
28.2656
25.0279
25.6684
27.7222
26.3787
22.7054
23.8348
26.2944
27.8624
28.4334
21.684
24.4992
23.3959
24.4602
26.3519
28.0666
27.9177
26.2063
25.327
27.5548
24.1351
24.6484
