29.0508
30.0178
21.6379
23.3748
25.5898
26.6108
28.2593
29.8107
21.1215
23.8367
26.0864
27.7204
28.4342
29.4983
22.5504
22.224
22.2248
25.5692
27.0227
27.2831
29.1669
30.6212
16.2836
23.3593
25.9496
28.9718
28.2114
26.9272
21.1122
23.1448
24.8024
26.0062
27.5775
28.7977
22.2515
23.225
25.0549
26.0659
27.5382
25.2251
24.8047
23.7546
24.6749
25.6071
26.9864
28.0268
26.4835
24.9856
26.2688
24.8058
25.8438
26.8501
28.6047
20.7207
23.5601
24.8362
26.3012
26.7182
27.4788
26.2008
28.1458
29.2171
23.6969
25.4648
28.0818
28.837
23.8419
24.0634
27.1299
22.1709
23.0442
