25.6415
25.8349
27.266
28.8509
24.667
26.2634
24.9231
26.9676
27.4633
25.6602
25.2269
24.867
26.4383
27.3648
28.4849
27.3694
25.0085
24.5966
24.9397
24.0927
24.3475
25.3486
24.1756
25.9485
27.6398
24.8542
24.0943
26.8374
22.7323
23.2888
25.7331
22.8247
25.6785
25.9105
26.4829
25.3573
26.7611
29.0157
22.387
25.3754
26.4735
28.3755
19.3148
24.0174
25.8343
24.717
26.2453
25.43
27.4218
27.9843
25.1783
24.4855
26.1871
27.6168
28.5805
25.9854
24.304
24.1937
26.9262
28.111
25.2886
26.2372
24.232
25.6913
27.8058
28.0333
26.9768
