26.7298
26.4373
23.8364
24.0415
26.2473
28.0533
29.025
26.4447
23.0452
23.6377
26.6396
28.2841
28.7503
25.6633
23.4149
25.1688
26.914
27.97
28.3656
26.1381
23.3483
23.6749
25.3227
27.6105
28.261
25.0722
22.2555
23.6031
25.2881
27.0409
26.4346
24.641
24.0777
24.6833
25.3457
28.3598
28.6772
26.7923
25.1021
25.2062
27.2043
24.8252
26.2695
27.15
23.652
21.7031
23.2201
25.5748
27.9218
26.9948
29.1908
23.7415
25.5884
27.7137
28.6933
26.9474
27.2372
23.603
23.9557
24.6908
26.7408
28.8098
26.6934
24.8402
24.1296
26.1441
27.671
28.589
