93.8591
92.3529
93.8589
95.7486
90.6956
93.1515
93.0177
94.1624
90.7727
94.0832
93.8882
93.4144
94.618
95.2746
94.5319
91.7581
90.1192
93.8315
94.1103
93.5041
94.8877
95.1989
95.7546
96.665
91.8199
93.0814
93.2626
92.7926
94.6146
94.8383
94.1317
94.8528
93.1136
94.1626
95.2964
90.401
93.4978
93.9184
95.8441
94.8515
92.8065
94.4638
94.8314
93.5999
93.9326
95.2126
93.913
91.7102
93.4271
95.2916
94.5292
92.9518
93.2948
94.3521
96.1292
90.9449
91.593
94.6373
93.1311
93.0434
93.3143
93.9745
94.9426
89.9854
90.2583
92.0689
93.2406
94.3463
95.0004
91.8695
92.3598
93.8474
96.0668
93.0846
93.7407
93.8129
92.2194
93.3574
94.2929
96.4557
93.4995
90.8283
90.0871
