92.0307
92.4634
94.0799
94.0136
96.077
94.1542
94.3605
91.9454
92.4766
93.5623
94.1206
93.8633
95.0269
96.0342
96.7526
90.2221
91.4208
92.3388
94.2132
95.1422
93.9359
94.2442
93.6752
93.5148
95.1276
96.1896
94.916
93.6526
93.8175
95.2256
92.6157
92.523
94.4954
94.2118
95.4633
96.3958
93.5833
92.3489
91.3492
92.8197
93.2719
93.8509
95.8401
93.2181
92.7258
93.651
95.4038
96.4319
92.8671
91.0449
94.1611
93.7524
93.866
93.3059
95.2597
96.0391
97.2259
93.4884
93.8244
94.6449
96.2007
97.6484
92.5583
93.5506
95.6728
97.0423
98.0793
91.1183
93.1578
93.7736
93.2345
93.411
94.2203
95.0323
97.3335
92.4689
93.7252
94.8654
89.9976
89.8941
90.3781
92.7491
