80.8936
82.6994
81.001
77.6932
79.2621
77.3836
81.1617
82.8347
83.8228
82.7609
83.3202
84.5735
78.0338
78.8824
80.3112
81.4516
80.2281
80.8524
83.6419
79.191
78.2221
78.9596
80.3381
80.3297
80.8688
81.6097
83.0123
84.5157
78.951
80.4952
80.4349
82.1176
82.67
81.6526
81.5062
78.8662
81.3443
82.446
80.9914
81.4299
81.7688
82.2032
81.4933
79.3908
80.3876
82.0799
83.7007
84.4885
82.0424
79.4642
80.1933
79.9353
81.0054
82.0947
83.2148
84.7473
80.3335
79.8495
80.339
80.491
81.7081
82.6467
82.4941
83.1203
82.288
79.2073
79.9087
80.5347
81.5573
83.0816
81.0861
82.5887
81.567
79.7454
81.668
80.2078
82.149
83.1245
83.6944
83.8989
78.0684
81.2404
82.5282
83.4457
79.4038
80.7792
81.3891
82.8357
80.3793
