92.1009
93.7927
90.8214
90.6766
90.1492
92.9855
92.5945
91.722
92.1779
93.5247
95.4163
89.6339
90.7552
92.8829
88.7588
89.5918
91.4915
93.8333
90.4791
87.4923
92.0746
90.0853
91.1585
92.1816
91.6127
92.7867
94.7193
95.689
90.8032
92.0957
93.2759
91.515
89.8999
90.2471
90.8136
93.2288
94.8432
87.4272
92.0177
93.9098
95.3592
87.4219
91.1932
92.5324
93.5637
91.5709
91.5523
92.2582
94.5184
91.509
90.4162
91.402
93.1551
94.1899
94.4923
89.0853
91.1655
92.2986
90.6224
90.6283
92.1596
92.2835
93.3691
92.9628
92.0359
93.6774
94.7908
86.8185
90.7883
92.142
94.8819
93.6713
92.1694
93.6443
95.5743
95.8641
89.4616
89.1914
91.1062
90.4193
91.6233
92.7449
93.7364
89.6693
91.8411
89.804
87.9283
90.8516
92.4268
93.9131
94.6702
95.6313
96.2477
85.4669
89.6957
91.1069
92.7561
91.3924
