92.8262
94.0691
96.0248
89.6774
92.0669
92.6469
94.702
96.2664
95.7508
92.2819
94.1817
89.4851
87.7407
90.2795
92.6436
94.6484
94.7102
93.4557
94.3666
87.9211
89.1594
93.8439
94.9622
95.3127
95.2701
95.8405
96.7689
97.4229
90.0416
92.1928
94.5976
93.8194
93.1863
95.6471
97.3288
90.5275
92.7629
94.748
95.5064
95.1578
95.1012
95.775
97.2023
90.1928
91.8779
93.5604
95.4269
95.2515
95.3313
97.4863
90.3549
91.9008
93.1132
94.9883
95.5813
95.0335
94.9036
92.6107
93.2475
94.939
94.026
94.6109
95.3539
95.8861
90.7882
91.0837
90.2484
91.5337
92.6709
92.9641
93.2617
94.6934
94.7979
93.0647
93.439
95.663
96.0703
92.3756
94.3783
95.1247
96.3653
97.314
97.3428
88.604
92.1293
92.5326
92.7159
93.3418
