92.6608
93.8341
95.0484
93.692
92.6898
94.7779
96.047
96.696
93.4778
94.1023
95.7752
90.7113
93.6606
94.1875
96.9236
94.6546
91.7922
93.846
95.4138
97.202
93.086
93.8847
95.8757
94.4287
92.0846
93.9768
95.9879
93.3946
93.2047
94.6951
97.1229
98.1794
89.41
93.9615
94.7266
96.59
97.6024
91.8626
92.7129
92.4063
91.9574
93.6364
94.6214
94.8133
96.3599
97.3602
91.5349
91.8195
92.9931
94.8653
95.415
96.2248
96.6805
97.8799
98.1735
90.1348
91.3386
93.6794
95.7385
93.0286
94.0321
91.0984
96.9311
95.6357
90.8719
93.1316
95.2126
94.5486
92.5487
94.7297
95.2875
93.6977
92.0296
93.1425
94.9786
91.0824
94.2417
94.5495
95.2904
97.1738
91.1105
89.6115
90.0703
91.4383
90.2861
