92.9286
93.8746
94.0345
93.8708
95.4641
96.1336
96.4145
96.4711
97.4793
92.0769
92.2365
91.5415
94.888
96.806
93.1196
94.9132
94.2267
94.0864
94.9239
96.054
96.2101
94.8642
95.2622
96.3527
94.1365
93.5066
94.6742
94.6153
95.4285
96.0342
93.0954
94.3738
93.1655
93.5001
95.6936
96.3206
97.2343
94.7777
92.8976
93.078
92.2858
93.1591
92.4916
95.8191
96.4758
98.0501
98.2514
97.8842
89.6947
90.5844
92.3282
95.0116
95.9251
95.1749
92.2622
95.7888
96.8331
97.453
87.7837
88.0969
89.687
90.0896
91.5148
92.9089
94.3527
93.7985
94.394
97.0021
88.5397
91.6846
93.0085
94.6457
92.3905
90.6915
93.178
93.6763
90.753
92.5241
93.8394
94.8155
94.0552
92.6154
94.4029
93.7038
95.7233
96.2514
91.2114
92.8135
93.0468
92.3786
93.4519
