92.1604
93.3652
94.5849
95.643
91.2781
92.6222
94.2342
96.4085
92.4644
93.0759
94.2115
94.198
92.8691
93.8982
96.2603
92.7481
92.946
94.0722
95.3729
96.8837
91.7129
93.7643
95.5199
97.3646
96.1261
90.2669
93.7576
92.0308
91.9303
93.3283
93.7256
95.9604
94.3613
94.8639
95.7098
91.8338
92.7051
93.6158
94.7087
96.1495
96.8705
93.1061
93.5886
93.8587
95.7918
92.7712
94.7114
93.5643
93.2712
94.9972
95.6052
97.3083
93.1593
93.226
94.1267
92.853
94.8565
96.0431
93.875
94.1206
94.1288
94.3011
89.5509
91.0978
89.6066
90.6016
93.4479
94.4684
94.0241
94.5557
95.5231
96.8066
92.7307
92.1153
91.8516
92.131
92.0764
92.8059
94.1441
94.87
95.4508
95.7733
95.9747
92.8446
92.3043
92.4911
93.9641
