95.2222
97.0968
92.4782
93.6041
91.5079
93.3653
92.3363
93.2586
93.6338
94.5403
96.813
97.9296
98.1855
93.2041
93.6823
93.2812
94.249
92.9963
94.5885
93.0086
92.713
95.1491
93.9698
94.5845
95.2062
94.222
94.5233
95.2102
95.8789
92.506
94.4298
92.9689
93.9878
94.5142
94.8407
96.8526
97.7716
97.4909
91.6639
93.579
93.9807
94.1887
95.8376
95.8605
93.1967
93.9193
91.8126
93.007
94.7549
95.3927
93.6013
94.3116
96.0698
92.1847
93.4679
92.7648
94.7709
95.459
95.5035
90.8199
94.8001
96.1219
97.1625
97.7075
91.7409
92.2275
93.3767
93.9197
94.6173
94.33
95.789
97.7086
91.7208
94.1968
95.7895
97.1157
91.9404
92.9878
94.9158
96.5787
91.829
92.5151
93.5793
94.5855
