92.4478
93.8918
94.3153
95.3246
96.4399
96.8798
97.5836
92.922
93.0116
94.3622
95.6739
90.9984
91.4431
92.4763
93.794
93.4258
91.6091
92.2092
94.4144
92.1499
91.9383
92.686
94.3045
95.5697
96.2844
90.3172
92.318
93.5081
90.6274
92.6834
94.2019
95.9828
91.014
94.7963
92.204
91.0069
92.0877
94.2181
94.9413
93.4671
94.3924
95.8808
97.3131
91.5232
92.53
93.8695
95.1835
94.5405
95.015
96.7594
90.6082
92.1741
94.4678
95.1197
95.0326
95.1874
95.081
95.7774
92.4509
93.5945
94.6959
96.4527
94.3732
93.0257
95.2181
94.4764
93.2675
94.091
93.7934
93.8929
95.1769
96.2884
93.8868
92.845
93.0799
92.5825
95.0134
94.6856
95.8801
97.2018
97.6898
91.7046
91.2224
91.4541
93.3779
94.0341
