91.7526
92.489
91.9871
93.6874
95.1417
95.7299
92.852
92.4184
94.2656
96.1012
90.6331
92.1993
93.6747
94.5304
91.9275
92.6881
95.5591
94.5432
89.4874
88.8572
91.977
92.9829
94.4579
95.2357
95.987
96.9402
93.7825
90.6191
92.0274
93.6804
94.6118
94.6882
95.8187
95.3643
93.3251
91.498
93.4697
94.8966
93.9769
94.612
94.8717
93.7736
92.7204
94.2139
94.7334
96.5559
93.4567
91.1121
94.8415
96.9146
97.8342
92.149
92.8471
92.8051
93.4941
94.6715
91.6075
94.3447
95.8056
94.3267
92.8805
94.0203
95.0722
96.8148
93.3306
91.3421
93.352
95.145
92.8702
93.9948
94.8076
93.119
91.7467
87.5943
90.9763
92.703
94.6143
91.9275
94.4784
95.1162
96.5316
97.6058
90.733
92.7944
94.3457
94.4732
94.5557
