92.1094
93.6326
93.7279
95.1216
95.2876
95.2151
94.7106
89.7614
90.4729
93.0547
94.1062
95.2698
96.1872
97.0019
96.1318
94.3472
93.9723
92.6513
93.8615
94.5617
94.2904
94.0586
95.2622
97.3095
92.6099
93.7427
95.0403
95.1154
96.131
96.3513
96.7285
95.0419
92.0662
92.8272
94.4176
94.0438
94.3023
95.702
92.9881
92.4613
92.4406
95.0887
95.4391
95.8963
96.2111
95.1672
96.0333
97.1279
98.121
91.638
93.04
94.4794
96.6791
97.1849
95.0673
95.5865
93.9227
95.8834
96.81
94.116
95.3386
96.3997
97.4353
93.3199
93.3758
94.2889
95.7728
96.9736
97.4887
97.5685
93.0952
90.0505
91.8078
93.8415
94.8944
95.7692
95.7333
96.7906
98.0498
91.7829
92.2986
93.2538
95.1838
96.2457
