81.7842
83.1354
84.208
87.4327
87.2805
87.3316
87.9387
84.8521
83.2801
84.8782
87.4814
88.4378
87.3537
88.8091
89.8218
90.2375
81.2347
79.9819
83.6586
85.1188
87.3184
88.4072
86.8064
87.0839
86.6774
86.0315
83.5769
85.7896
83.0967
86.3283
86.9707
84.8638
84.6964
86.7256
80.4788
83.4443
85.0789
87.1525
87.8609
85.2209
86.0606
87.2706
82.3123
85.487
86.0351
86.7174
86.7625
87.2592
88.6168
81.6874
84.3212
85.615
86.185
87.3736
87.8312
89.1077
85.9048
84.3505
85.9046
85.5466
86.696
87.3164
88.2626
85.0513
84.6996
85.2766
86.7441
86.879
85.5818
85.6659
88.0202
84.3709
85.9522
86.4467
87.5486
88.2656
79.5444
83.3876
85.4066
86.763
86.8756
