95.3107
94.5674
92.904
92.8961
93.8072
92.3716
92.8056
94.4215
95.361
95.5019
93.0146
93.0162
92.7423
92.9396
92.8064
94.4261
96.3544
93.8352
89.5331
89.4914
91.594
92.585
93.6981
95.7241
96.423
97.6472
98.007
98.139
91.0311
91.9591
93.4466
95.0362
94.8197
96.0417
94.7096
91.6451
90.4882
92.1908
92.986
94.3984
95.3374
94.9749
95.8456
90.3905
92.0636
92.1646
94.0457
94.1167
95.4864
95.88
95.4166
96.7165
97.9224
90.1646
92.4068
94.4982
92.7153
94.8112
94.8178
86.5859
91.1309
93.82
94.1922
95.6164
95.7378
97.5498
95.1142
91.1898
93.1638
95.9424
96.776
94.7553
95.5877
92.4527
90.4819
91.9084
92.7131
94.135
94.7049
95.1849
97.0236
92.4782
90.5225
90.9846
93.1187
