94.4903
95.7642
97.4689
89.2493
93.3632
95.152
95.5486
94.9125
95.006
95.8374
97.4086
92.4425
91.8507
92.9845
95.3645
96.0226
96.7211
96.8972
95.9965
94.4416
93.6335
93.8963
95.8957
97.3708
93.1407
97.232
97.9159
98.3158
89.6163
89.4765
92.0449
93.3912
91.3058
94.2426
94.2675
95.8412
92.8773
89.8555
91.1184
93.5497
93.0236
94.759
95.3924
96.5712
97.3372
90.5466
91.5696
92.0405
94.0927
93.8473
92.1101
94.1967
92.6725
91.8235
93.1296
94.4123
95.4342
92.6936
93.8116
95.6309
96.3997
92.8869
92.3085
93.1858
94.6773
93.8542
94.3221
95.2515
93.228
93.8965
91.6526
93.5399
94.3391
93.9841
95.1139
96.0964
92.6826
92.918
94.0174
95.0735
96.5075
91.8733
90.3327
92.2665
91.2986
92.2783
93.3246
95.1192
93.1618
94.2433
95.7499
93.3596
93.0392
