81.5633
83.522
80.3655
81.0336
81.5672
83.2842
84.9401
81.8536
81.7052
82.2657
83.5561
82.1367
82.7019
83.9808
85.8655
80.1645
81.9545
81.8885
81.544
83.3536
83.6985
84.3831
83.2385
81.1933
81.3294
83.2944
84.5705
81.7274
83.3944
84.1115
81.6252
81.8798
82.5024
82.3323
81.8626
82.4967
82.4939
82.2156
81.3948
82.2753
79.0931
78.8841
81.5561
81.6117
81.4665
83.3775
84.7885
85.5195
82.0455
81.4214
81.0358
82.329
83.9923
84.0318
82.3339
80.8501
80.8236
82.1386
81.9906
82.7629
83.8404
83.8529
83.6188
84.6709
86.0528
86.8665
80.3011
80.9275
82.4871
84.1872
84.8316
84.1119
85.1893
80.3617
81.3706
82.085
82.1962
83.4118
83.325
84.8256
85.382
87.0067
87.2671
79.4277
79.6066
81.572
83.6483
