94.0617
93.7069
94.9391
92.4153
93.2356
94.5833
95.9732
93.7804
93.2598
94.7922
92.9593
93.0236
94.0405
94.7236
96.4855
93.4026
91.8509
92.9645
93.1415
93.5294
92.8763
93.671
95.9067
97.2788
90.8724
94.0683
95.3619
96.9555
97.2192
91.8754
94.126
93.5927
93.358
94.7966
95.5795
96.3406
95.4893
92.4875
92.9423
92.3122
94.3934
94.2223
95.7775
96.5571
97.0566
97.6406
90.2577
91.3218
93.843
95.1799
96.4841
96.0343
96.916
97.9662
89.8796
91.6624
91.8306
94.1175
95.676
96.4424
97.4961
97.7873
92.2351
91.473
92.4137
94.6298
95.2437
96.054
94.4638
91.221
92.0986
93.5437
94.9423
95.7944
96.2293
97.8144
93.606
90.5293
91.4649
93.0854
90.8282
