85.0795
82.9088
80.9649
80.9884
80.005
79.9431
80.8447
82.0945
83.7376
80.9304
82.4601
83.2241
82.6127
83.1984
83.7772
85.159
81.8604
81.0599
82.3325
83.9428
85.8646
80.147
82.7735
83.9531
75.6476
79.5348
80.8202
82.2645
83.8256
85.2746
85.4948
83.1939
82.5394
80.7643
80.3384
82.2512
83.7641
83.126
82.2494
82.3352
83.6136
85.0891
80.5732
81.4976
82.9243
82.8693
79.462
81.1665
83.0728
82.5512
83.1791
84.1426
83.7476
81.3286
82.3865
82.9974
84.0267
80.1727
80.3978
80.7753
81.7128
82.2425
83.2501
84.1927
84.6648
83.2056
82.538
80.6997
80.9833
83.0077
85.1665
82.9844
80.356
83.8085
85.0703
85.3492
79.3235
82.3734
83.4826
84.5735
83.0888
80.2052
82.9557
85.1994
86.7335
79.8542
81.0253
81.9836
83.789
78.4343
