92.0386
93.8373
96.222
95.8348
92.6855
96.1466
97.5416
98.132
89.496
90.5647
89.7983
92.6603
93.3725
93.3373
93.7832
94.35
96.1142
97.5488
90.2989
91.599
90.692
92.2665
92.2898
93.7487
94.0841
96.5798
94.0493
94.4949
95.3842
92.0702
91.5992
91.9916
93.1757
95.0432
95.622
94.5191
93.7211
93.2968
94.856
91.4322
90.144
91.9216
92.6765
93.9073
94.8338
95.1848
96.0825
92.0048
94.8035
95.5927
91.0736
92.3017
93.6559
94.394
95.2309
94.6578
95.0113
95.7722
90.3358
92.8108
94.7241
94.5475
94.98
94.541
95.2958
95.8714
90.8657
91.1871
93.364
94.5686
95.9433
96.4554
96.6227
94.6117
91.314
90.1732
92.9737
94.1163
95.3965
95.3752
95.6493
97.4679
98.1906
86.0217
88.9823
91.9822
92.9609
