87.5095
88.278
87.2658
87.1396
89.429
89.8258
90.3552
86.032
85.7
87.3325
85.1329
86.4805
89.3885
89.582
89.955
89.6417
84.684
82.3691
87.8184
89.7877
90.8325
90.2265
90.7888
85.8288
85.2586
86.2444
88.5887
89.1444
88.667
89.0913
89.4828
89.1739
86.4596
85.5189
87.7453
88.8462
90.7259
91.3588
89.8445
87.7173
86.6615
88.4757
89.6604
90.8411
88.8957
89.4089
88.7738
87.4023
86.7651
88.1458
89.4162
90.6369
89.5927
88.6137
88.5305
90.1219
90.8752
91.6209
87.3786
87.8158
89.7474
87.6516
87.4809
87.9397
90.0726
89.975
86.0416
87.8066
88.2145
88.3148
88.1306
87.7562
89.3022
91.0178
87.4212
86.3715
87.8484
88.4637
87.5644
87.8849
89.0753
89.3763
88.747
88.5334
88.8858
89.6874
