97.2453
95.7156
90.4687
91.4504
92.3408
93.3255
94.2395
94.6863
95.5242
93.6461
93.5093
94.6818
95.6735
90.961
91.9035
91.1675
93.7415
93.1552
92.2676
92.7164
94.686
95.8469
96.1221
92.3349
94.2256
96.0031
92.8342
93.182
93.8401
95.5624
95.1285
92.4654
92.2756
93.6471
94.6017
95.3486
94.8955
94.158
90.03
91.0965
92.3757
94.1347
95.1381
96.0437
96.2237
93.4375
93.5063
94.9438
91.8621
92.1454
93.5946
94.7531
94.6332
94.8665
96.0368
92.8923
91.7301
92.8964
95.3682
95.7197
95.716
89.6353
92.5164
92.047
91.2864
91.5638
93.7751
94.7754
93.1514
93.4392
93.1998
88.5296
91.3496
92.2636
93.8274
92.2411
93.2533
95.4922
