94.448
95.4338
92.9941
93.2311
92.5356
93.4389
95.2112
95.3544
95.2783
95.6478
95.4022
94.3098
94.9302
95.4971
96.3009
91.5643
93.0227
95.0727
96.4923
92.3104
93.9582
94.5975
95.7722
94.9967
95.3754
96.0027
91.2068
93.6666
93.402
92.9131
92.7657
94.3591
96.0763
94.0844
94.5781
94.2811
95.4472
97.2487
93.2428
94.407
93.3793
95.5778
93.756
93.3129
92.2268
92.7742
95.1664
95.7623
96.9267
95.174
93.6754
93.2816
93.6968
94.5433
96.2833
96.9145
95.4246
95.9222
94.1094
93.8209
93.6823
94.9842
94.9515
94.699
94.3107
93.8212
95.5766
95.9375
89.6341
92.8968
93.9798
93.8552
92.1667
96.6779
97.3645
97.7463
94.1918
93.4025
93.4914
94.365
95.1046
96.4356
96.4142
95.0086
94.0124
94.0939
94.6091
95.2004
