92.8333
91.1366
86.5588
88.9796
90.3748
92.5905
93.791
91.142
90.3147
90.9056
86.8528
89.2082
90.6927
92.1074
90.303
88.559
90.2172
91.201
92.6932
89.842
89.6231
89.4921
89.9281
92.1905
90.0155
89.2968
91.7771
91.6867
92.2365
92.2091
93.3719
93.1795
88.7866
90.7666
90.858
91.0308
90.9394
91.2801
91.9873
93.5374
94.8221
89.8852
90.5572
91.197
91.635
92.414
92.7767
92.0466
90.4901
88.5803
87.1096
90.2561
91.5533
91.6353
92.287
92.7158
91.6257
90.9391
92.5161
88.5364
90.1739
91.5017
91.9076
90.9524
90.4191
93.5573
89.8201
92.0334
92.2429
91.6214
93.0635
93.6211
91.5914
92.2308
88.8971
89.7078
90.8906
91.8325
92.2872
93.3374
91.2349
91.181
91.0522
89.7833
91.4412
92.4609
93.1995
