90.0676
91.1214
90.3376
89.5904
87.0728
89.9108
90.4522
90.6625
89.795
90.7425
91.5485
92.8534
90.1448
90.9475
91.809
88.604
87.9361
89.8959
91.4318
87.6641
88.3251
89.928
91.1651
92.1894
88.5755
88.9449
90.3731
92.2574
93.5546
88.1374
89.4819
90.4862
89.7077
91.3146
90.8898
89.7735
89.1135
88.6652
87.958
91.2195
93.3047
93.809
90.0877
89.648
90.4312
89.7493
91.0366
92.1248
90.1731
89.445
91.58
93.4334
88.3763
90.5409
91.2055
92.483
85.0709
86.2148
87.4523
89.4648
90.3591
91.3704
92.4966
91.8218
89.9576
88.8705
90.613
92.7506
92.966
91.378
89.9454
90.6855
88.4376
88.4434
90.165
90.0484
91.0032
92.4831
89.0399
87.9353
88.1939
