88.3076
86.0952
83.4677
86.3153
87.2563
85.093
84.6902
85.2126
87.3786
88.6216
88.3751
82.8282
82.7813
82.7944
82.8773
84.5931
85.7968
85.9224
87.523
85.9461
87.955
81.4093
82.2087
85.2178
86.6042
86.0676
85.5952
87.7807
88.2641
88.7423
81.8078
82.2265
83.471
84.763
86.0964
87.3079
85.4198
86.6971
88.0513
88.8706
88.7973
82.9608
82.9189
84.6244
85.1785
86.9459
87.0166
87.8674
86.8868
81.8503
81.2536
83.5338
85.3391
85.8722
87.0437
87.4681
87.5962
82.0603
82.8846
84.8206
86.6564
87.2616
84.9612
86.0974
84.1008
83.1142
85.1381
85.7528
86.6437
83.697
85.9598
86.3415
88.1633
82.7018
82.9023
84.4468
86.8643
87.7117
87.6147
83.8818
82.8699
82.3089
84.2783
84.9391
86.4319
87.0277
85.8074
86.4413
87.4191
88.6713
82.9978
82.0063
85.1366
84.5226
