94.8653
94.5126
93.5969
91.6018
89.8924
93.3696
94.2917
94.8941
94.8275
95.7008
96.3834
97.9184
92.0989
92.3976
93.4111
94.701
95.5186
95.8998
95.5957
91.7185
93.4729
95.4902
93.4174
93.8002
94.3553
95.5832
97.8311
92.9038
91.8411
91.6788
94.7069
95.2709
96.2435
96.6174
94.4212
89.1442
90.344
91.0507
89.1991
93.3266
94.726
96.3075
96.6746
96.9015
94.8509
92.2212
94.8873
97.4072
94.0621
94.3014
95.2251
97.0976
88.3651
89.055
92.3853
93.2355
93.8543
94.8254
95.3619
95.674
94.9423
96.0123
95.8226
89.1894
89.757
90.5435
91.1646
91.151
94.1482
94.7332
95.6574
97.2076
90.2585
91.4123
93.0828
89.7913
92.1717
92.4909
92.2259
93.9936
94.4371
92.1107
91.6539
92.3792
93.8783
94.9079
95.0615
91.6783
92.5462
92.1407
91.426
91.1637
91.8286
92.6978
