94.2084
95.4117
96.8608
87.5105
91.6141
92.9855
92.8459
93.9961
94.2805
95.8068
93.9173
91.566
92.7281
93.7821
93.3332
94.506
95.6814
95.6502
93.0444
91.0514
92.5124
92.7766
93.4561
93.9912
93.3019
93.9601
95.1895
91.9909
92.4665
92.6584
94.1932
95.0535
95.1208
96.0263
91.3582
91.1617
91.786
93.5135
93.5156
93.7856
94.6186
96.0335
91.8987
91.873
93.2924
94.371
93.3508
91.5897
92.335
93.5147
92.2019
93.5766
94.9974
94.1637
93.569
92.9207
94.2638
94.5653
90.9432
94.3731
93.8793
92.8206
94.7307
94.7112
94.0792
92.0757
94.1055
94.0634
93.4815
95.0268
95.2427
96.575
91.4556
92.8367
92.9974
92.9394
93.4382
94.8937
95.5233
95.9582
93.393
93.9315
95.2775
93.1129
93.2628
93.9827
