93.6978
94.9589
97.1076
90.2625
92.2018
92.118
94.5597
95.0572
96.5233
94.0603
91.1137
90.4938
95.0222
96.7728
94.9858
94.1307
93.4957
94.0083
93.7299
94.5097
95.8107
94.2293
93.4141
92.1083
93.2945
92.9755
92.4536
93.5134
94.7668
95.7038
91.2748
93.3355
93.3006
93.4214
93.0412
93.4546
93.6125
94.0567
92.4871
92.729
93.3625
91.7231
91.4559
92.7136
94.7045
93.7491
93.5835
94.5787
94.7022
94.115
94.7092
93.1076
93.6101
93.4193
94.9259
97.1954
90.4746
93.5618
92.8222
90.9613
90.8634
91.4842
92.486
92.9466
94.9429
94.5051
94.4365
95.309
94.9778
91.0625
93.4541
94.9212
97.5914
93.3829
94.2378
95.534
96.456
90.4215
91.7755
93.4109
94.5951
96.7395
96.0563
95.4278
94.5945
95.7477
94.4079
92.1595
