87.2856
83.2331
85.7088
86.4483
86.8739
87.7573
88.5083
88.4897
88.6398
85.4079
84.8177
86.0074
86.8081
89.0536
89.9623
88.8135
89.3463
87.0298
85.077
87.0399
88.7627
90.2067
87.4364
88.2236
85.9328
85.4109
85.2375
87.1002
88.4105
89.4969
88.0988
89.245
86.7551
85.9166
85.3826
87.5024
87.7343
87.6197
86.818
86.1462
87.668
89.4625
87.529
86.4631
86.9842
87.8249
87.2227
86.437
87.5686
89.1518
86.0758
85.5569
88.079
89.6941
87.6383
88.3483
88.478
90.0063
90.5994
84.7332
85.7296
84.9598
86.9183
87.7387
88.2966
89.1379
90.3257
88.2711
88.7519
89.5993
81.9582
85.5604
85.7683
87.7252
89.4667
87.6375
89.4204
90.4518
85.6193
86.5389
85.9687
87.6643
