96.363
95.1427
95.5179
96.2485
95.521
88.3071
92.9502
92.9345
93.9003
95.5251
91.4769
94.0031
92.9701
92.5865
92.2991
92.4593
93.7338
95.0524
96.1493
96.4025
92.898
92.53
92.4763
93.2436
94.4891
94.9276
96.5097
94.7898
92.2843
92.9713
94.9728
96.814
94.6216
92.6145
95.0891
94.1727
95.4795
96.4799
97.3425
92.6862
93.9421
93.5525
93.7474
93.0709
93.3101
93.7416
96.1829
93.2465
94.305
95.0753
96.4449
93.2867
92.646
93.2417
93.2132
93.3921
93.9894
95.5363
96.17
97.1059
91.3914
90.9064
91.554
94.2157
96.1091
97.3251
94.9652
95.2617
97.2158
98.3454
92.2146
93.524
95.3293
92.7209
94.6465
95.3407
95.6708
95.4254
94.9207
93.8293
95.2218
97.0085
91.4789
94.4553
95.1155
97.6438
94.5737
93.8927
95.6018
93.4194
94.8345
95.4045
95.2263
94.8452
93.702
93.6371
94.3667
95.128
