88.886
90.4938
91.1226
92.0935
85.2905
87.6423
89.4999
92.0224
87.1772
90.3325
91.376
93.1545
89.0828
87.2789
88.0253
88.8448
89.491
90.0874
90.5285
90.7465
92.5566
93.0636
87.8812
89.5486
89.3331
91.1218
91.2143
92.0033
91.4122
87.6935
90.0135
91.7799
88.3949
89.7321
90.4701
91.2737
91.7886
88.2443
87.5524
89.174
88.3864
89.4277
89.8955
91.1243
92.9122
93.3303
89.7689
90.5227
92.3393
93.7582
90.5883
89.584
91.343
92.3626
87.583
87.921
90.3949
92.7988
88.4777
87.7961
90.6889
89.4149
88.4079
89.321
90.6642
90.356
86.5486
89.9695
90.864
90.7704
90.1389
89.7579
90.969
92.2118
90.7077
90.2313
90.5408
90.9499
89.9054
88.983
88.2506
89.6963
91.3419
87.426
88.1078
89.1834
90.3088
91.9723
92.7354
88.7351
89.6388
90.8407
92.932
84.285
