72.5094
72.8308
71.863
72.2049
73.0685
73.6084
71.8026
72.4683
73.1641
73.3913
73.0234
72.2495
73.5709
73.7334
74.0008
74.145
75.3111
74.7622
74.6612
73.1816
72.5603
72.622
73.1006
73.8038
74.114
73.7446
73.2274
74.5307
73.2672
73.7847
74.0896
74.8188
74.8471
74.9622
75.3169
75.8278
73.7263
73.4706
73.2974
74.5447
71.5947
72.3128
73.0672
73.7393
74.9619
75.3993
75.8669
76.2004
76.1044
75.8781
76.4134
77.0869
71.7777
73.0861
73.0778
74.149
73.8152
74.1763
74.7328
75.1947
75.3981
75.9156
76.2859
77.3233
78.1893
76.1579
74.023
74.5742
75.6804
75.8578
76.0658
76.4467
77.6347
77.8871
76.8674
77.3477
73.4617
74.3916
75.6556
76.3349
77.1933
77.4618
78.3762
76.9517
77.1989
76.9205
74.9575
75.4147
76.8524
76.5782
77.2759
77.879
76.1217
75.0504
76.0215
76.4955
78.0122
73.7019
76.5979
76.9947
78.0788
79.4774
76.3154
77.4198
78.1409
77.72
77.0249
76.3655
77.6367
79.82
81.1697
