92.186
93.7047
95.4715
91.1094
91.6194
92.9599
94.1737
88.339
88.8659
91.5283
94.1078
94.8422
90.3943
91.9912
93.4385
95.2183
87.0967
90.4413
92.3809
93.6072
91.1522
91.8908
92.962
94.882
90.4949
90.0991
91.3056
92.6427
93.911
88.645
89.6623
90.9382
89.6986
92.0186
92.0824
92.8361
93.9674
91.3752
92.5548
93.8192
95.1325
89.8084
90.912
93.0354
94.9102
92.7327
91.004
93.3103
95.1458
95.6217
89.1416
90.2288
89.6539
91.4633
91.6354
92.9579
94.1352
89.7755
92.0226
86.6002
86.5968
90.77
92.2239
94.2073
94.5603
95.6009
96.2861
88.969
90.3893
91.7695
92.0217
90.9996
92.2103
92.723
93.9393
91.4489
90.9384
92.2044
94.0132
93.9749
91.7624
91.0678
87.9012
91.0963
91.3675
91.6207
92.2456
