70.3065
73.0489
73.8473
75.0407
73.9106
73.5741
72.6857
73.4174
72.9811
73.5324
72.4333
73.5558
74.0195
74.5874
73.7359
74.1058
74.4139
74.8068
75.5622
70.2029
71.6544
70.9576
72.286
73.5458
74.1432
72.8624
74.0086
74.3336
75.7467
76.1914
69.1876
69.9626
70.8039
72.2097
71.9525
70.2316
73.348
73.5505
74.2596
74.7672
75.4549
73.1623
70.8907
70.9661
71.2767
72.6826
73.9261
74.4368
75.2812
74.3844
74.6886
73.5104
74.3877
75.1438
75.7295
76.2092
71.6435
70.8485
72.3472
73.8499
73.7329
73.8524
73.2683
73.1811
74.4549
75.3352
76.1257
76.1843
71.2647
72.1103
71.527
71.7621
70.0732
70.2472
71.644
72.8967
73.4387
74.2305
74.7215
76.0031
76.3992
76.7316
69.2008
71.791
70.2367
73.2513
74.5058
74.7356
72.0219
72.3916
73.4212
74.2785
75.2757
73.8603
72.2927
72.8393
71.5109
72.6466
73.0948
73.7925
74.6911
74.879
73.6095
73.2324
72.5802
72.6279
72.1469
72.0812
73.013
