67.0199
68.0225
68.7003
69.4768
67.3156
67.3431
67.5179
67.7943
65.0585
64.6148
65.2733
64.5492
65.8359
67.1854
68.518
69.309
67.025
67.4551
67.9035
66.7237
67.1962
67.1984
67.507
68.3572
69.3531
70.0976
67.429
66.8929
67.883
67.4158
67.1747
67.1514
67.9371
67.9099
68.5012
69.1373
70.0266
70.2864
65.7756
65.2866
64.7031
65.21
66.1855
67.3445
68.6935
68.66
66.6294
68.7634
68.7697
66.8503
64.9086
65.2277
66.758
68.2495
69.0359
69.8406
68.451
68.7449
68.3786
66.7551
67.0713
67.8171
68.4792
69.1123
66.9076
67.4845
66.8292
67.0714
66.8871
67.6859
68.2609
69.239
69.6617
67.0032
64.4555
67.2185
68.1477
68.8013
69.3504
66.4805
66.3196
66.6811
67.273
68.7918
64.696
67.0532
66.4615
66.6931
67.5147
68.1289
68.8324
69.1698
65.8246
66.8331
67.36
66.3137
66.4683
67.3011
67.7101
67.9529
68.925
69.7444
66.9442
66.9551
66.8547
66.6177
66.3238
67.781
68.1093
68.6285
68.8255
69.4411
69.0079
68.8287
67.5206
66.0371
67.0031
67.0658
68.0158
68.9151
69.6715
69.5134
