91.7112
92.6509
92.1167
91.1645
90.2188
90.6564
91.3515
92.3247
89.3526
89.3613
89.9888
87.7565
89.4661
91.4274
91.6871
90.6282
90.8023
91.4613
92.182
93.1797
93.7763
89.9368
88.9355
89.4073
90.1261
89.8468
89.5306
90.2398
91.4291
92.1607
89.6326
89.1869
87.687
89.0858
90.2062
91.4668
92.8833
90.8188
90.8167
90.8956
91.2807
91.9627
92.8665
93.3813
93.7855
88.097
89.369
90.71
91.6352
92.7901
91.9195
90.7513
90.6378
90.7318
89.9868
88.5836
87.6912
87.899
88.8412
89.8662
91.1851
92.1746
92.213
92.7311
93.178
93.6881
94.1666
88.789
85.7431
89.1089
89.808
90.5107
91.0996
92.0975
92.7359
93.115
91.517
91.4728
92.6023
93.1901
88.9975
90.2244
90.0366
90.412
91.7306
92.5029
93.2879
89.5366
90.1557
91.5519
92.3329
91.3327
89.9912
90.6288
91.6977
92.7474
92.1357
90.5973
90.8177
91.3597
92.0214
92.6406
93.388
90.6406
91.4817
92.5822
93.1966
91.2849
88.8596
88.7004
90.3043
89.935
91.3514
92.1853
92.6724
