78.496
79.3049
77.0629
75.1892
74.4791
75.0474
75.1455
76.2449
77.1321
77.8166
78.8059
77.8637
74.9081
73.9655
75.1154
75.2666
75.8506
76.2003
77.1831
76.8997
77.8766
78.7963
79.5449
79.9647
71.5438
75.3873
75.9472
76.617
77.3843
78.6206
76.6171
75.367
75.0358
77.471
78.6143
79.3831
80.0988
74.7221
75.2252
75.3781
76.9929
75.6365
75.6043
76.6851
77.5572
78.4953
79.5316
76.0692
75.3439
75.5391
75.5433
75.0957
76.4196
77.2556
77.4435
78.1116
78.6946
79.4522
80.1293
80.4332
75.7576
76.7111
77.8571
78.4816
75.7926
75.7631
76.6772
77.7815
78.7131
79.766
80.2929
78.1465
75.7948
76.8908
75.7307
75.5585
76.669
77.2659
78.1388
79.0204
79.586
79.1544
79.4181
80.1465
73.2704
74.2721
75.4786
76.4955
75.315
76.8344
77.7178
78.1941
78.6496
78.5082
75.8862
76.2166
77.3083
78.6133
76.9883
77.4274
77.6998
78.023
79.0618
79.7286
80.1987
75.7518
76.2683
76.4319
76.1187
76.9146
77.8234
78.0954
78.1931
79.0196
78.1078
76.1508
74.6348
74.5804
74.4016
75.0978
