94.3905
94.5625
93.9168
92.7014
93.5902
91.5945
93.352
93.9923
94.3662
95.3311
95.9103
94.3623
94.3418
93.3105
92.9553
90.485
93.8569
94.9673
95.7444
96.1316
97.1422
95.8964
93.601
94.0152
93.9952
94.8972
95.7497
96.2389
96.5984
95.9048
94.7974
94.9021
95.6515
96.1828
92.6815
93.6624
92.6029
94.6386
94.9274
95.7647
96.6669
97.0243
93.2863
93.8623
92.8624
91.5909
94.1342
94.7961
95.346
95.3846
95.9956
96.4273
95.4114
93.9137
94.137
93.9978
94.212
95.4194
96.0961
96.6084
95.4656
94.6896
93.4112
95.0284
95.6547
94.0254
94.6318
94.9742
95.2398
95.6367
96.8471
95.2546
94.5028
95.175
96.3125
97.2945
97.9086
98.2756
93.8316
94.7191
95.1391
94.444
94.9876
96.0561
96.4733
96.3109
93.0088
95.815
93.5764
92.9887
93.4809
94.6049
92.8271
93.1092
94.3506
95.4084
96.2386
97.0381
93.6787
93.6388
93.5142
93.9472
94.6005
94.0504
95.4512
95.8864
93.59
95.1815
95.518
95.2855
93.6878
94.0864
94.7998
