96.9321
95.1776
93.1727
93.9626
94.5867
92.1645
92.9003
93.5241
94.0954
94.4633
95.215
95.6415
96.5589
97.0305
91.4798
92.9652
92.1425
93.151
93.5614
94.2591
93.4545
93.5783
94.027
94.3864
94.769
93.1449
93.3497
93.2942
94.1068
95.4825
96.3886
96.7384
94.2415
93.7082
93.9798
92.5934
92.1281
93.5715
94.3571
94.2786
94.7767
94.0254
94.4767
92.2203
92.6303
93.1996
93.4855
93.6383
93.9991
94.3974
95.0678
95.1953
94.4719
94.3433
93.0024
93.0766
93.7117
92.5246
94.4721
95.0387
95.682
96.4356
95.2985
94.552
93.8694
93.2149
94.088
95.6158
96.2309
97.1283
94.3014
95.0669
95.6518
94.455
92.8444
93.2399
93.2849
94.4361
95.4607
94.2007
94.3381
93.9268
94.5138
95.1517
93.5813
91.1575
93.2009
93.8154
94.0216
94.2155
95.1899
95.9305
96.3716
96.8541
97.5501
91.7513
91.5595
92.0715
93.2457
94.3893
95.5825
96.0425
94.8894
95.394
96.3524
96.7111
97.043
97.0028
88.0096
91.6257
92.003
93.3364
94.2793
