92.2093
93.1379
92.3323
91.5776
92.9321
92.8094
92.6157
92.8425
93.2503
93.8475
94.4286
91.1888
90.4673
90.2411
92.9162
93.427
94.392
91.5183
92.614
93.1446
93.6126
93.9202
94.3898
95.2508
95.4562
96.383
89.1809
91.9398
93.1512
94.1684
93.0333
94.2432
94.2396
94.2276
94.6204
95.5418
96.0155
96.2888
96.5302
89.7386
90.5151
91.0072
92.1168
93.2314
94.0268
94.2259
94.4006
93.8832
95.6901
92.3241
91.2451
90.6652
91.2893
91.3099
92.4387
93.2022
94.2491
93.9175
94.2855
94.9106
95.2093
95.6869
96.4923
92.2052
91.4508
92.0103
92.5563
91.967
92.6456
94.7971
94.4018
94.8332
94.9272
94.0918
92.8944
91.5376
92.4842
93.5032
94.3686
94.9471
94.0862
94.2414
93.9427
92.116
92.0188
92.2884
93.2869
94.1237
95.0625
93.789
93.0593
93.1154
93.9135
90.091
91.675
91.7409
92.2116
93.1033
93.3488
93.9441
94.5288
95.4056
96.2387
96.3766
89.2593
91.8859
89.7724
92.1308
92.7049
93.9036
94.9373
94.5965
93.97
94.608
95.5043
95.8986
89.2999
91.7855
92.0168
92.7358
