90.5792
91.9223
93.109
92.3261
92.8876
93.4647
95.3887
95.7546
96.0991
96.6345
94.9485
93.2752
93.4066
93.4859
94.0266
94.3712
95.6037
95.5902
96.5308
94.3673
94.3427
92.7477
92.3923
94.154
94.7039
94.6023
95.5014
96.2773
96.5711
97.4432
94.4353
93.8421
93.065
93.3529
94.6156
95.5877
95.6617
94.1107
95.1587
95.737
96.3841
96.5404
97.1467
91.7423
91.3833
92.3687
93.0704
93.9286
94.6367
95.8016
95.3675
94.8595
93.966
94.562
95.3234
93.6812
93.6816
93.8038
94.442
95.7671
96.5157
97.1777
95.1973
94.9643
95.1608
95.8328
96.1034
92.7293
93.508
94.3324
94.5916
95.1017
95.7358
96.7388
96.9549
97.1758
91.7794
94.6633
93.918
94.8082
95.9169
94.2723
95.6472
96.1433
96.4337
96.8976
97.4765
93.4124
93.282
91.8599
93.4794
93.0057
94.0433
93.6016
94.4635
95.6002
95.8268
96.9804
97.4805
98.1042
91.7924
93.7647
93.7641
93.9087
95.0108
95.3405
95.2553
95.7367
96.6545
97.6261
91.4976
93.3571
94.0401
95.0369
95.648
