82.1646
83.6949
83.6676
84.7005
85.6222
79.2415
81.1474
82.617
84.138
83.3625
82.0665
83.1617
86.2188
79.9983
80.4699
82.1316
84.1668
81.6897
78.1715
80.3205
83.4757
80.716
81.0582
82.5981
84.4684
80.7139
79.8087
80.5876
83.6672
82.6034
83.1349
83.7034
85.4098
85.9711
81.1199
82.5318
81.7127
82.7119
83.4604
83.5261
84.8991
81.9393
80.6225
82.8465
84.6046
85.8437
83.0702
83.8035
84.8995
82.7694
82.2618
84.2112
83.4033
82.2284
83.128
83.6636
82.054
82.3125
81.9392
81.2732
81.1398
81.5027
81.552
82.1453
83.8885
85.1389
85.4801
81.3225
81.562
81.5153
83.8838
84.594
82.3418
82.2611
79.939
82.0954
82.7145
82.7455
83.6451
83.8663
83.7463
84.6852
85.8957
86.638
79.1638
80.8913
82.0434
83.5647
84.9776
