86.1487
85.4106
82.7895
84.664
85.2392
86.285
86.75
85.4683
86.6145
88.0223
79.7348
82.2768
84.2466
86.3532
87.7403
87.7873
87.8811
86.3665
83.805
81.7357
84.3219
85.9233
86.2513
86.9372
85.8801
85.4019
87.0896
88.6894
82.9112
84.4242
84.8982
86.0572
84.8816
82.8097
82.6724
86.983
88.611
89.2677
83.9725
83.9574
84.9052
86.1468
86.5846
81.884
83.9596
86.2708
88.0076
82.1163
85.3667
86.657
88.6733
84.2367
85.062
87.1242
86.1268
86.1424
86.0946
86.4863
80.2326
82.5136
83.6295
84.6913
87.0707
86.9695
87.2277
87.8264
84.223
83.2885
84.9617
86.8958
88.0578
85.2234
88.7377
89.7033
90.2755
80.9278
80.2332
83.4931
85.4307
86.6622
88.4726
86.4255
85.3584
85.4353
83.4475
84.8211
85.8158
85.9372
86.0421
