94.7044
96.1266
93.1404
93.3705
95.0401
96.9497
92.7779
93.6645
95.6904
97.449
94.3176
94.8899
96.3923
90.0976
93.5401
93.2811
94.8633
95.1833
93.5643
94.4544
95.6068
92.8844
94.0096
95.0501
95.9969
92.4831
92.5865
91.5661
95.9386
94.5375
94.4535
93.854
93.5063
94.0935
95.0726
96.007
96.5758
93.7317
92.9559
92.8992
92.6027
93.6241
94.7445
95.437
95.1791
92.7388
92.5638
92.8947
94.3753
95.3844
94.9785
93.7164
93.2735
91.6198
93.1439
94.3095
95.3171
96.5457
97.23
91.5798
94.5132
91.8566
93.1669
94.0575
95.4076
94.1501
93.9819
96.3632
92.5046
93.1325
94.2708
95.0943
96.2853
96.0486
96.0293
94.8699
94.9335
92.445
94.3113
94.7539
94.3016
94.6572
