90.8301
91.9963
93.8061
95.6912
93.9579
94.4061
96.1293
97.995
91.7241
92.9035
94.4149
94.7009
94.6949
95.3256
94.2303
91.3303
92.8857
94.6817
95.8916
96.5975
96.5242
94.4281
90.8205
92.3338
92.3412
94.8975
95.5104
96.2677
94.087
91.882
93.3346
95.0041
95.7261
91.9362
93.4491
92.8593
91.4151
91.9113
93.321
95.4601
90.959
93.6691
94.15
94.428
94.0611
94.4619
95.2724
91.784
92.1783
94.2065
94.4991
95.8031
94.0246
95.7639
95.0221
92.0142
93.4661
93.6084
94.4136
95.5906
96.5218
90.7365
91.1417
91.6862
93.2551
94.805
95.8011
94.3362
94.3682
93.707
93.9986
95.1322
96.7275
94.4879
93.4995
93.5563
95.2316
92.2734
92.0122
93.4619
94.6944
94.5119
95.8874
96.1513
93.6012
91.2988
91.9857
92.3042
93.2246
