91.6206
93.4477
95.064
92.9867
93.9256
94.2122
95.8124
97.6316
90.5339
92.454
94.4304
94.7508
95.3347
95.5699
93.3701
95.3058
96.6114
97.2404
97.5686
91.7525
92.2244
93.591
94.1219
94.7831
95.4379
97.7006
90.5031
93.038
94.6512
96.0999
95.5317
92.1953
92.9334
95.284
96.421
90.943
92.211
93.3196
94.5291
95.0298
91.4066
92.2174
93.0903
95.0702
91.785
92.8501
93.4592
95.0073
90.5332
91.9718
93.4785
95.4372
97.0634
92.5047
94.2855
96.0096
97.244
91.7998
93.0073
94.0907
93.7138
95.3946
95.6731
94.9826
92.8682
91.3126
93.0228
94.3721
94.9617
95.4241
96.6632
97.4605
92.9177
91.1784
91.7898
93.0643
94.9229
95.5009
92.7502
95.1013
95.5694
92.0447
92.6685
95.277
91.6335
92.9547
95.5582
95.7841
97.2692
