88.604
89.3542
87.3851
84.6422
85.0303
86.0145
88.6593
89.5178
89.1366
89.3869
85.7726
84.8881
87.0693
89.0422
89.4127
88.109
87.6191
87.9587
86.5916
85.5395
85.66
87.3904
88.6562
87.6266
86.2657
88.7121
87.138
85.8604
85.1944
86.8011
88.1424
87.1817
87.6084
86.1307
86.7729
88.3284
89.9067
86.9134
86.9041
87.22
87.0018
87.2366
86.6103
87.5968
89.2896
85.6786
86.1693
88.2828
89.2634
87.213
88.7034
87.8185
90.1888
90.211
90.8147
86.4039
85.1562
85.312
86.6717
87.8089
88.2763
88.6258
88.3875
88.8282
89.6307
83.7817
85.895
85.8702
86.1312
87.8299
87.982
88.162
89.3999
90.3231
86.291
86.3322
83.0456
86.317
88.5304
90.311
86.5773
85.0694
88.8095
90.2379
91.1699
85.7088
86.8088
88.8557
88.5718
88.4314
89.04
88.9413
87.5885
87.8824
80.5084
