94.3981
96.3085
97.4136
90.7045
91.672
93.1007
95.0903
94.4833
94.6655
95.8093
97.0795
97.6796
90.5654
92.3003
93.1479
94.7442
96.018
93.2408
94.0781
95.1918
93.1108
94.1865
95.507
90.9107
90.3516
90.2041
93.6157
92.9328
92.8933
93.4304
94.4936
95.7546
92.2401
93.1916
93.2961
92.9779
94.0496
94.0636
94.9669
88.41
90.0845
93.5772
95.7941
94.3387
94.0095
94.1087
94.8192
91.5449
92.1449
91.3767
92.0028
94.529
95.2571
94.9633
95.3156
94.364
94.2109
89.7819
92.4437
92.1629
91.1929
94.6469
92.8758
92.6365
93.4685
94.6996
95.7959
96.3595
94.4884
94.225
95.3305
92.1558
93.9551
94.8973
94.0384
94.3439
95.8371
96.165
93.347
