23.8136
24.12
24.8577
27.8795
26.249
27.4729
26.5803
24.4349
26.0048
28.4938
28.6437
26.601
27.9529
29.849
22.7387
24.5342
27.5623
27.9064
27.3289
28.7692
20.9762
22.1884
25.2748
28.0257
28.9994
29.9721
24.0516
21.9381
21.3921
25.0459
27.1748
27.8275
28.8891
31.2436
20.8259
24.4756
27.7557
26.832
25.1554
24.6158
21.895
23.3718
26.9919
28.7915
25.5185
24.98
26.2197
23.6712
26.6134
26.114
24.4329
23.5127
23.9598
26.123
28.0017
24.3979
24.0548
23.9418
25.0129
26.9901
28.1042
26.4638
26.3962
23.5519
24.5857
26.9678
24.6208
25.4087
27.1827
22.2578
23.2381
24.6092
26.3135
26.3205
