27.3905
22.9484
23.111
25.2544
26.221
27.2866
27.566
21.7077
23.4152
25.7055
29.0378
25.7224
26.779
26.6436
23.7126
24.1499
27.634
26.0412
26.0226
27.8891
23.1655
19.6679
25.2556
26.6697
26.758
28.006
29.7808
20.0687
24.7054
27.0268
27.7462
28.3825
30.0396
24.4444
27.7675
22.0732
27.0462
27.5795
26.9629
23.5626
24.5229
26.4826
19.7339
25.1836
26.8663
24.7057
22.5158
24.8924
24.4642
25.2387
26.7814
28.5978
25.9213
24.853
25.2777
26.227
27.3448
26.9913
24.5883
25.3726
25.8067
27.872
26.7816
28.4394
23.3457
24.9762
23.6972
25.6972
26.5405
