22.5623
23.6997
25.7493
22.8143
22.1193
25.2385
25.9664
24.8771
26.7694
25.2964
25.3516
25.7441
25.2644
25.3153
28.6541
26.7829
25.1991
25.4917
27.432
23.5797
23.8154
25.2552
25.7503
25.5438
25.8555
27.7779
28.2958
28.8139
24.7429
24.2046
27.3875
24.8229
25.3963
26.2782
25.4729
27.13
27.9354
20.7083
24.7484
25.8911
27.3191
24.84
27.6243
29.219
23.9123
24.5469
27.3441
26.6215
26.7524
28.6545
21.232
24.3237
25.2343
26.3114
27.6231
25.8703
23.9174
23.5006
26.6913
25.0319
26.2186
26.8253
24.878
26.6272
28.3397
25.9549
22.5844
23.6158
22.6168
22.7045
23.7467
