26.4278
27.4725
24.4314
26.4814
23.6861
25.2538
26.1924
22.138
25.8455
25.138
27.9339
24.5204
25.4482
25.9903
27.2814
27.0753
27.9371
22.6577
24.3616
24.9995
27.8059
26.4014
28.2245
29.4352
19.562
25.1252
25.7327
28.678
25.599
27.4346
29.2927
22.0793
24.4684
27.2398
25.3135
25.9416
26.4245
29.0489
29.5158
29.7145
20.4431
22.158
25.351
27.1463
27.068
27.4947
23.1347
23.2392
25.9119
26.6003
26.5031
24.4681
21.1644
21.646
25.8581
26.7181
27.4007
28.3951
29.6304
30.2778
21.5981
22.435
22.8201
27.6914
26.8143
27.943
23.9615
23.2127
24.801
27.015
25.3373
