26.0136
29.0188
29.0439
22.7331
24.0302
23.692
25.2777
26.764
26.6336
28.0045
22.6457
25.8463
28.1477
26.173
25.3756
26.7347
28.3765
28.4552
25.2824
24.63
24.3202
26.4531
26.2673
27.8743
23.7298
24.7045
26.5292
25.0589
25.4393
26.9017
28.5022
22.9595
25.6572
26.5807
26.2379
26.8856
28.5208
23.4258
25.2747
26.9114
29.3477
24.4548
25.0518
26.5753
24.693
24.6516
24.2036
25.7934
27.1239
24.3541
25.6703
22.427
22.9811
19.3733
23.1806
24.7124
26.7512
25.5067
26.7469
28.7934
23.5774
24.4409
25.6084
28.3486
24.7174
24.7157
26.8035
25.4659
24.9489
24.5054
