26.5148
28.2714
24.912
26.3926
28.008
25.0328
25.6236
25.3795
24.1761
26.1223
25.8505
26.5447
20.4575
27.2217
22.6123
24.0957
24.4887
26.9877
26.2671
26.6874
28.012
29.2835
23.3837
23.4915
26.9226
29.2588
26.6493
26.7728
24.4074
24.7871
26.3641
27.012
26.8052
27.4166
22.7341
23.9862
26.3722
29.4122
26.6803
26.9756
29.475
30.4913
23.4217
24.5752
25.8771
26.3885
26.6995
28.0841
30.0483
26.0348
20.4934
22.6517
22.8861
25.17
25.4922
26.6989
22.1393
18.4966
22.0264
23.5375
24.8066
27.3769
29.6903
19.0793
25.7723
27.4159
28.3847
28.9953
24.8188
22.4962
24.1678
26.3113
