28.6867
29.2396
25.4663
26.3273
27.7525
26.4293
20.9706
24.9887
23.6213
26.1381
25.1128
26.4282
28.5193
23.4137
25.8506
24.6482
26.2292
27.5171
26.4574
26.1784
26.5378
25.9312
27.3361
26.128
25.735
27.2294
27.7507
29.2853
26.2992
21.5108
24.2666
25.1727
25.0855
26.8428
28.6709
26.3881
24.6608
25.0368
26.6968
27.2115
25.5331
20.2669
23.6242
25.0472
26.1826
27.3771
24.9311
26.098
27.7115
23.1479
25.5259
26.4988
28.1785
28.5102
24.9587
21.8582
22.9851
24.6583
26.2591
26.3782
26.816
29.6678
24.959
23.8164
23.388
23.3152
25.5595
26.1505
26.5756
26.3936
25.5419
26.2908
27.728
28.7522
