27.6622
29.0353
25.7162
26.9261
26.3106
21.8511
22.638
25.3399
27.6668
28.2713
23.0508
24.836
24.689
25.5966
25.8192
26.3461
24.6289
26.6189
28.4334
23.7411
25.4125
26.9778
27.4433
27.2706
29.1799
23.1523
20.7154
24.6567
27.3722
26.5008
26.8961
29.2505
22.5265
24.871
26.5646
27.6236
28.9815
25.0183
18.8213
24.9065
27.4426
23.9845
27.1928
26.7912
25.7874
22.7544
25.0555
25.1222
26.3109
26.4454
27.4511
22.7785
21.7315
25.0224
26.0218
22.3428
23.0231
25.5853
28.4367
21.8864
26.1569
26.659
28.7034
28.6664
24.9703
24.4372
20.9753
23.5942
