24.7641
24.6234
27.3584
29.4397
22.5704
24.556
26.5114
23.9044
27.622
27.2028
27.5696
24.2165
25.8658
27.3741
30.1594
26.5204
26.1312
27.383
28.6913
22.4632
25.6049
28.8278
23.0937
26.5014
30.0025
22.2602
25.2445
26.8472
26.0517
27.4564
28.4912
25.0867
24.5908
26.4529
27.8574
29.2932
25.1059
23.6868
26.7703
25.262
23.0449
25.9576
27.332
26.2764
23.9316
23.5812
23.846
24.9419
26.5439
26.2422
24.6311
25.8352
28.3525
25.6969
25.3944
26.0714
26.5945
25.1659
27.6744
25.9785
25.6189
26.3508
28.4911
30.0138
23.5735
24.2074
23.2249
24.8649
26.0166
28.9503
20.4616
26.4663
27.7154
23.3961
