25.7225
26.1768
28.786
24.5116
25.5575
26.2895
24.4296
25.5936
27.9797
25.6686
25.9857
23.6262
24.183
25.2141
26.8213
26.9976
25.0786
16.4045
21.6015
24.9211
27.5291
28.2338
20.987
25.2713
27.5604
24.087
24.9631
26.4306
26.8968
27.262
28.3686
26.3493
23.4347
22.0767
27.5712
27.4872
29.3482
21.7802
23.6012
25.1568
26.2459
27.7123
23.0291
25.4277
28.1958
24.895
26.0375
25.7187
25.8938
25.124
28.2233
24.2157
25.3531
26.0082
27.3197
27.7681
28.4199
24.2199
24.8231
25.7232
28.2473
26.2919
27.7295
29.5576
23.8785
24.5061
27.1018
