27.7439
19.8685
22.7324
25.6762
27.8024
27.9101
28.8457
30.872
24.3855
23.0937
26.1023
28.1799
23.7709
26.0392
23.7807
26.0089
23.1568
25.7832
26.1786
27.9341
22.4729
24.0031
26.4623
27.5417
29.0532
29.5093
24.9076
23.1102
25.5252
28.0049
28.5536
27.3629
24.4654
23.9853
26.5965
27.9081
27.3499
26.1564
24.0745
23.6518
24.5974
26.3936
27.0972
28.4804
23.1806
22.5467
23.5931
25.1537
27.2502
25.4935
25.4058
24.7589
24.0875
25.2163
27.6622
28.6169
27.5222
25.9445
24.5987
26.2917
27.1991
25.5228
27.0403
22.6675
21.4382
22.6073
25.2174
27.7531
26.9844
