28.479
29.7831
24.0098
23.6562
26.1198
27.645
27.5915
27.954
25.1692
21.5705
24.085
27.1057
28.8759
28.2942
29.0165
21.1178
23.3484
26.1866
29.0643
27.1188
27.8792
23.7804
23.7847
26.6276
26.6561
25.7055
24.895
22.0264
24.7311
27.1427
24.6357
24.9097
26.9196
19.2127
23.6627
25.0333
27.9094
25.6208
28.2103
29.6594
21.2394
22.6702
25.4074
28.7068
22.7964
28.3481
30.0292
19.298
24.0895
25.68
28.2639
26.6282
28.5062
29.7622
16.3535
23.0488
24.3628
25.0871
26.2004
27.7084
26.1632
24.6289
23.5627
24.949
25.7834
26.3534
27.8484
29.6248
22.7278
