26.9324
26.5349
22.9857
24.6466
26.0803
27.3499
28.0165
29.2025
25.0457
27.0615
23.7301
25.119
26.3808
28.7368
29.8552
24.2896
26.2206
24.1269
25.9249
27.9459
28.9276
23.2896
23.6272
25.3251
26.8863
27.5493
27.4738
24.745
24.7093
25.3724
28.1463
28.0037
25.9928
27.5192
23.7246
24.6285
26.9954
28.9019
28.5051
24.7573
23.8851
25.3866
27.705
27.7106
26.9223
24.7271
24.7666
27.1205
25.7221
25.6223
26.4849
24.2504
24.1439
26.4999
23.9151
23.3576
23.9666
27.3212
22.9961
25.0128
27.159
28.2341
23.9989
24.7668
25.0631
25.4959
