28.4901
26.072
24.5774
24.3592
26.1119
27.4106
21.7004
24.3598
24.2302
23.685
23.5026
23.1373
21.4933
27.2891
27.9294
26.9823
29.0849
21.9643
24.0158
25.7729
26.2814
26.7549
29.363
30.2933
24.0055
24.1332
25.1623
27.6239
26.2797
27.1909
23.0553
24.3195
27.0813
28.2807
25.8087
25.819
24.1628
24.5331
25.9624
26.6236
27.3387
28.7432
23.3995
23.1875
25.9616
26.9492
26.8676
27.7893
24.2238
23.102
23.8664
26.5325
26.8914
26.3792
26.9844
23.4747
25.0659
27.5617
25.7664
25.5107
24.8926
26.5543
23.0103
24.7338
26.0862
22.731
