26.3672
28.1936
24.652
25.8355
28.2353
28.5184
24.9019
24.4136
23.1696
25.8428
27.723
27.125
26.097
24.4352
24.8813
27.166
25.5349
25.7549
26.3629
24.2328
23.1415
26.8274
23.4298
23.3845
24.402
22.4764
22.9806
25.2071
26.9863
28.1029
24.1286
24.9096
24.9351
24.9626
27.4877
28.6858
27.7968
25.5447
28.3041
20.5155
24.5099
26.433
29.0069
25.352
25.869
28.3797
24.8772
25.3073
26.5084
28.7393
25.8316
24.8904
24.0436
26.4835
27.9871
28.4931
26.7148
23.7377
22.7189
25.4739
27.8671
27.9824
21.8824
25.2114
26.9122
26.2464
24.5297
25.1141
