27.3894
24.9902
25.8125
24.6906
24.1997
24.1554
26.504
27.7955
28.5226
24.5675
21.5775
19.4809
21.2481
24.1608
28.0583
27.4963
27.1716
25.0126
24.6392
27.6229
28.482
26.4321
28.2642
29.1551
21.7067
22.2683
24.16
26.7281
25.9272
26.9232
29.5871
24.6597
24.5226
25.6206
26.828
27.1381
22.774
24.2725
24.2209
27.0963
29.0624
27.1259
21.0248
24.4967
27.6352
26.9921
26.1799
29.1526
19.2387
24.6306
26.3412
26.2479
26.3074
27.2811
29.2511
20.4997
24.7947
26.9531
27.3884
27.3713
29.3445
30.0048
23.7058
19.8871
25.5163
26.8556
