24.8133
26.6533
28.3579
28.6675
26.8364
22.932
24.9693
27.0754
28.9993
29.433
26.7489
27.0678
24.449
24.0322
26.5271
28.1978
27.7825
24.9531
27.0388
28.9276
23.5384
25.3793
28.4977
25.564
21.1186
25.8063
26.2642
23.4982
25.2492
27.57
29.3593
24.0234
21.9231
21.7956
23.7254
27.0103
27.8847
27.532
27.8844
29.8397
23.8955
24.314
25.24
25.8488
25.4512
23.5569
23.2599
23.147
25.2187
27.6136
28.122
29.283
26.5579
23.803
24.5817
26.5129
27.4132
26.5098
24.4983
24.3581
26.4195
28.4868
27.9684
26.5896
23.5187
26.3711
25.3428
25.7853
25.2649
24.9547
23.6396
