27.4181
24.5187
24.6016
27.3627
22.4503
27.4045
26.7554
26.1247
23.2429
23.8119
27.6782
26.3128
26.6924
28.1985
30.2668
23.6719
25.2943
27.0675
27.7722
27.3378
25.8069
23.502
25.3946
25.9613
27.2456
27.8012
30.0671
23.2279
25.4234
27.9365
25.0375
26.8894
22.6057
23.727
26.7067
23.9627
24.6368
25.7639
26.1214
24.6843
26.2764
29.1218
25.2192
26.1599
25.2341
26.9028
28.0195
25.9234
24.9772
26.1839
27.4622
28.0361
23.7073
22.7501
22.3316
24.9353
25.9084
27.2006
24.7161
24.715
25.4353
26.8722
27.4259
19.9331
24.4557
24.5956
23.4753
