28.8861
21.7582
24.2839
25.1258
27.9085
27.4127
28.6234
24.0867
22.2305
25.017
27.6217
28.3788
28.9993
24.9755
24.4858
17.3272
21.8896
26.1733
27.5341
28.4557
30.1837
21.375
22.9165
26.4035
28.5998
26.1386
25.3397
26.9306
21.7978
24.3173
27.1421
28.9246
26.1961
25.2379
28.4153
26.0082
27.3803
25.9024
24.8584
23.1853
24.7398
27.01
28.3034
25.2678
25.0571
24.0313
23.9037
26.3805
27.8656
26.5876
26.367
24.1606
24.2573
25.8584
27.3563
26.9383
26.5039
28.1312
29.158
23.0551
24.7079
26.598
26.5923
28.0101
26.3444
23.8358
24.6436
27.5319
27.4519
27.2673
28.3514
