29.2982
28.9385
27.0769
21.4585
22.4743
24.7766
26.9432
26.3718
20.8175
24.162
22.9405
22.1962
24.2641
24.1303
25.7362
26.5533
24.209
26.9182
27.5657
25.9407
26.2937
26.6773
26.3668
24.1704
24.9158
24.9262
24.4938
25.4169
25.3547
25.9317
27.8478
28.7202
20.9734
24.2273
26.1498
27.9328
28.5303
26.0269
24.9874
24.8252
26.6864
24.4369
24.2187
24.5092
26.398
29.8623
25.6248
25.8686
27.9356
29.8266
24.7662
26.0736
24.9407
25.2891
26.5452
28.1901
26.4985
25.4166
26.2454
26.4032
21.8916
25.3181
27.0446
29.5132
25.7106
25.5449
25.6837
25.3416
27.161
24.3892
25.3381
