35.0015
35.4924
35.1665
35.2094
35.3376
34.7299
35.3323
34.9819
34.1019
34.4133
34.6016
34.009
33.9705
34.4042
34.1202
34.4835
34.7726
35.126
34.14
34.2217
34.5332
34.9076
35.1338
34.1534
34.5406
34.5242
35.0005
35.2169
35.4379
35.6794
34.7219
34.9626
34.5775
34.7919
35.1667
35.4455
35.5758
34.5754
34.9638
35.4745
35.9947
34.9244
35.2832
35.5549
35.5982
35.7331
35.7996
35.0796
35.4319
35.4603
35.1597
35.4448
35.6311
35.6649
35.9252
36.0427
34.1724
34.7544
35.0609
35.2082
34.9896
34.1267
35.2738
35.6235
35.7376
35.9688
36.1275
35.3745
34.6529
34.828
34.419
35.1853
35.4349
35.7608
35.9561
35.9451
35.6201
35.6023
35.3562
35.5617
35.3801
35.6308
35.4372
35.5811
33.7754
34.5931
34.9827
34.905
35.0784
35.2815
35.4163
35.4875
33.889
34.314
34.3288
34.5655
34.8683
34.8201
34.6088
34.979
35.0201
35.3029
35.4792
35.6204
35.8817
34.5222
34.3368
34.355
35.0264
35.1699
35.63
35.7666
35.8507
35.696
35.8527
36.0724
36.2663
36.489
36.6659
36.739
34.5387
34.3411
34.5851
34.7321
35.0702
