41.2382
42.219
42.0987
42.6551
42.8797
42.4793
42.3283
42.6445
42.3271
42.5648
42.6788
42.9152
43.0375
43.217
42.669
42.5196
42.3014
42.4613
42.8216
42.9367
41.6376
41.9412
41.9585
42.3328
42.4271
42.2496
42.0618
42.0434
42.1058
42.1115
41.4775
41.9049
41.5314
41.898
42.1969
42.6284
42.7189
43.1285
43.2409
41.8791
41.9851
42.5099
42.0245
42.4853
42.8194
41.5898
42.0576
42.4265
42.5294
42.7502
43.0108
43.1292
43.2593
41.5574
41.8784
42.0326
42.3029
42.3598
42.5634
42.8342
43.0078
41.3936
41.2531
41.6005
41.7705
41.2944
40.9344
41.4569
41.1197
41.331
41.6216
41.3292
41.7673
42.006
41.6366
41.8257
42.0269
42.0999
41.7425
41.2077
41.4936
41.7858
42.0051
40.9694
41.3428
41.5238
41.7463
41.8502
42.1186
42.1927
42.5524
41.4827
42.2876
42.2259
42.2991
42.5816
42.7194
42.8585
41.5275
42.1977
41.6532
42.0694
42.2575
42.443
42.6199
41.6066
40.955
42.0644
42.5121
42.7578
42.8446
43.1386
43.2412
41.4011
41.5655
42.3936
42.2956
41.8849
42.1187
41.7728
41.8088
41.9851
42.1058
42.232
41.4809
41.6255
41.7501
41.881
40.9798
41.5779
41.0573
41.3711
41.6557
41.9322
41.9313
41.799
41.3589
42.1442
41.8943
