43.2953
43.4888
43.8503
44.0681
44.1909
43.2916
43.0933
43.2169
43.1695
43.522
42.6832
42.5017
42.8227
43.1767
43.0538
43.2745
43.555
43.0896
43.003
42.2027
42.4362
42.7166
42.9605
42.6368
42.8571
42.7062
42.8617
42.7164
43.1009
42.9179
43.0462
43.2592
43.5208
43.7054
43.7579
43.0027
43.5296
43.2332
43.2906
43.6164
43.5203
43.4056
43.7768
44.1409
44.3487
44.6483
44.7718
42.8849
43.6928
42.9524
42.3814
42.6629
42.5667
42.9973
43.1178
43.2617
43.6903
43.7323
43.9465
44.1296
43.3588
44.3161
42.2757
42.7189
42.9213
42.4669
42.8295
43.0896
43.1907
43.487
43.6753
43.8117
43.4041
43.467
42.4799
42.6619
42.962
41.3796
42.6552
42.839
43.4574
43.7628
44.0135
44.2193
44.5187
44.6687
44.5666
44.6412
43.3894
43.9682
42.8797
43.2697
43.4449
42.9727
42.5334
43.4616
43.1811
43.575
43.8446
43.2982
43.9898
44.0312
44.1002
44.2781
44.3561
42.6021
42.4316
42.4197
42.6532
43.1628
43.3658
43.3871
43.653
43.7087
43.9581
44.223
43.7589
43.5908
43.0962
43.012
43.5258
43.7442
43.4481
43.6255
43.8005
43.9513
44.1919
44.3457
43.9022
43.97
44.3358
44.5193
44.4446
44.7813
44.919
42.2173
43.4666
42.589
