35.6171
35.8597
36.0586
35.1593
35.4714
35.2085
35.1549
35.5105
35.7875
35.9549
36.2098
36.3719
36.5284
34.6678
35.3276
35.2476
35.2759
35.689
35.8967
36.1643
36.4068
36.6489
35.7461
36.3266
35.6304
35.9798
36.111
36.3644
36.6368
35.3368
35.5104
35.3268
36.2174
36.1563
35.5729
35.6057
35.8313
36.0818
36.2281
36.3969
36.5088
35.7752
35.6412
35.9942
35.6548
36.4598
35.8674
36.3898
36.6128
36.8037
36.3341
36.2935
36.5033
36.6368
35.8637
36.1659
35.9872
36.0054
35.7535
35.2288
35.6635
35.9266
36.0655
35.7165
36.4605
35.835
36.5303
36.162
35.8776
35.9986
36.4489
36.6628
35.8593
35.1157
35.4552
35.694
36.0812
36.3634
36.6215
36.8677
37.0156
36.0358
36.0844
36.2572
36.0334
35.7397
35.4937
35.3816
35.6228
35.7994
36.1133
36.2634
36.4453
36.2556
35.5951
35.963
35.7843
35.1861
35.3375
35.459
35.6272
34.2605
35.2246
34.8937
35.2288
34.5732
34.4554
34.7702
34.0773
34.9605
34.3235
33.9786
34.1911
34.5006
34.4942
34.2755
34.807
34.9136
34.7314
35.3541
34.7747
34.8933
35.0982
34.5011
34.8704
34.4679
