36.8688
36.4381
36.704
35.8741
36.1324
35.9128
36.16
36.2228
36.6071
36.8336
37.0108
35.5018
35.179
36.3683
36.2741
36.5147
36.8217
36.994
37.3585
37.1508
37.4523
37.814
37.8348
37.2331
37.2108
36.1183
35.83
36.5733
36.8112
37.1777
37.3597
37.5649
37.2701
38.1988
37.167
37.399
37.7152
36.342
36.0382
36.0767
36.6538
36.9354
37.0038
37.2339
37.5646
37.8117
38.1456
37.9367
38.3876
37.8903
37.7821
38.0019
38.2286
38.2117
36.0084
36.4252
36.7126
37.1559
37.3941
37.6527
37.2096
37.7064
37.4148
37.6641
37.7682
37.9452
36.7836
36.5241
36.8477
36.9989
37.4365
37.3834
36.8539
37.5613
37.4406
36.9888
37.9766
37.6989
37.9196
38.0692
38.1541
35.8435
35.7104
35.9494
35.764
35.9856
36.1688
36.297
36.4431
36.6689
36.1397
35.581
36.2109
36.088
36.3545
36.4951
35.6411
35.1629
35.9145
36.1418
36.248
35.5785
35.8491
36.1228
36.4479
36.6774
35.8882
37.1012
36.6316
37.0184
37.1876
37.2608
36.1394
36.0712
36.2078
36.4641
36.8348
37.1916
37.558
37.741
37.2507
37.4993
37.7056
37.9486
38.0984
38.1561
38.3497
36.4792
36.8514
36.9345
36.5244
36.8254
36.9299
36.7213
36.8389
37.0497
37.1979
37.4096
