79.9602
80.0712
80.3463
78.0545
77.7987
77.7534
78.217
79.0978
80.2816
77.6835
80.1321
79.88
79.6535
80.0129
80.7172
80.6221
81.0378
81.5155
79.4257
79.362
79.0028
80.0163
81.1544
77.4118
78.5358
79.7126
80.5689
80.8503
80.7637
81.3973
81.5689
82.2156
79.5925
78.9591
78.6294
78.7335
79.5687
80.6311
81.2697
81.8386
79.572
80.1715
80.5184
81.5733
77.6867
77.9185
78.8814
79.9405
81.1642
82.1142
78.6115
79.8862
79.6391
79.9194
80.5974
80.8659
81.1713
75.3014
78.6819
79.7903
80.3492
80.5373
81.2882
81.6121
82.5929
77.4295
76.1631
77.8401
78.8783
78.5543
79.4935
81.0407
79.241
80.8562
79.7153
81.7105
76.8287
78.1595
78.9914
80.2116
80.9094
80.4702
81.4121
81.8207
82.3159
83.3288
78.3855
78.0766
79.4735
80.6913
80.1496
80.5032
80.968
79.5389
80.1818
80.9797
78.2691
77.8136
78.3867
77.3006
79.0453
79.7044
80.3303
80.8109
80.6766
80.8565
82.0634
82.6341
82.9537
76.7203
77.0928
77.4065
77.3029
