84.1323
83.8033
83.844
84.5766
85.2167
85.9417
83.7941
84.6022
84.2457
85.2493
86.0706
82.5433
82.0448
84.2632
85.0971
84.4255
84.4824
85.0372
86.0762
86.5823
87.3513
87.6816
87.836
84.2655
82.7023
83.0633
83.3914
83.0874
84.4143
84.7946
85.3419
85.7069
86.6911
84.9075
86.6565
87.3081
88.166
84.1575
84.7062
85.4344
85.3339
86.4527
86.9349
87.3284
87.6488
85.5376
84.5316
84.3849
84.9735
86.0241
84.6326
85.072
85.9006
86.3012
86.5795
87.1017
85.253
80.4461
83.4365
83.6334
84.1532
85.0696
86.1408
87.0542
87.4187
88.145
84.0944
84.8154
85.5334
86.4145
83.6705
83.2223
83.628
84.9595
86.0514
86.5817
87.4355
88.0054
88.4327
86.1327
85.9554
83.7272
84.1999
82.8991
84.7276
83.2866
85.9289
87.1827
87.6793
88.2808
85.8195
83.7914
84.7194
84.4128
84.8426
85.8314
86.9617
87.2939
86.6465
86.8784
84.0521
85.0642
86.4179
87.3285
85.1241
85.4996
86.6313
86.3329
86.9632
87.96
84.699
86.4093
86.2957
87.2987
88.0359
88.3712
