81.9662
81.5942
82.7411
83.1686
80.2471
81.0278
82.0175
82.3398
83.1883
80.0926
79.0732
79.3952
79.237
79.7734
79.6
79.7853
80.1565
81.5765
82.693
83.8591
84.5264
84.6191
79.4969
79.0098
79.8669
80.1236
80.0397
80.7236
81.3498
81.8194
82.429
83.1007
84.1981
84.7868
79.565
78.6691
78.9875
79.4763
80.8002
81.6287
81.9711
82.1554
82.914
83.0596
83.6127
78.4968
77.3705
79.9182
80.3117
81.0786
81.8538
82.6397
83.0405
83.6523
83.9779
81.5469
80.5223
81.1314
79.3749
80.5693
81.4756
82.767
83.5313
83.6122
81.9707
81.8164
81.4207
81.1428
79.8925
81.0634
81.6894
82.7244
82.6686
82.4556
81.2125
81.1109
82.0639
81.3143
80.8663
81.214
81.367
82.0854
82.9061
83.9251
82.8588
81.7794
81.1305
81.1372
82.1187
82.8388
83.739
77.0463
79.6379
80.6971
81
81.7314
81.2673
81.1196
80.8954
81.0398
81.9978
83.3224
84.0012
79.3758
80.1635
81.1738
80.8859
81.9538
81.4662
81.3856
81.474
81.9606
82.9031
