73.4693
73.0619
74.1749
74.5084
75.2437
73.1405
73.2532
70.24
73.0737
74.2928
74.7983
73.0392
73.3529
74.0328
74.801
71.5727
73.2783
73.688
74.4789
75.1731
73.1115
72.1732
72.4182
73.5839
75.0057
73.8482
73.4368
71.7632
70.9164
73.2582
73.9282
73.6049
72.8587
72.9399
73.8689
75.4021
76.0557
72.8686
73.1966
74.025
74.7936
75.7508
76.333
70.8559
71.5528
72.8392
73.571
74.4446
75.4384
76.1899
76.4724
71.1453
73.699
74.0114
72.3809
70.8004
71.6043
72.4827
73.1835
73.3419
73.7682
74.7708
74.0259
74.2988
73.3434
73.912
73.6178
73.1909
74.2926
74.6773
72.8425
72.9113
73.4851
74.8286
75.219
72.5752
72.5437
72.8603
72.4597
73.257
73.4158
73.3216
73.3081
73.4163
72.6053
73.461
73.4918
74.4213
74.8753
75.1443
72.919
72.7721
71.9684
73.1365
73.1815
72.9971
72.3204
72.408
73.211
73.4903
73.5108
74.4019
72.6166
72.3798
72.4393
72.7435
73.7297
74.4361
75.3263
75.7587
73.2992
72.8764
73.0061
75.1012
74.2725
74.0504
73.4196
73.4431
74.9819
75.5102
