75.407
76.1185
75.7071
76.2902
72.295
71.9258
71.9282
72.9493
73.2107
74.9124
75.5624
74.8799
75.1606
75.7557
76.7519
77.1002
72.4742
69.8041
69.6218
70.8647
73.7798
72.3044
74.3624
74.4122
74.8048
75.8042
75.5922
71.9838
72.3289
72.8418
72.7744
73.3193
74.0971
74.5645
75.1028
76.4851
77.3115
75.0045
73.191
70.8436
72.3513
73.2007
73.745
74.5087
75.2877
75.3263
76.0334
76.6847
77.6922
73.1468
72.1454
72.9608
72.9611
73.7352
74.7319
75.3534
76.1895
76.8665
70.7494
73.2439
74.086
74.7973
75.3146
71.9557
72.3868
73.6093
74.9841
74.6944
75.1909
75.7456
76.0858
73.4771
73.7349
70.9133
74.7977
72.7065
74.1097
75.1113
74.8453
76.1199
76.5444
77.0103
77.1027
72.06
72.6597
72.5732
73.5958
74.3238
73.6085
74.4917
74.6631
75.3226
74.94
73.346
73.1107
70.5701
72.9221
73.4719
74.8494
74.3213
74.3441
74.5448
75.5767
