93.8685
94.1883
94.6865
95.1171
93.6076
93.9317
94.9185
96.1075
97.1011
94.4501
93.1781
94.4922
95.5518
95.3858
96.1475
95.0854
95.5092
96.065
94.4109
93.9443
94.8907
95.5702
96.4846
91.3702
93.9813
94.9918
95.5784
96.1385
92.088
94.6248
94.3362
94.1811
95.4958
96.2267
93.3321
93.8991
95.2862
96.0722
94.7842
95.6446
96.1418
96.8479
97.8225
98.2217
93.2935
93.5566
94.3541
95.1506
95.2635
95.7667
94.7701
94.2805
95.6866
96.304
96.6244
91.1951
90.0429
93.1729
93.4032
94.3406
94.615
95.1315
96.3601
96.9427
95.4229
94.3712
93.3759
93.9684
92.9395
93.3327
94.0669
95.5806
94.24
95.0671
94.6096
95.1554
93.9853
94.4378
95.0107
94.9797
95.4063
92.7992
94.719
94.8214
93.949
93.8972
94.56
95.4943
96.1133
96.8285
97.1944
94.8366
93.4426
93.5027
93.625
92.4591
94.2573
94.3731
95.0199
95.5978
95.9667
96.9128
97.5438
98.2579
91.3317
92.8915
93.8057
95.0045
95.9996
96.7037
95.1418
92.8472
96.0557
96.6867
97.3394
97.7741
94.2446
89.9214
93.2496
93.7324
94.6293
