72.2865
72.7544
71.4369
70.2008
67.2289
65.1478
65.8232
69.2601
70.1366
70.7305
71.3976
68.5978
71.7096
71.5707
69.9523
69.1539
69.6374
70.7677
70.9135
69.6793
71.4088
70.9509
69.4106
69.7168
69.1186
68.9713
70.0668
70.6615
71.5009
72.6272
70.3396
70.5444
71.2359
72.2362
72.9684
70.1881
69.7384
70.4071
70.8941
71.5879
70.6985
69.6852
70.367
71.3431
72.3226
73.1643
70.5435
69.1831
69.2108
69.7035
70.3139
71.1216
69.4819
70.1377
71.1802
72.3128
73.1903
70.1276
68.9126
68.9633
69.1231
70.3448
70.5585
71.2473
69.209
70.1176
70.8645
71.8964
73.1738
73.7987
74.0496
68.993
70.3294
71.1798
71.9284
70.4228
68.5408
70.0733
70.6558
71.8749
73.0123
73.6723
69.7801
70.5793
71.4126
72.502
72.9178
64.8197
68.8017
69.7299
70.6856
70.4943
71.216
71.5591
71.5582
72.2259
69.2805
70.0886
69.2901
70.5254
71.7603
72.8668
73.1459
73.2323
70.8833
70.0227
69.1844
69.3767
69.0428
69.9246
71.1139
71.5984
71.9379
72.717
72.5608
72.0995
69.3127
68.7108
