92.6513
92.5597
91.441
94.0794
95.5399
96.5219
97.0989
96.1848
96.847
95.4713
94.5321
91.8448
91.2881
93.2268
94.1174
95.0896
95.6138
95.2515
95.6885
94.5056
94.2312
95.6335
96.2533
96.7212
97.3219
94.2698
94.7353
95.3195
95.8328
96.4011
97.1626
97.7838
93.0126
92.9419
93.767
92.8279
94.544
93.9203
94.4849
95.3958
95.5743
97.0802
97.4805
93.6486
94.1127
94.0009
93.3487
92.8426
92.7295
93.5576
95.186
95.5633
94.1602
95.5929
94.8129
95.4397
95.4512
94.9825
95.8271
96.7826
94.3215
94.3197
94.7545
93.5702
94.5102
93.5062
94.7817
95.3977
95.5738
92.4037
94.9624
94.9022
94.4505
94.92
94.1565
95.1266
95.0064
95.4728
95.6123
95.6357
96.7802
97.1075
97.5427
97.8807
92.8708
93.1849
94.285
95.5157
94.0862
94.823
95.6395
96.0913
97.0498
95.8785
93.6362
93.9341
93.3721
94.0059
94.5536
94.6558
95.3219
95.9722
96.4413
96.9038
97.9476
93.2154
92.5808
93.5375
94.8574
