28.2205
25.7008
24.349
26.9489
28.2157
25.9577
28.253
29.5713
23.8404
25.628
28.7855
23.587
24.35
26.7868
24.1565
24.3619
26.5397
28.0358
27.4047
27.5282
28.7847
22.2472
22.8462
25.605
23.7553
23.9607
26.6852
25.3209
25.3001
27.4658
26.4284
26.6244
26.9604
25.9068
27.3059
23.9618
21.8918
23.8905
23.2795
26.0767
24.9349
25.4717
28.674
23.9959
24.2104
26.7595
28.7745
24.4613
27.4471
29.489
22.9359
24.9416
26.6337
25.1527
25.8775
26.7955
28.0258
29.6024
23.817
25.3691
26.6629
27.5728
27.4605
28.1097
25.7141
23.4984
26.3793
28.5827
25.5999
27.0963
26.7478
28.3581
21.9185
21.9474
25.5515
27.9848
29.0103
