26.386
25.1936
28.0785
24.4618
25.7094
27.2798
27.9606
27.767
24.2266
24.5165
24.9531
27.1787
28.1606
28.017
28.9031
22.3094
24.0364
24.6576
28.2219
25.6412
26.3633
28.0467
29.6392
22.8394
25.1241
27.2027
26.1188
25.8898
26.4472
28.1184
29.8671
29.9106
23.0336
21.279
24.324
26.8105
26.9733
28.3974
26.3578
23.5983
23.1802
25.0737
26.3329
26.5324
25.3815
24.7532
23.4205
21.7133
26.4058
26.7317
27.5332
28.5682
29.7796
22.8913
19.5948
25.298
28.1673
27.1095
27.9227
23.9101
23.3373
25.2742
27.2514
25.0962
26.8668
21.5713
22.9685
25.0236
27.1493
27.6668
