29.1124
25.4586
23.6739
26.545
28.1741
29.1817
29.8087
25.4793
21.8048
22.3965
24.6363
26.7218
27.792
28.9683
30.9459
20.2754
24.1834
26.6074
28.8559
24.3579
26.134
24.0299
22.895
26.6969
28.5451
25.0541
25.6017
25.6644
23.603
26.3982
27.5534
24.8265
24.8217
23.1514
24.4191
26.916
28.2778
25.5608
24.8131
24.5266
24.1843
25.9872
28.1729
24.2192
25.9777
23.9251
23.2341
25.523
27.0013
23.0242
25.9943
26.7093
28.9837
22.6969
23.9159
26.1218
26.6657
26.7505
28.0088
26.0354
21.825
24.7702
27.7231
27.5329
27.576
29.8462
22.0328
23.5462
25.2396
26.274
