26.3379
25.3336
27.2469
25.0377
25.6102
27.0512
26.3992
26.559
27.9166
23.0077
22.8405
24.613
26.1457
27.0005
27.7489
22.2868
24.9106
25.6686
27.5441
27.8179
26.4981
25.933
24.5953
26.6952
28.6918
27.4116
26.0928
28.5388
24.7218
25.2648
26.5467
28.2148
29.1978
28.9648
24.6532
25.0181
26.5089
23.4955
24.4586
25.5718
26.5574
23.853
26.081
28.2697
24.6437
25.5224
27.4191
20.8808
23.8342
25.6586
25.814
26.8368
26.9483
25.3974
25.3565
25.406
27.0851
28.6124
26.0451
24.8626
24.2657
25.4286
25.8876
27.3471
24.9849
24.9234
19.1283
22.5565
