22.4434
23.7367
24.3183
26.9614
28.1591
28.7061
26.5622
27.0666
23.6006
26.2454
27.8748
28.8004
29.3286
23.7346
21.1862
22.035
24.6501
26.5479
28.6004
28.6181
27.0629
28.6635
22.1928
22.9769
24.6872
27.9049
29.157
22.0932
26.6715
22.9459
21.9864
24.2767
26.7848
26.5997
21.3716
25.3688
22.5292
21.2834
24.4395
24.3772
25.5303
24.1976
24.0854
26.6721
28.6901
26.9326
26.2937
26.9876
26.0577
23.3947
24.8194
24.8625
24.6328
25.6384
25.0785
25.5509
26.6926
27.7398
24.5328
23.7002
25.7058
27.1147
28.1555
26.7846
23.263
23.6479
26.334
28.0824
24.4247
25.5684
29.0246
23.9202
24.8414
26.3226
28.8908
21.7421
25.0358
26.538
