27.4241
29.1261
24.4692
25.4272
27.477
26.7988
28.2097
22.6388
21.6821
24.1926
25.9561
26.7869
27.8653
24.3344
20.2973
24.8839
26.6025
27.6405
28.2903
29.8539
20.1522
24.278
27.8363
25.9603
26.2013
22.4691
25.6452
22.7599
24.7032
25.4753
26.3833
27.47
22.1731
22.2183
25.3147
26.0358
21.9481
23.0828
24.3332
27.4688
23.8112
23.9179
26.0318
27.481
29.1189
23.7985
24.2858
24.409
20.5984
23.0947
23.7858
25.5153
23.434
25.532
26.3892
28.8151
25.2663
26.0431
25.5499
24.641
26.4299
25.9324
26.4308
23.0265
26.8978
28.4711
23.689
24.2901
24.2681
27.1357
26.476
27.5455
28.4501
22.5944
22.7287
