26.3021
26.9348
26.0994
27.9726
24.5297
25.1149
27.2903
22.8647
23.784
25.9599
24.5708
25.6893
27.3849
27.0233
27.2975
29.9991
23.9581
25.6262
27.0047
27.9936
25.3398
25.2171
23.8207
26.1506
28.185
26.5468
25.7267
25.5109
23.8802
26.7942
28.27
24.7096
26.2312
26.2449
27.8827
28.7214
25.704
27.4529
29.7957
23.7797
24.9729
26.9251
28.8668
22.5301
25.888
25.3703
24.6966
27.603
30.0153
25.0846
27.344
29.9929
24.0729
25.916
28.3875
24.1415
24.4459
26.5321
25.4809
22.1951
23.432
23.2379
27.1487
27.6056
27.2895
24.7875
23.9661
26.4146
24.5183
25.6679
25.662
25.0152
