25.8461
25.2322
24.5575
25.2292
27.0923
26.7852
26.1419
27.5612
23.2535
23.5628
22.974
27.6394
26.7296
26.3608
28.1068
29.8838
23.6858
26.0806
26.1213
28.6839
26.3377
24.4959
24.6495
26.3215
27.7214
28.0576
20.8824
24.5784
24.0389
25.4951
26.6193
27.2749
25.0809
22.789
21.6641
22.8153
24.0651
25.7558
26.2948
24.046
22.2581
24.3009
26.2685
28.1533
27.5827
25.5876
27.5258
22.2938
22.7939
24.7023
25.7753
27.2433
27.5307
25.6246
28.068
24.0648
26.8246
28.919
24.3873
23.8907
25.2438
27.3357
28.5904
24.4209
20.9937
25.1566
25.3499
26.4652
25.1291
