24.806
26.1927
27.513
28.212
23.7704
24.7187
24.3244
24.3371
26.1916
27.2325
28.1137
25.4045
25.5817
26.5779
27.0905
23.9053
28.5736
29.6461
23.1863
22.9322
24.3438
26.7353
26.4532
26.3974
26.159
24.1948
24.9834
26.807
29.4534
28.0372
25.9391
23.6357
25.7964
26.8674
22.3615
26.6183
25.5652
25.7993
26.1
28.895
24.4074
26.0229
25.5245
27.1962
27.5834
24.9317
24.905
26.0176
26.7992
28.171
28.6766
26.4059
25.1637
24.6106
21.7527
23.8709
24.2275
24.0085
26.1533
27.6088
20.6163
23.8552
27.6012
23.6283
24.1643
24.788
25.6297
23.0438
