64.0734
64.5966
64.9547
63.4215
62.5841
61.287
61.4793
61.593
62.302
62.9143
62.9617
63.3123
63.5172
64.1545
64.6073
63.7954
62.6007
62.696
61.2023
61.8755
62.3957
62.9544
63.455
63.0728
63.5741
63.7334
63.9917
64.3034
64.947
61.9826
62.2108
61.8966
62.2032
62.8745
63.5643
63.8848
64.2618
64.1796
63.9741
64.3746
64.5695
64.9479
59.9434
62.0088
61.261
62.1937
62.6118
62.6476
62.9225
63.1808
62.847
63.4297
63.4761
62.8985
62.1726
61.1695
61.5955
61.9741
62.5933
62.8954
63.4028
63.928
64.255
62.2628
64.0553
63.3534
63.5243
63.7173
64.0922
64.5824
60.7284
61.4125
62.1344
61.9623
62.3953
62.7705
62.7276
61.9653
63.4785
63.4433
63.1481
63.27
63.858
63.5659
63.9445
64.2954
64.3456
64.4583
64.6764
60.3389
61.6595
62.0795
62.5966
63.0826
63.4307
64.0083
61.7891
62.6818
63.5166
64.0109
64.3004
64.6309
64.9498
61.7057
62.6212
62.5236
62.972
63.5684
64.1765
64.6645
63.1276
62.5796
62.8861
62.976
64.2641
63.6311
63.6386
64.2872
64.5422
64.8294
65.1468
61.9669
62.1982
62.4207
62.7312
62.7853
62.3666
63.2517
64.0339
63.2453
63.9418
64.3941
64.9075
64.1395
62.1478
61.9531
61.7176
62.0936
62.5577
61.7594
62.1652
62.7687
63.1167
63.3546
