54.5965
54.3681
54.6524
55.4578
56.0683
56.5209
54.0029
53.0123
53.4236
55.6709
55.9704
56.5536
56.8225
53.5943
54.4089
54.7851
55.0935
55.4511
53.9604
54.5378
54.9693
55.5057
56.0657
56.7065
56.9525
53.9917
54.2347
54.4394
54.9373
55.1594
55.5437
55.7552
56.05
56.1576
53.7086
54.1073
54.0718
54.4421
54.9542
55.2656
55.7324
53.5924
53.8587
54.5577
55.3096
55.9107
54.8602
53.2375
54.5193
54.264
54.4582
54.74
54.81
54.909
54.4839
54.9104
55.2283
53.5586
53.8368
54.0419
54.4187
54.7605
55.7879
56.1155
53.3616
53.7531
54.5207
54.7357
55.2068
55.5523
55.8693
55.9416
53.8101
54.3553
54.4352
55.1943
56.0023
56.454
54.2813
54.3754
54.6154
55.1777
55.5927
55.9057
54.7023
52.1763
52.5614
54.0164
54.1448
54.6223
54.7884
55.223
55.6756
55.8544
54.0831
54.624
54.8269
55.5647
55.0539
54.692
54.6989
54.3393
54.9551
55.4849
55.9688
56.4451
56.5845
53.1388
54.1805
54.6368
54.8848
54.8174
54.1912
54.5749
54.8777
55.4472
55.8411
56.1149
56.8512
56.0965
55.7664
54.842
54.9348
55.3604
55.7024
53.3512
52.9132
53.152
53.5707
54.0737
54.2095
54.5943
54.8356
55.1627
55.4809
55.841
54.6418
54.2063
53.6193
53.6495
53.6115
