63.7397
63.0267
62.795
62.8132
63.2581
63.1832
63.2377
63.9591
63.81
64.2264
64.1921
64.1748
64.2062
63.8078
64.0513
64.4748
64.9501
62.2031
62.8934
63.1589
63.2107
63.6555
64.4311
64.7546
65.0734
65.3801
65.7103
63.4073
64.077
64.4716
64.8476
65.1982
65.6786
65.5962
62.6556
61.6539
63.0115
63.91
64.7836
64.4259
63.8591
63.7193
63.8412
64.1533
64.6492
64.8256
64.9757
62.7985
62.8016
61.9355
62.3452
63.1506
63.976
64.3306
63.5291
62.4565
63.821
64.3463
64.577
64.8108
65.202
63.5924
63.1143
63.1222
62.8035
62.6011
62.9544
62.2064
63.1364
63.1095
63.9523
64.2503
64.7288
64.9894
63.0448
64.4308
64.372
64.8804
65.2065
65.5153
65.9672
63.1124
62.9074
63.523
63.69
63.886
64.7372
65.0016
65.3479
64.0893
63.7356
63.9844
63.4355
62.7454
63.0245
63.3562
63.6617
63.9885
62.9993
63.6272
63.4701
63.9994
64.2737
64.9424
65.3605
65.9713
63.66
64.0889
63.8906
64.0688
63.2093
63.9812
64.612
64.9583
65.4089
66.1393
63.3133
65.2208
65.7595
65.6873
65.8455
66.1941
64.3966
62.0499
61.8537
62.6747
63.5918
64.0641
65.0385
65.5269
63.1155
65.3531
65.5708
65.3794
64.6749
62.7991
62.215
62.3328
62.6622
63.4951
64.1526
64.8426
64.0527
64.4109
65.0805
65.515
65.7746
66.1523
66.1445
61.5577
61.8194
61.7653
62.4742
