53.6616
53.8664
53.6906
53.1918
53.2433
52.9648
53.8143
54.8057
55.2602
55.6009
55.7998
54.0599
54.0845
54.4814
55.0878
55.3857
55.9559
56.4402
56.4589
53.6695
53.4514
53.9878
54.4684
54.7319
54.7557
55.2297
55.6856
55.9943
56.1032
54.3615
54.0406
55.1721
54.7892
52.3326
53.5677
52.9358
53.8353
53.6033
54.5952
54.8286
55.3476
55.4812
56.1314
54.3957
53.453
52.2175
52.8197
53.1393
53.6099
53.8605
54.1433
54.238
52.5528
52.9147
53.8435
54.2657
55.1613
55.6884
53.5963
54.0199
54.6621
55.1162
55.5228
55.0118
55.0029
54.2124
54.4399
54.9061
55.5433
55.9342
52.8695
53.5967
52.9524
53.5886
53.9028
54.4238
54.0887
54.1447
53.5289
53.9108
54.5845
55.1291
53.6172
53.4945
52.8649
53.3568
53.675
53.8419
54.559
54.9888
55.5402
55.5927
55.1661
55.1329
55.6463
55.951
53.2207
52.8472
53.084
53.6499
53.8866
54.2873
54.4283
53.1789
53.8882
54.2327
54.0135
52.8204
52.5805
53.1048
53.5501
54.2454
54.9049
55.3299
55.4305
55.3014
54.4146
54.0236
54.2597
54.0125
54.4497
54.8877
55.179
55.2841
55.6447
53.6386
53.7235
54.183
54.7573
54.3779
54.4395
55.0304
55.4299
55.846
53.2436
53.5574
54.4922
54.6307
54.8447
54.2599
53.884
54.0275
53.946
53.9073
54.7577
