49.2194
51.1993
51.9703
52.3276
52.7984
53.0339
50.9453
51.2276
51.8871
52.0937
48.8825
49.4135
49.8574
50.3562
50.5665
50.9215
51.522
51.5476
51.7303
50.8461
50.4166
50.871
51.0935
51.2079
51.7685
52.007
48.7977
48.6841
49.2778
49.7237
50.0765
50.9099
50.3129
50.8673
50.5524
50.7915
49.5711
51.6115
51.9579
52.2261
52.7452
53.0945
53.1559
49.6106
49.8266
49.4792
49.5642
49.7649
50.119
50.3463
50.4944
50.8691
49.6891
50.0481
50.4942
50.0684
50.6565
51.1297
51.6823
52.0289
49.5936
49.4426
50.2742
50.7184
51.1519
51.2562
51.9235
50.7403
49.1718
49.7544
50.2767
50.6253
51.0457
51.5763
51.7359
49.3569
49.5857
49.6971
50.0998
49.7151
50.8446
50.7454
50.0809
50.5281
50.8839
51.5045
52.0205
52.3994
53.0115
53.2682
53.3249
49.4607
49.0916
50.0582
50.3909
49.9988
50.6756
51.0386
51.522
51.8067
52.2948
51.4235
51.7523
51.9104
50.8153
49.638
50.3043
50.1075
50.0036
50.1382
50.5117
50.9766
51.3809
51.8991
52.6085
50.5751
51.0631
51.3296
50.8981
51.2529
51.4629
51.8884
52.1601
52.2703
52.5485
50.3277
50.4656
49.572
49.3102
49.3924
49.9136
50.4786
50.9901
51.0758
51.518
51.9604
52.2187
52.6414
53.056
51.0722
50.6464
50.0475
49.3436
48.6677
50.0662
50.7562
51.1553
51.5211
51.9254
52.6004
51.3288
52.1158
51.1863
50.6586
50.5428
49.7856
50.0559
