54.6951
54.7828
55.4506
55.5065
55.264
55.1744
55.9386
56.2154
56.721
57.1664
57.5417
56.7083
56.4856
56.705
56.9038
57.127
54.7636
54.3773
54.8991
55.1749
55.4825
56.2807
55.6827
54.6966
55.6332
55.4686
55.8587
56.5782
55.786
54.3433
54.3032
55.1686
55.7771
56.651
56.9931
54.0537
54.9204
56.0197
55.8354
56.0094
56.3947
56.772
56.7583
57.1162
57.2067
57.3417
52.4742
52.647
52.945
53.8576
54.4122
55.0719
55.8551
55.1389
55.5265
55.9577
56.2419
56.637
56.8239
57.0248
55.845
55.417
55.3804
55.7456
56.0074
56.0953
56.5817
54.0547
54.3999
55.0335
55.8471
56.5617
55.3688
55.9037
55.3607
55.3722
55.7526
55.5816
56.4818
56.18
55.0119
54.6856
54.6453
55.2228
55.8484
56.5609
57.0133
57.2421
54.5819
55.537
56.0891
56.4728
57.2316
57.6972
54.9591
55.0759
55.7406
56.2784
56.6738
56.962
56.3915
54.3305
54.229
55.0156
55.5545
56.2379
55.8524
54.8776
54.2704
54.9215
55.8064
56.4041
55.4817
55.3528
55.6127
56.0632
56.7228
57.0011
55.6111
54.1667
54.952
54.7636
54.7875
55.0318
55.1935
55.5419
55.7439
56.0693
56.4213
54.9025
54.175
55.1116
53.8041
54.5249
