61.2382
61.3659
60.9343
61.4409
61.479
61.6072
62.1214
62.3711
59.4565
61.478
60.5931
60.2607
60.7226
60.8698
61.5713
62.0703
62.7998
61.7452
62.0417
61.8473
61.5736
62.3578
62.8038
63.0817
60.8054
60.1306
60.6882
61.9169
62.1026
62.6476
63.0201
63.2438
61.2602
61.3956
61.8775
62.3257
62.6654
63.1419
60.4498
61.0512
61.1736
61.5508
61.8069
62.4908
60.4999
60.6328
61.6995
61.0149
60.5455
60.9589
61.0601
61.5341
62.1852
62.4185
62.6927
61.3662
61.9143
61.4154
61.1667
60.7986
61.2269
61.1276
61.7853
62.0032
62.3791
62.633
59.6726
60.4903
60.2926
60.896
60.1388
60.4112
60.898
61.4413
62.2174
62.6493
62.8748
62.0631
62.4059
61.9865
61.556
61.8079
62.1911
62.6661
63.0298
60.5302
59.5431
60.4383
61.43
61.5707
61.4223
61.9267
61.9508
62.631
61.6627
60.631
61.9714
60.4067
61.5103
61.8996
61.4164
61.4524
62.171
62.2234
62.8408
63.1839
63.6084
63.8335
61.7321
61.4147
61.0928
60.8244
61.0107
61.1402
61.0248
61.3113
61.8324
62.4229
62.7657
61.8326
62.9308
62.3969
62.9615
63.4694
63.6228
63.9098
59.6266
59.6805
61.2185
61.1803
61.4062
61.6922
61.9794
61.8655
62.1202
