51.9076
51.0077
50.5451
50.9541
51.2916
51.7643
52.2893
52.3959
49.7254
49.7424
50.4804
51.0297
51.2974
51.9726
51.0132
51.2047
51.83
52.1094
52.4186
49.6077
49.4516
49.9968
50.6275
50.9017
51.3239
51.7215
49.7159
50.5275
50.0356
50.5524
50.8878
51.3695
51.9378
52.5928
49.8201
49.6995
50.1208
50.523
50.7914
51.3461
51.676
50.1913
49.2273
49.1088
50.2581
50.2596
50.3219
49.6738
49.3908
48.9546
49.6208
50.7785
51.1613
51.9372
52.2943
52.5016
50.4234
50.1265
49.9299
51.2744
51.7731
52.3837
52.4646
49.4004
49.8305
49.9782
50.4295
51.2225
51.5924
52.2511
51.0346
50.5978
50.3463
51.039
51.5262
51.2983
50.7773
51.4594
51.6769
51.8587
52.3741
51.056
51.5816
50.8369
50.9477
50.166
51.1092
50.1684
50.9692
51.3093
51.8271
52.0779
52.5081
52.0412
49.3242
50.7974
50.6944
51.3401
51.8191
52.2532
52.4295
49.8221
49.5654
50.3474
50.9366
51.2606
51.5955
52.1931
52.6123
50.0935
49.1105
50.9745
51.4649
51.6786
52.1898
52.6478
52.9719
53.16
53.6453
50.7021
51.0165
50.4861
51.193
51.7076
51.955
52.4358
49.8793
50.5024
51.2926
51.748
51.5168
51.9762
52.4926
52.7398
53.0054
53.0397
52.9999
50.6602
50.8986
50.4733
50.816
51.2252
51.7237
51.954
52.2501
49.8823
50.1906
49.2427
50.8271
