63.7862
62.0889
62.0371
61.315
61.8391
62.2517
62.4378
62.4818
62.9671
63.2818
63.375
63.6164
64.4694
61.3579
62.0757
60.1935
61.6277
61.5883
60.6468
61.8896
62.4988
62.8662
63.244
63.6264
64.2102
63.9547
63.1503
63.452
63.8136
64.1402
64.3367
61.1216
61.2579
60.9814
61.4358
61.7849
62.3575
62.7956
61.0915
61.6433
62.4936
63.305
63.7758
64.199
61.2564
60.8526
61.3514
61.5629
62.0329
62.5487
62.8621
62.2077
62.536
61.0403
61.9768
62.6236
63.2339
63.9397
61.6008
62.2781
62.2261
62.499
61.6204
61.7785
61.592
61.3973
61.7949
61.935
60.4683
62.287
62.5794
61.8111
62.2409
61.601
61.6242
62.4023
62.7687
63.1076
61.6372
59.6697
61.7479
62.2274
62.5526
63.2839
63.7012
62.514
62.3919
62.0563
62.5395
63.0221
63.8209
64.0537
61.2649
62.3292
62.2726
62.9186
62.9847
62.6544
63.373
63.8751
64.174
64.025
63.1631
62.5287
61.5799
60.8094
61.762
61.9214
62.4522
62.2872
62.3942
62.7559
63.2416
63.5138
64.1459
64.4352
63.3829
62.5382
61.9025
62.665
62.6885
63.2577
63.5884
59.3671
61.3189
61.9491
62.614
62.9285
63.5089
64.1018
64.2578
60.9516
61.5372
62.0433
62.7637
