23.1918
24.855
27.1795
27.4695
26.5796
26.441
24.4189
22.251
23.4473
26.1916
26.4257
27.6094
28.7481
24.7322
24.4351
25.7418
27.2041
26.863
28.032
28.9305
29.7573
22.5288
24.1779
25.3522
27.762
27.235
28.6973
30.1557
22.4266
22.298
23.5595
25.2623
26.5898
26.5192
25.1679
22.853
24.1991
27.6135
28.833
28.3164
28.1788
29.9289
21.5933
23.2344
26.2595
27.2067
25.2392
26.3729
24.3947
26.5061
28.5076
21.4363
25.7197
28.4287
24.6023
24.3937
27.0515
26.9264
27.3212
28.1202
23.727
23.8036
22.4984
24.7342
27.1899
