28.6204
23.6492
26.3618
25.796
24.4317
26.5749
29.0898
26.3819
27.7642
22.9085
25.7084
24.8253
27.7092
27.7462
28.351
24.6651
24.9869
27.1645
28.9788
25.8043
27.0624
29.2897
24.8959
25.5702
27.0612
27.1763
28.1423
24.3696
23.1098
25.2078
26.8408
27.1364
22.4243
25.3685
23.6906
24.503
27.3327
28.3984
25.7924
24.1199
26.8683
28.4843
20.9187
25.9952
25.4128
26.4445
27.7235
27.6201
24.2159
24.3059
26.4917
24.1948
24.6016
26.0957
25.8369
24.9154
25.2882
28.1587
24.423
27.6746
29.6823
25.9237
26.9349
29.5908
24.2926
23.5001
26.5701
25.2611
