26.7868
26.2317
27.5609
23.5923
27.8031
23.1512
25.5234
27.3253
29.4592
25.002
24.971
26.3412
29.0183
25.5991
26.966
26.0188
27.1654
28.14
26.5917
24.2583
24.2632
25.5619
27.0659
29.1037
29.9393
24.1037
23.5796
26.0913
27.4806
27.4404
26.7382
21.4476
22.7166
24.3226
25.429
26.7507
29.6335
24.391
25.7325
26.6998
28.0326
26.3154
21.2383
23.8091
25.1143
25.2449
26.3203
27.3343
28.9937
24.2304
25.0083
20.2776
24.8235
25.8527
28.0093
28.7025
27.3386
18.3968
23.8508
25.4458
26.9684
27.1491
27.931
24.1233
24.8612
27.4561
26.3115
26.3716
