20.2773
23.5023
23.6864
24.2596
27.353
28.9059
30.3792
24.7249
23.2466
26.2717
29.7992
28.7807
28.0945
30.2071
21.9276
24.3646
28.642
27.3727
27.3926
29.5882
18.122
23.4371
26.9381
28.9982
26.8192
27.2227
26.4041
23.4137
26.2787
25.1064
25.136
25.7846
23.93
21.3454
22.5578
25.0377
25.2377
24.9978
26.7332
29.0081
23.6185
24.8682
23.1522
27.5825
27.2595
29.5465
23.4562
24.4789
25.6188
26.7073
26.4677
26.5204
29.8475
23.1105
24.691
27.1768
25.3972
25.8099
25.6587
24.2362
26.5497
27.952
27.2589
26.0875
26.3459
24.842
26.4821
28.0157
24.8127
24.6726
