24.926
25.3
26.7169
22.2558
26.6378
25.4238
26.1889
27.263
29.4522
26.0479
26.0099
27.0424
24.1575
24.5277
26.0696
28.0958
26.0363
26.2991
28.6387
25.7055
24.277
26.0097
27.5428
28.268
29.1696
24.1779
23.5228
24.9866
26.4407
26.5942
24.121
25.9818
28.0979
17.8846
21.8776
25.2578
26.846
25.0604
27.0978
29.0262
22.4168
24.6276
26.8367
28.6806
29.1122
26.4322
23.5929
24.7489
27.6235
25.4029
26.3849
28.1343
29.9464
21.594
23.109
24.2932
25.344
26.0527
27.2065
30.3736
23.6638
26.6355
26.206
25.3597
26.8139
25.4623
23.9922
22.988
24.2039
25.8405
27.6731
28.2609
