25.818
25.0998
26.8953
28.2357
27.227
25.0551
23.5183
23.7337
24.6964
27.5748
27.6232
27.9474
29.106
30.3713
22.8825
23.3605
26.4319
27.1963
27.5147
29.7457
21.3858
23.985
27.7033
27.9699
27.1773
29.1377
22.5439
24.0889
26.8472
26.5498
27.7457
27.7063
22.3864
24.3452
25.985
27.6472
27.7375
26.6369
22.7968
25.4396
25.5137
26.5414
26.6696
28.288
24.021
21.7753
24.5808
27.0333
24.4688
27.3287
25.3236
24.8587
25.7569
27.4345
28.0913
25.0841
23.393
25.5739
27.835
26.5376
28.4387
27.5423
21.7407
24.4003
26.9447
28.0557
26.3816
21.5511
27.4426
