30.0262
20.55
21.4595
25.4514
27.8839
28.5211
28.8279
28.7836
22.0302
24.0852
25.2203
28.5831
27.0637
27.1767
28.0673
21.986
24.4718
27.5082
26.6229
25.1847
23.4961
22.0305
24.8485
26.5431
25.0111
24.9577
28.1678
22.4952
23.8746
26.2163
28.1676
27.2843
29.5023
21.1695
23.3464
26.1453
28.6468
22.9872
26.6503
29.4122
21.1427
22.7028
24.975
27.8696
27.1434
26.4473
29.631
30.2221
21.6634
23.9902
25.2566
26.0605
26.8617
25.7593
24.102
24.8444
25.9025
25.9853
26.6393
28.037
22.3459
23.8075
26.6701
28.225
28.2744
26.8686
25.2878
27.4137
24.3472
24.6735
