22.919
23.8096
25.9264
26.1644
25.143
26.8895
22.2577
23.7991
25.277
27.2569
27.7116
29.2362
23.2756
25.707
28.2846
26.5685
26.2191
27.3934
23.5764
24.2065
26.223
26.0365
25.9587
28.173
22.0904
23.6267
23.1307
24.0622
26.5322
26.6163
27.8088
29.8201
23.8762
23.3584
25.1788
26.4971
28.1076
29.7423
20.8833
25.7411
28.2659
23.3858
27.0598
27.5532
26.5948
23.9482
25.2663
26.7377
21.0746
25.5477
26.9299
21.9534
22.5922
24.5845
24.8841
25.6981
27.1043
25.9504
25.5247
25.0009
25.624
27.0327
28.1023
24.948
25.2143
25.8051
27.4796
