25.6857
23.7858
26.0467
26.7878
29.2204
22.4523
26.0323
29.1044
30.3527
26.5763
25.8513
25.6618
25.106
26.7616
25.6139
23.5477
24.3107
24.0543
25.8414
26.9726
23.6713
25.2201
27.9214
29.5376
20.3499
24.4451
26.5028
26.1791
27.3712
27.3141
26.5792
28.0469
23.0096
24.5102
27.1699
29.3825
26.7345
24.4366
27.3986
28.3739
22.4172
25.0978
28.4267
23.1101
26.4157
29.6934
21.184
25.6871
26.9554
26.967
27.3802
26.1396
25.3001
24.9066
26.0721
27.6515
28.9845
31.1431
23.5835
25.7933
27.6436
24.6474
25.8039
27.9983
25.0036
24.7389
23.5317
24.5118
26.5372
27.6925
23.5149
