22.0173
22.6207
23.8585
26.3368
28.5462
28.3498
29.2943
30.6392
21.4214
24.4925
27.0255
25.5135
25.2229
24.5213
25.7612
27.5896
24.7651
25.8469
28.5658
23.5244
24.4331
26.7703
27.2788
28.1049
24.6402
23.6861
23.529
26.1376
19.9785
25.5861
26.3407
27.873
29.1905
25.1827
27.0601
29.0094
25.252
25.5931
26.9725
27.0447
27.6429
24.7074
24.0193
24.6662
26.3431
27.3635
27.4342
27.885
29.5071
24.8847
25.3089
28.5452
28.1966
29.4203
20.5628
18.0846
24.1224
27.1858
28.6888
28.5957
29.9287
22.9813
23.4418
25.4865
27.9308
25.4826
26.0673
27.5934
24.2712
24.1928
26.233
28.2414
27.9118
