21.9279
22.3661
22.9158
23.456
24.193
25.8705
28.2244
27.1365
24.1027
25.774
27.3164
28.6183
25.3084
24.004
25.2975
24.9952
26.6642
27.6473
24.3473
25.0236
18.5424
23.3971
25.3888
26.4746
27.6422
29.1907
24.4063
22.956
25.0857
26.0765
26.8427
27.8202
25.7829
23.5007
26.5779
25.6753
26.051
26.9216
25.2839
19.6761
23.7348
26.8007
27.5708
29.0496
26.5316
24.4715
23.867
26.7549
28.3314
25.5541
26.9577
24.8235
25.5149
24.0162
25.8895
28.5402
29.6461
26.0785
24.0595
24.9461
27.1157
28.8304
28.8276
24.0767
23.6018
23.4808
20.7004
24.0556
24.7259
25.3961
