27.8468
25.8047
23.0353
26.3961
25.521
26.5704
26.6595
24.2055
22.8384
22.0544
24.9019
27.0133
24.3551
26.5679
24.2918
25.0472
25.3489
26.8088
28.0355
23.7205
23.4361
24.8298
27.5245
26.5198
27.7057
27.4208
24.466
23.0934
26.2994
27.5308
25.9586
26.3053
27.144
28.6076
22.2428
24.7056
26.7392
25.087
25.5281
26.6123
29.1215
21.5546
23.4975
25.2891
28.1053
25.3846
23.5462
27.9314
28.8714
29.9243
19.2985
24.3828
27.311
27.0163
28.4791
24.0051
23.1415
23.9262
25.2552
27.3759
28.5666
26.9819
28.2179
29.5512
23.9774
25.1543
27.5536
27.7754
28.4133
26.1795
23.0668
23.8575
26.5059
27.1817
