95.1625
95.4885
96.1391
95.22
93.2372
92.994
93.7237
94.372
95.5288
96.8202
96.8878
96.8963
95.1139
92.3246
94.5578
95.59
92.5446
93.4042
92.6284
94.4702
94.8195
96.0478
96.5626
97.4234
97.1361
92.1407
91.8821
91.194
93.5602
93.239
94.4449
96.7812
96.462
96.0253
96.7743
97.823
91.1766
91.8844
92.3173
93.7663
95.1741
96.0088
95.0445
94.8553
96.4471
97.1078
98.0086
89.4213
91.3936
92.2023
93.2536
94.7309
95.9052
94.8691
95.4248
96.034
95.2454
92.1257
92.0244
93.104
93.8351
95.126
93.9372
93.7019
95.4653
95.9369
96.7312
92.4788
92.2116
92.6748
92.5439
93.4996
94.4721
94.8383
96.7653
96.9606
93.8157
91.5919
92.4789
93.1686
93.3315
93.8391
94.2677
94.7567
95.2101
96.1088
90.7733
92.7452
91.0457
92.9065
93.8416
94.8088
95.5764
96.3368
95.2875
94.2514
95.3133
94.2314
92.1311
92.9752
93.7532
95.0086
95.7552
96.3654
94.6149
94.0075
94.0757
94.1544
93.0621
90.6435
93.1582
93.948
94.4405
