70.3409
70.4293
64.1959
64.9664
65.2387
66.2315
66.9839
67.9209
68.706
67.1668
68.6108
68.1671
66.8053
65.4689
65.366
66.4506
67.3755
68.4314
69.4639
68.1773
68.8091
68.3102
67.4979
67.2487
66.9908
67.8877
68.6493
69.0809
67.4536
67.3348
66.8083
67.554
67.5794
67.0944
67.6516
68.3007
69.4714
66.8333
66.4636
67.5631
68.0663
68.6853
69.3564
65.2
66.245
66.8866
67.7121
67.915
68.9998
64.987
65.1372
65.495
67.1474
67.7041
68.8863
69.1821
65.7577
66.7651
67.3236
66.487
66.8833
67.4182
67.6853
68.4905
69.5793
66.629
64.3972
66.8079
66.5463
66.098
67.1073
68.2
68.8356
69.3985
69.7067
68.965
67.6544
65.9585
67.0913
66.8878
67.9517
68.8182
69.3755
69.5068
65.891
67.831
67.4661
65.6554
65.7985
66.5195
67.599
68.451
68.9989
66.679
68.5056
67.9934
65.6096
66.0938
67.2797
67.7998
67.9946
68.9622
67.2605
67.0992
67.0678
67.1375
66.8652
67.7975
69.1013
69.3895
