77.1377
77.0989
77.5116
74.749
75.7588
76.7592
73.3944
73.3594
75.5323
76.1261
76.2075
75.7374
76.2769
77.2293
77.4102
74.3313
75.0522
74.5034
74.345
74.2273
74.6848
75.0745
75.7518
76.7121
76.1479
76.7206
76.5159
76.9983
77.7738
78.2802
73.1721
73.1164
73.9841
74.185
74.3713
74.9517
75.3247
74.5236
76.3423
77.015
76.0056
75.4258
74.2642
74.5557
74.9092
75.8041
76.8876
73.8865
74.2829
74.4267
74.8573
74.6161
75.9888
73.8617
74.1753
74.7921
74.413
75.8982
74.1161
73.3365
72.9352
73.9279
74.9435
75.7916
76.725
76.736
76.5132
77.5464
78.2116
78.5795
70.6402
72.7164
73.2625
73.7234
73.9851
74.4763
75.6337
75.7114
76.9319
76.9799
73.3579
73.7111
72.6735
74.0906
74.8347
76.0515
77.0346
75.7222
76.1221
75.136
76.724
75.7961
73.7422
74.225
75.3242
76.3516
77.0396
75.0568
76.3143
75.8009
75.2052
75.7676
76.7442
77.3875
77.7527
73.4968
74.3316
75.0157
75.0688
