82.326
82.7707
83.6885
84.3973
84.9574
80.9471
80.7742
81.5959
81.6619
80.916
81.9121
81.3296
82.6083
83.4603
83.769
82.8049
82.7027
83.3047
83.7834
84.7238
81.9367
81.1904
81.2975
80.3978
82.3704
83.6178
84.4498
85.107
82.156
83.1456
82.9494
82.5925
82.7385
83.5159
84.5805
85.3256
83.3224
81.8958
81.7174
82.7917
83.7755
82.3363
83.8071
83.6556
83.5654
83.4318
82.9055
82.1222
82.0841
83.2872
83.7022
82.1527
82.5634
83.6471
83.6296
83.5363
82.9343
82.448
82.9384
84.0074
84.8466
82.4958
81.8367
82.565
82.5256
82.5455
82.1734
83.1272
83.5758
84.0105
84.6502
82.9467
81.9574
80.9289
80.5446
80.5831
81.5571
82.0169
82.6513
81.4373
82.2876
83.2078
84.1514
84.9149
80.235
82.1564
82.6006
83.1274
84.0676
82.9296
84.0451
84.7865
82.8213
82.5307
82.6473
82.1761
83.3171
84.0178
84.8098
83.2265
83.2986
83.0364
83.2447
83.3463
84.1325
84.2071
84.6928
82.6023
82.4826
81.2367
81.1783
82.4619
