23.71
24.189
25.7686
26.4013
25.6904
26.5786
29.066
21.0522
22.4215
25.7694
25.2859
27.2003
27.3218
27.1358
27.9381
23.6792
25.5933
27.9061
30.1796
26.5315
25.7711
27.4936
28.8523
23.0429
25.3738
28.9076
25.1223
26.1607
29.6268
22.2093
25.9555
26.9139
26.278
27.2573
26.2645
25.7434
25.0122
26.0721
27.8882
29.2233
30.642
23.8187
24.0361
25.8873
24.008
22.4841
25.6104
27.4284
26.2849
24.9534
24.6623
23.7438
23.8424
26.2484
27.6579
25.0576
25.4154
26.2001
28.7804
24.9215
25.5423
26.4318
24.7603
26.9772
23.3953
25.9974
26.5526
28.9445
29.7236
21.688
24.1126
23.2599
