25.8561
27.1714
29.3524
23.7946
24.9666
27.0775
28.1312
22.7841
24.8153
24.8558
26.2274
27.6126
24.2758
26.0076
29.2639
25.5167
24.8902
27.8945
29.7658
20.4007
26.0674
24.6583
26.0179
27.3814
29.2707
25.8935
26.6123
25.7662
26.1971
25.6921
27.8341
29.7063
25.7948
25.7776
25.4904
24.9774
26.2813
28.5372
26.2593
23.6239
26.3334
26.256
27.4371
28.6215
23.5522
19.7679
24.3207
26.2449
24.2608
25.9804
23.6633
25.4472
25.7587
27.4963
23.3194
23.1718
26.6571
26.2326
26.3809
23.4164
26.5493
25.6248
24.2721
23.1357
26.0799
27.2068
