25.3375
27.6585
19.8425
24.4976
26.5748
28.7705
21.75
25.44
28.5205
29.8733
24.1181
26.0396
28.2649
22.389
25.6231
26.8502
28.9556
24.7971
26.7889
28.426
29.7302
23.2516
25.6772
25.6958
26.7413
27.7522
26.1114
26.6847
24.5789
26.5155
26.0541
27.3397
27.5898
22.844
19.1275
24.7471
28.0792
28.2448
25.6258
26.9291
23.7712
25.8174
27.1291
23.9863
25.7816
27.4355
19.2254
24.0858
26.4114
24.8755
25.5707
25.9724
26.1926
27.976
25.0503
25.3295
26.2399
26.9645
26.8819
28.3202
23.0088
22.7953
24.1941
25.1728
26.1474
27.629
23.0343
24.2592
24.3602
26.0275
27.2352
26.1823
