29.8151
23.287
25.2053
27.0437
24.697
25.4858
24.2736
25.6196
27.3713
25.403
27.1394
27.0524
24.6762
26.2372
27.8824
20.911
24.5653
24.223
25.3575
26.7035
22.6802
26.8966
25.4228
26.5518
28.248
29.8194
26.127
26.1488
26.3554
27.136
27.4939
25.3918
24.387
26.5349
28.1685
23.8286
26.6108
27.2444
29.6546
23.2367
25.3859
26.3044
27.9868
27.8929
29.849
23.8672
24.314
26.1273
26.586
24.2625
26.5954
26.5309
20.5492
24.1777
25.686
26.1217
24.9864
28.4767
22.5031
24.1933
25.5719
28.2799
28.8601
25.4356
26.2288
23.9579
27.071
22.4249
26.6168
