62.0662
60.9033
61.4749
61.5658
62.0603
62.3021
62.6836
61.9574
61.8473
60.7936
60.9201
60.4599
60.5697
61.7543
60.897
60.9127
61.1174
61.2911
61.6684
61.8989
62.288
62.0889
62.0194
62.2978
62.7642
63.1873
63.5703
61.355
60.3843
61.2104
61.5128
62.0152
62.3549
62.6029
61.062
62.1748
62.2136
63.0099
63.494
63.9619
61.244
59.8122
59.918
60.8218
62.2907
61.9815
62.5203
63.2647
63.5578
63.6423
60.3371
62.3353
62.565
63.0499
61.0369
60.4675
60.8479
61.4354
61.5587
62.089
62.89
60.7072
61.1985
62.1082
62.1385
62.7721
63.4129
64.0159
64.1102
59.3816
61.5136
62.0714
62.54
62.7766
62.0762
62.7674
63.2681
63.5762
62.2099
62.5436
63.059
63.5147
64.0401
64.0385
61.0528
61.4473
61.6371
62.1022
62.6673
62.9288
63.2187
63.6113
63.9289
64.1078
62.5277
61.5478
61.6588
62.0131
62.1797
62.6822
59.699
59.7543
60.1739
60.6877
61.72
62.7948
63.1939
63.4298
63.9217
62.1904
62.5052
62.4933
62.8277
63.1784
63.4869
59.6592
59.7825
60.3117
61.9998
62.7124
62.9709
63.485
63.7697
64.1178
62.1078
62.8553
61.8325
61.7344
61.0356
60.837
61.0261
61.0966
61.1861
61.2035
62.7065
63.2429
63.8009
64.0341
64.4474
61.9741
62.5086
62.0122
62.4306
62.6743
