62.2828
62.7066
63.4029
63.8976
61.7908
60.8695
60.461
61.5804
61.979
62.3402
62.708
62.548
62.3824
61.9637
61.9617
62.666
63.2602
63.9135
64.0978
60.0257
61.9829
62.499
61.8836
61.7885
61.607
61.0313
61.8055
61.9237
62.1669
62.2018
62.3457
62.1568
62.5275
62.2539
61.7296
62.0305
62.4508
63.012
61.7552
59.5954
61.575
62.0502
62.2703
62.6329
63.5727
61.5404
62.4974
62.0183
62.6285
63.1561
63.6262
64.0371
61.3387
62.1589
62.3095
62.357
62.9362
62.7148
63.1334
63.2361
63.6587
63.8005
64.3659
63.2616
62.7225
61.6672
60.7424
61.4883
61.8491
61.8925
62.2447
62.1681
62.4871
62.9828
63.4989
63.9043
64.4241
63.4483
62.6767
62.0395
62.6726
62.8055
63.4293
59.324
61.388
61.8642
62.3884
62.8937
63.6053
64.1645
61.8754
61.6723
62.2928
62.6445
62.9199
63.0956
63.4723
60.7282
61.3291
61.7812
62.3312
62.8306
63.0229
63.345
61.9465
61.2294
60.4362
62.0025
62.4158
62.3753
62.8708
63.4408
63.5136
61.9714
62.4607
62.6682
62.2515
61.7947
63.5052
62.3617
60.0905
61.505
62.173
61.954
61.9181
62.3444
62.7657
63.4181
64.3113
64.6089
61.805
62.7549
60.7656
59.7324
60.833
61.1213
61.3019
