47.9751
48.3046
49.3106
48.9959
49.4492
50.251
50.478
48.319
47.9195
48.8956
49.4177
49.6305
47.4343
46.3037
46.6611
47.3331
47.3935
48.4267
48.962
49.0311
48.7629
48.535
49.0769
49.5813
50.229
50.3234
49.1829
49.2206
47.7928
48.3755
48.8376
48.5712
48.9072
48.4886
48.7762
49.3928
49.4902
50.1758
47.3998
48.4832
47.8094
48.4859
48.9156
49.1824
49.3238
47.9739
48.2151
47.9363
48.6332
49.3242
49.6467
49.7252
48.9651
47.1393
47.9141
47.3918
48.9994
49.0679
49.1848
49.5571
49.7715
50.3868
50.9432
51.1909
47.2823
48.065
48.6024
47.91
48.3964
49.037
49.5882
49.0978
49.3822
49.7887
50.3386
49.8001
49.4794
49.1427
47.7369
46.5466
47.0663
48.0159
47.5791
48.1089
48.1388
48.8427
49.4992
49.8951
49.6422
50.2635
49.9365
48.0104
48.5973
49.2644
49.5181
50.0501
48.9427
48.4233
49.6482
49.4414
49.3365
49.4226
50.1371
50.3064
49.5835
49.1555
48.7594
49.5536
50.0137
50.3513
50.6055
49.1013
49.4176
49.7337
49.6928
49.2781
49.6053
48.8149
49.2711
48.5609
49.2915
49.9472
50.5767
51.0613
51.1056
48.9168
49.2716
49.3468
49.5129
49.6789
48.2269
48.1245
48.5218
48.8695
49.4023
