66.3458
66.9964
67.7708
65.3123
66.1246
66.6672
66.9119
64.6635
65.7949
66.2114
66.3595
66.7807
67.0463
67.152
66.9731
67.4832
67.8889
68.2356
65.3254
64.3216
64.6115
65.1703
66
66.6266
66.3156
66.7586
66.5419
66.7932
67.3494
67.6659
68.0208
65.6179
64.7529
63.9369
64.9529
65.5236
65.7838
66.3643
65.8437
65.2537
65.0932
66.3397
66.9862
67.8044
68.1689
68.4893
68.5681
64.4603
63.9056
64.5447
65.4223
63.525
65.9751
66.9417
67.1278
67.1652
67.7154
68.0981
68.3393
68.4896
63.7923
64.9046
64.9352
65.2068
64.1818
65.5842
66.2272
67.2417
66.8711
67.5175
67.8519
68.4715
68.6511
64.1993
64.8292
64.6365
64.4231
64.5021
65.4367
65.3186
66.0694
66.2435
67.1086
67.7449
68.1227
68.327
65.777
64.1114
64.7503
64.0274
64.4071
65.5393
65.0333
65.9954
66.508
66.7166
67.1817
67.5253
67.8481
66.6818
65.6712
64.0676
65.4349
65.4744
65.8672
66.2495
66.5511
62.8058
65.164
65.4671
65.9348
66.7506
67.3807
67.7721
66.4277
65.4334
65.8035
65.8462
66.2004
66.8031
65.5128
65.6872
65.2356
65.846
66.0912
66.6775
66.8853
67.2857
67.4422
68.0258
65.7312
66.0084
66.4877
66.5468
