58.7151
58.9569
59.5309
59.5814
59.5851
59.9853
53.2359
55.711
56.4394
57.203
58.0583
58.6398
58.913
59.0802
59.7007
59.1616
56.4939
57.2545
55.6316
56.0745
56.3121
57.0293
57.4191
58.3738
58.249
58.5608
58.7729
58.6149
58.7205
56.4893
56.6729
56.9012
57.6058
58.1226
58.6208
58.1195
58.8986
59.344
59.6746
57.9627
57.791
58.1274
58.4696
58.6596
58.9844
59.2843
55.4187
56.1869
56.5763
56.9788
57.3775
57.8914
58.4859
56.6386
56.0381
57.5969
58.2046
59.059
57.5601
58.248
58.2015
58.63
59.2213
59.7836
56.4954
56.6674
57.1467
57.7112
58.2337
58.1765
55.4596
56.296
56.7381
56.226
57.4783
57.7262
56.9517
56.9803
57.1724
55.7014
57.2856
57.5512
58.1179
58.572
59.0231
59.3383
59.7441
57.7333
57.1813
57.5947
57.3102
55.978
56.7373
56.8847
57.2832
57.5914
57.8639
57.7961
57.0036
58.6806
58.1641
58.8376
59.3675
59.4766
59.7271
59.964
57.086
57.1022
57.4743
57.7154
58.2752
58.8489
57.5667
57.8494
58.1835
58.9163
59.2322
59.8699
60.0029
56.2901
56.934
57.1334
57.7201
58.0447
58.3693
57.1134
56.6672
56.8793
58.4868
58.3516
58.6589
59.1612
59.4191
59.756
59.9087
60.1209
56.7964
57.485
57.4984
57.7716
