54.7536
54.9693
55.035
54.7746
54.1924
53.6216
54.4051
54.5908
55.0237
53.8864
53.6873
54.6212
53.8372
53.7202
53.8428
53.4115
53.8684
54.0657
54.2606
54.7065
52.9778
52.6405
52.9739
53.7427
54.2079
54.8348
55.3021
52.6438
54.0441
54.2649
54.4313
55.0745
55.6039
55.9101
54.6657
54.4494
54.4289
53.681
54.0524
54.5808
54.8671
55.0944
53.166
53.6834
53.6255
54.1003
54.5001
55.0763
55.5176
53.9142
53.5621
53.8048
53.8562
54.1966
54.7076
55.2685
53.76
53.5233
54.2013
54.1114
54.874
55.3004
55.4781
55.6402
53.3234
53.4472
54.083
54.5353
54.7334
55.3284
53.9632
52.8002
53.5865
53.5441
53.3468
53.8456
55.3847
55.5231
55.8502
56.0728
56.3981
53.3118
54.2639
54.601
54.966
55.0689
52.1707
51.9852
52.6267
53.016
53.4637
53.9997
54.5263
55.1209
55.1856
55.715
53.7412
53.9361
53.4663
52.8381
53.8044
52.8035
53.0559
53.8265
54.3099
54.8477
55.3931
54.8154
54.0858
54.2444
54.185
54.6616
55.2854
55.7608
56.0691
56.3831
53.6748
54.218
54.1065
54.4725
54.9711
54.8189
55.6671
55.7254
56.2336
54.1697
54.8268
54.7184
54.6618
52.1321
53.6477
52.5094
52.4529
53.7925
54.5778
54.8878
55.4023
56.0384
56.25
54.0555
53.3831
53.313
52.9297
53.5889
53.7943
54.2811
