65.2157
64.6442
65.2306
65.6043
66.2327
66.9569
67.3848
67.1925
67.7341
65.5874
66.366
66.4141
66.8652
67.3643
67.8876
68.2514
65.5789
65.1264
65.874
66.3648
66.8085
67.2538
67.6947
65.6979
65.1811
65.7364
66.1525
66.017
66.9422
65.9139
64.5679
65.1185
65.5301
66.0531
66.7893
66.9736
66.3768
65.7837
65.9082
66.312
66.8431
67.0692
67.3342
65.6917
65.3134
65.8236
66.6296
67.1224
67.7733
65.1245
65.6215
65.8504
66.16
66.7221
66.838
67.4394
68.1175
68.3674
68.5459
68.7672
65.8412
65.4012
64.7928
66.3328
65.4552
66.143
66.6985
66.9544
67.4238
67.7506
67.1367
67.831
67.898
67.9452
68.355
68.5191
68.8119
68.9268
64.4472
64.4065
64.6823
65.1495
65.7972
65.1683
67.21
67.3724
67.9679
68.0613
68.431
68.7867
68.8748
64.1056
64.0942
64.4305
64.9335
65.2673
65.4587
65.9904
66.059
65.9963
66.2417
66.2299
67.5314
67.7111
68.2253
68.294
68.6851
64.7534
64.6101
64.601
64.8844
65.1484
65.2866
66.0154
66.5876
67.1574
66.5994
67.1079
67.4158
67.9463
68.3205
68.7065
68.9249
69.0312
64.7051
64.7787
65.0188
65.5475
65.5346
65.2338
65.4615
65.9186
66.4234
67.1583
67.7021
68.3177
67.9674
66.672
65.4871
65.3232
65.5752
65.9507
66.4375
66.8043
64.1751
65.5343
66.1576
66.2543
66.4332
67.1982
67.3264
67.7874
68.0649
65.3371
64.3571
64.6715
64.6825
