50.6988
51.3682
52.1146
52.758
53.413
54.0051
54.5753
52.8774
52.6439
53.1817
53.3865
53.6113
54.0624
53.169
53.5157
50.2309
51.1706
51.5512
52.0532
52.5329
52.8453
51.9393
52.1963
52.9328
53.6724
53.9212
53.531
53.9248
54.0821
54.4158
54.9287
55.007
55.3163
51.2952
52.2778
52.1025
52.025
52.0946
52.3896
52.7131
53.1093
53.0753
53.485
53.8371
54.282
54.6385
53.1893
50.9793
51.427
51.9055
50.8822
51.6592
51.7237
52.3452
52.5833
52.6969
52.6574
52.8767
53.5368
53.9856
54.4746
52.3953
51.6574
52.0116
52.5407
53.1781
53.7084
54.2443
53.9613
54.0544
53.7181
53.8386
54.0054
54.2551
54.6693
52.3297
51.7963
52.453
52.7959
53.5491
54.3739
53.3254
53.3775
53.7459
54.1303
54.5367
54.933
55.3898
50.9094
50.4817
51.9986
52.6262
52.8278
53.6276
50.9516
52.7595
52.7456
53.2115
53.8397
54.1971
54.6682
51.5654
52.1121
51.9516
52.3828
52.4104
53.1885
53.557
51.7895
51.9085
53.0993
53.4209
53.7957
54.2066
55.0042
55.2716
51.7237
52.2333
52.7182
53.3724
53.6945
53.1365
52.7607
53.259
53.5743
54.074
53.9716
54.4433
54.515
53.6431
52.0428
52.2967
52.3991
52.8031
53.1594
53.7427
53.9984
52.311
52.2306
52.7135
