59.3348
58.796
59.5577
58.8713
58.4501
58.3452
58.7587
58.0435
58.8275
59.3704
59.7656
60.1802
58.6486
57.5451
58.1578
58.2735
57.7836
57.0205
57.526
56.6176
58.2574
57.7696
58.3692
58.3598
59.786
59.7002
58.6229
58.9957
58.6329
58.48
59.0673
59.2987
59.7336
60.2323
60.4369
57.8016
58.054
58.6974
59.3975
60.3454
60.6811
56.4655
58.4955
59.052
59.1757
59.6559
60.3534
60.5428
57.6002
56.2079
57.947
58.6396
58.8943
59.3633
59.7563
60.291
57.0025
58.1068
58.4566
59.2508
58.8856
59.3619
57.99
58.4964
58.9725
59.5552
59.8755
59.3836
59.8515
58.545
57.7916
58.2063
59.0202
59.0148
59.4202
59.5948
60.1127
60.5635
60.5928
57.2389
58.6702
57.6436
58.1797
57.7999
57.9914
58.5141
58.7779
59.2564
58.1198
58.6015
58.8847
59.2289
59.5229
59.6167
58.9631
59.3324
59.5533
59.4496
59.9123
60.0584
57.286
58.0574
58.5664
58.0114
58.1778
58.5566
58.9668
59.3742
59.5594
60.362
60.7489
58.8938
58.4928
59.1743
59.7541
56.9982
57.6367
58.7393
58.9365
59.7657
60.1364
60.5947
60.6502
61.1458
61.2949
58.3326
58.1526
58.1991
58.7034
59.2628
59.8019
59.0518
58.8253
59.2386
59.3388
59.845
60.4629
60.7922
61.1343
61.2979
58.1211
57.7781
58.0674
57.7992
58.1353
