64.5134
65.2601
65.2474
65.8504
66.5392
66.8708
65.0409
65.7036
65.9963
66.338
66.721
67.0788
67.171
63.4786
63.9826
64.3814
64.7927
65.0719
65.4953
66.1428
66.4994
64.4028
64.8499
65.2537
65.9141
66.2039
66.7195
64.2432
63.5573
62.8297
63.828
63.9014
64.7303
65.1792
64.8299
64.5043
64.5046
64.7589
65.112
65.6054
65.975
66.4621
65.3168
64.5123
64.2428
64.2177
64.9086
65.3744
65.9725
66.3185
65.4535
65.0229
64.8932
66.2857
66.6645
67.0585
67.4996
63.9547
62.8845
64.4278
63.0369
65.455
65.7247
66.4749
65.3315
65.5682
65.9005
66.4083
67.0239
67.3106
65.3482
64.7135
62.4711
64.3178
65.0451
65.6383
65.9329
66.077
66.3357
66.6235
66.9808
67.3792
65.3006
63.1479
63.8856
64.3158
64.7613
65.2274
65.6525
66.0594
64.6239
64.655
65.0897
65.5728
66.0189
66.373
66.6926
61.8046
63.1359
63.8873
64.8672
65.4256
65.4156
65.4834
65.6211
65.877
66.4041
66.6114
66.4136
66.9904
67.0974
67.4448
65.3691
63.9952
63.3753
63.5539
64.3996
63.7555
64.5887
63.5907
65.0647
65.5382
65.418
65.872
66.2806
66.1397
65.3092
64.2223
64.761
65.0714
65.5005
65.7845
62.2784
64.1128
63.9498
64.6367
65.2326
65.3088
64.9839
65.7174
65.9328
66.2943
66.8339
65.3877
65.9369
64.5999
65.5251
