28.9525
26.3079
26.0749
27.9961
25.6796
25.1241
23.2601
26.9466
22.9928
24.8859
25.8477
24.978
25.8971
21.7958
26.2592
28.4726
25.6571
25.4646
26.0943
25.1802
24.0588
24.7072
26.8605
25.4267
25.5908
25.219
27.9335
23.4273
25.6651
25.1084
25.4837
26.3003
25.3182
23.3638
24.2772
26.65
29.0304
26.4067
26.4598
28.8256
24.673
24.5087
27.157
28.8268
29.2309
21.8472
24.3687
24.1714
26.6733
28.2401
29.4013
23.4668
24.6014
23.0106
26.0247
28.1606
26.847
28.2743
29.7961
20.3284
23.1158
26.2826
28.0684
26.419
22.6837
23.4952
23.0165
23.1333
