29.644
23.8973
25.2122
23.3522
25.0421
26.8569
24.1945
25.454
25.1087
24.3028
24.4541
25.0736
23.5011
22.2675
22.49
24.3327
27.705
23.2007
25.2056
26.1933
25.2538
24.6508
26.4603
29.5052
24.1067
26.8828
26.4826
18.9108
25.1938
26.3119
28.1308
28.6593
29.593
25.6008
27.4834
23.3595
25.7458
27.6353
29.9285
24.8833
24.1574
26.2077
25.1537
25.8999
26.9988
28.7109
29.1783
22.8634
24.1774
25.176
26.7208
27.6215
25.7376
24.5136
25.6025
25.7351
28.0045
28.7086
26.1377
26.8364
28.8746
24.6213
25.5759
28.1053
28.5706
28.5198
21.3826
23.4285
26.2661
28.0025
27.1476
26.5161
24.9534
