24.3076
24.604
26.2094
28.5842
26.16
25.0875
24.4292
25.8991
28.5905
20.0585
26.9441
27.9638
22.9985
24.023
25.5503
25.9779
26.9341
27.6708
25.3477
22.6295
25.6412
22.8564
26.3912
27.726
28.7906
23.0049
23.6815
20.1882
25.9583
26.3443
27.3564
28.6937
29.9676
23.4513
22.8183
23.8069
26.0984
26.7495
28.9334
29.9467
23.4735
23.892
24.5681
26.6629
27.7506
27.673
26.7804
24.3261
24.7869
26.8813
28.7357
27.221
25.6165
23.6244
25.7162
27.4924
28.1557
27.2046
28.9516
21.8681
22.5273
24.3478
27.5657
29.0075
29.048
25.4918
21.3962
21.7614
22.4072
24.1196
24.7452
