24.4617
27.3149
28.5253
19.7784
25.6517
27.4015
29.6231
22.793
25.3301
28.3278
24.4587
25.4379
26.0978
25.0676
25.9488
21.2527
21.9216
21.6495
27.9232
26.0334
26.2391
27.5959
23.9746
24.0491
25.9382
27.5788
27.1752
27.5334
30.1036
22.294
24.9002
27.3265
28.9162
24.3252
26.3589
26.1949
22.2738
24.2393
25.5873
25.8987
27.9153
29.3364
27.3586
27.8701
29.1722
22.9878
24.849
26.7553
28.8974
29.4624
25.7698
28.0131
29.5526
24.1191
26.4793
29.4721
25.8733
26.2903
28.8654
25.2274
26.9239
25.5831
25.8291
25.6451
26.0203
27.0122
28.8058
24.365
23.6784
24.5234
25.0841
