22.6256
23.9759
26.1155
27.1321
21.3538
26.2909
23.389
23.5081
25.1977
26.3655
27.8482
26.6135
25.1076
25.4238
27.7743
24.584
25.5659
25.704
26.0801
26.6762
25.5838
26.0201
24.0668
25.0685
27.1495
24.0852
25.4891
26.064
22.2837
24.43
27.1614
28.5185
26.2302
27.8946
25.6802
26.6524
29.1776
24.7798
21.0412
25.7628
26.4167
25.2927
25.1575
27.0484
25.7634
24.1739
26.0039
25.119
27.0642
24.4229
27.4928
24.9741
25.7002
26.276
27.9958
26.8597
25.5924
26.117
27.5993
28.7827
25.6043
21.9099
24.0406
25.5592
25.2407
26.6076
28.6568
24.012
26.0788
25.463
26.3662
27.1866
