23.5646
23.993
26.2437
26.9585
27.2502
29.6797
22.5256
23.3083
25.7358
25.2431
27.0661
24.9358
23.5785
24.7821
28.0488
25.2557
25.2418
24.1866
26.0449
28.1031
20.7591
26.2496
28.6514
22.1429
26.0793
25.3124
25.9654
28.7304
25.086
24.5975
25.2682
25.1976
25.178
27.4029
22.6064
26.2552
25.7219
25.9452
28.8476
28.2066
27.7839
26.6675
26.4066
27.2453
28.4775
24.2935
25.356
27.1594
25.7016
25.8608
29.3941
25.9148
25.4062
28.2798
23.4998
23.9543
25.0717
27.2797
29.6258
24.157
26.2158
28.9673
29.6735
23.7346
25.9495
26.0824
26.6289
27.5346
25.5368
