27.0348
21.2921
20.1976
25.8065
27.8381
28.6422
27.1316
26.4663
28.5764
17.8372
23.5876
25.0654
25.4141
27.2077
23.2738
25.5999
28.283
25.6098
27.1203
26.5703
21.8506
23.6579
26.4401
28.0483
23.4159
24.894
24.6981
25.435
25.6019
27.4156
25.1749
25.7104
27.5973
25.2629
25.0259
25.5016
27.4008
26.9059
27.2569
28.286
26.1186
20.1708
24.4811
27.2227
26.1337
28.0914
21.2905
23.8088
25.5795
27.304
28.0487
29.0453
24.4206
23.4964
25.8464
28.2353
24.2802
25.4996
26.415
25.691
22.334
23.8913
24.9277
26.5056
26.9334
27.8782
22.0144
22.4188
24.4002
25.9624
