25.8549
23.8547
26.3927
22.1144
24.9059
25.1102
26.035
26.4136
25.8424
28.6845
25.0039
26.3242
25.5948
26.8757
28.3332
25.3607
25.2757
25.4859
27.3371
27.7824
24.6316
23.3405
22.1894
23.8864
26.1767
26.7117
23.2237
24.7882
24.6591
24.7521
26.4313
27.454
21.7144
24.6042
24.428
23.7309
25.0885
23.529
23.6805
25.3827
27.1881
27.452
26.7634
28.6093
23.5846
23.6142
25.5527
26.1089
25.7481
26.6971
28.9007
30.2044
23.9654
23.7495
21.1114
25.9238
28.7845
23.4816
26.8406
22.5601
23.0279
25.2645
27.4266
25.3762
25.2247
25.9242
23.6508
25.3166
26.1583
26.5827
