24.5744
24.8873
26.9466
24.4144
25.7042
27.0006
29.2907
23.6024
25.0144
25.6012
27.3295
28.029
25.1805
24.2145
22.4872
25.4724
27.3211
23.9509
26.1676
25.5715
27.9674
24.5786
25.494
28.0189
24.969
24.7195
25.5915
27.3698
27.4665
28.2736
24.7201
24.8341
23.5712
25.5981
26.7726
28.1312
26.4845
28.3055
23.3718
24.8067
24.9989
28.4719
28.4825
29.5945
24.8383
20.8847
23.9305
26.2675
27.9812
28.9967
30.5176
22.1713
23.5263
26.6279
26.2331
25.4854
22.8274
27.7437
23.4874
25.5957
28.0063
28.2371
24.8605
23.2429
22.9779
23.8682
25.986
