25.9395
26.4005
26.4215
26.2325
26.087
27.6083
26.1733
26.2593
24.8496
23.8377
24.4896
25.1661
27.6403
24.7511
24.346
27.821
29.0125
25.9272
25.3308
25.559
27.3648
28.5231
29.4588
24.8798
25.7511
27.2442
24.3225
25.2651
26.9035
28.8025
28.8424
25.0014
26.1776
28.5143
24.9773
26.1369
28.563
19.7633
24.5684
26.3519
26.1193
26.972
28.1754
25.007
24.9269
25.8856
28.9421
25.9399
26.6312
25.022
26.6223
28.0322
26.1591
24.8789
23.6818
24.683
25.7009
27.7325
29.19
29.5976
24.0658
25.1092
27.3773
24.178
24.3637
26.3858
23.8594
23.6881
