26.8907
28.0712
28.7901
25.1423
22.8549
24.2353
26.1303
26.6129
27.2072
29.9939
24.4047
18.9141
22.2469
24.4752
24.511
23.1984
26.9139
26.7161
25.6428
26.3653
27.7615
28.5467
26.2431
25.7278
20.5048
25.9412
26.7918
26.3858
27.5114
28.8039
19.8338
24.6425
26.2933
28.2248
21.0588
24.1195
26.108
25.7646
26.6886
28.9007
25.6621
25.131
24.1448
25.3564
27.9908
28.895
24.3225
23.816
24.5696
26.6135
28.5423
25.6217
26.6883
25.1776
24.645
26.6178
29.0228
27.018
27.2274
23.0614
21.8968
23.4006
26.3538
27.7595
28.2205
21.9965
19.7127
24.5588
26.2306
26.8752
