25.1977
27.5335
27.3109
27.9143
26.9948
23.3583
25.5931
27.1488
28.9046
24.8439
23.6158
22.9041
24.2434
27.8335
28.8526
22.8301
24.838
23.7599
25.7561
27.3533
28.5838
28.6347
29.2022
22.7467
22.4845
24.5346
27.4579
28.1534
29.207
25.1392
19.3143
25.6451
28.5087
27.5115
27.3263
29.8973
22.3521
24.781
27.7158
27.5304
27.9948
25.1603
23.0441
23.4589
25.6267
27.1977
26.8162
28.7042
20.744
19.7731
24.3214
25.8498
25.87
26.9276
27.3841
28.8456
24.8796
26.281
27.0228
27.1635
27.5295
27.7867
24.7174
24.3331
22.8027
25.6264
