26.2616
23.8817
23.3755
25.8107
24.4634
20.1228
23.5738
25.9232
28.4628
23.2978
25.8151
28.687
25.1185
22.0762
27.1902
29.614
25.2464
26.7413
25.1392
25.1867
27.2173
21.5076
23.9062
26.4612
26.1684
26.5849
26.965
23.9718
22.4118
24.7687
26.9043
27.0102
27.2813
27.9802
26.5563
22.282
25.8087
28.3489
24.3641
23.1886
26.3147
21.5729
24.2393
25.6257
26.7584
28.5145
27.8619
28.0145
29.8076
22.8868
25.6962
29.6538
26.1672
25.6486
27.6752
29.8077
24.2926
25.2944
28.3863
21.1384
25.8655
28.5389
20.5252
24.9466
26.7503
27.2437
25.6874
24.9903
26.2688
26.7708
28.7017
23.8627
24.7065
23.9617
24.1775
25.2756
