23.9355
22.4428
25.1736
26.5947
26.1243
27.2902
28.2857
29.4489
23.0578
21.693
23.0086
27.6392
28.5531
27.6712
24.8042
22.9706
25.408
27.1178
25.1124
25.9548
26.8979
22.6829
24.2852
25.8893
27.4917
27.5833
28.8005
21.8375
24.3044
25.9113
28.8916
27.0067
26.6759
27.3913
23.7721
23.8892
26.2785
23.2994
25.6945
27.1107
29.0743
23.3185
20.0036
25.0896
26.7197
26.7558
27.8799
29.7412
23.0853
23.8481
26.0192
27.7699
28.3185
29.8458
24.9337
25.4048
28.3386
21.0799
26.5694
26.7948
27.9447
26.0677
19.6536
24.7951
26.3989
24.151
25.8199
27.0168
24.4396
22.7144
24.4902
24.9367
25.3039
26.4399
