26.105
28.8196
29.4405
22.7703
23.3285
23.4549
25.7148
27.2887
27.3994
29.0258
24.9296
27.0336
26.7574
24.9528
25.7724
26.7029
28.6054
28.818
25.2671
23.3074
26.4451
25.8009
27.7902
28.7178
24.2701
26.502
28.4319
25.3718
27.214
28.7709
25.3338
25.0038
26.7574
26.6092
27.1039
29.0742
24.7112
26.1014
27.6226
29.262
22.9282
24.9863
26.4759
27.1097
23.4099
25.052
24.0202
25.3545
27.2756
27.0884
25.1646
23.5963
21.7612
21.1328
22.346
25.1385
26.9572
25.8371
25.2763
27.2851
24.5276
24.2047
26.5682
26.2689
24.7484
26.9158
26.2748
25.105
23.9004
20.9845
