25.535
27.5795
24.6298
25.8166
25.7086
26.1629
27.4475
27.3576
28.3925
23.2471
24.1766
23.3522
28.1836
26.979
26.8083
25.1801
27.6422
28.622
26.1543
25.5459
25.7187
24.8974
26.2726
28.6464
29.6627
24.9575
20.993
20.2069
25.6491
26.1084
24.7503
26.1231
27.8688
25.1191
24.8138
25.2148
25.3522
27.2464
27.4489
26.0217
27.0435
22.9916
24.6338
27.1031
26.8327
27.2482
29.5379
22.7123
20.046
24.8857
26.1387
25.5921
27.3203
26.0776
22.6861
23.7636
25.8946
28.2165
25.5267
24.7134
25.6577
27.6393
22.1516
25.63
27.8528
29.3352
