24.5788
26.178
25.3249
26.5812
25.0194
25.6962
23.2041
25.8865
27.9127
29.1385
26.7386
27.2734
23.931
23.6105
26.2994
28.1752
28.8057
25.4551
24.6754
23.5369
24.9445
28.2896
29.2512
23.4486
25.0163
23.5596
24.5586
27.2321
28.1996
27.9619
28.5288
29.9679
21.921
23.5426
27.5018
28.1059
27.2423
23.4888
22.7715
24.1327
27.5002
28.1463
26.3065
26.7448
25.767
23.6841
25.6284
27.9773
26.0617
25.4466
25.0204
25.1176
27.178
25.6257
26.351
26.1753
28.3958
22.5968
24.8498
26.7582
28.7754
25.662
21.9867
24.5457
23.763
26.3246
28.3626
27.1854
