25.2661
25.261
26.3547
28.05
21.1181
22.4579
26.1457
23.9433
26.6585
28.1727
29.1653
23.5681
23.7958
24.1586
25.8083
26.4954
27.454
28.9635
29.9693
23.9435
21.5446
24.0735
25.6905
26.6617
29.1685
30.0264
23.5072
23.8136
25.0472
27.0973
27.4991
27.9803
26.5621
23.6324
25.4717
27.4767
29.0206
22.9604
25.3381
23.5742
25.4319
26.932
27.9376
27.6649
28.2969
29.6818
23.1229
23.9779
26.8344
28.9924
29.233
23.68
18.9835
22.343
24.7526
23.5231
26.8053
24.894
24.6481
27.1432
28.6091
26.5831
25.1134
25.6185
27.7244
24.9153
24.0831
24.6434
24.4565
26.1869
