93.3991
95.7507
96.5596
96.9679
92.5735
91.9254
92.4542
94.0909
94.7418
95.7409
95.1966
91.9445
94.6858
93.1541
93.7834
94.5798
95.5929
96.7033
95.3135
95.1754
95.8415
97.2034
91.3238
92.64
94.0268
93.8019
94.1295
94.7131
95.9185
95.092
93.2156
93.2523
94.1561
96.1985
97.1277
92.4198
91.4167
94.6764
93.8556
92.5992
93.634
95.1365
96.7936
97.2992
90.6688
94.3014
92.0256
93.2463
95.5742
94.0093
94.8347
95.5538
94.4733
92.1598
92.9449
94.3392
93.8631
94.2411
93.7012
93.993
95.5997
96.8013
98.0042
90.9426
92.929
93.1213
94.3562
92.9011
94.3898
96.7732
91.9961
92.7702
93.3879
92.6027
92.3763
90.3759
93.8686
94.1363
96.6937
97.7688
97.9595
90.4159
93.7933
92.8994
93.4031
93.6059
93.0219
95.0891
93.017
