88.0092
89.1523
86.203
84.7706
86.5791
87.8638
89.2271
89.8991
90.6554
85.751
85.4227
87.6406
86.9589
88.4824
88.9684
89.3507
90.8846
83.5372
85.0341
86.5588
86.9804
88.4468
88.4471
89.2033
87.7218
85.778
85.135
86.6202
88.9784
89.9646
89.3796
87.8632
84.2699
86.5619
88.8266
89.8955
87.3707
87.6291
86.8838
86.6606
85.0746
86.6077
88.3619
89.2466
88.5386
87.3242
88.1255
86.3484
85.0379
86.4689
87.9288
87.7843
87.7643
87.3705
85.9523
86.5586
88.3833
89.6694
84.0328
84.968
87.2411
87.6144
86.8935
86.735
87.8697
89.2896
85.9207
86.1594
87.9824
89.5838
87.5978
88.6026
89.3426
89.9505
90.1224
85.0925
86.3838
84.5499
86.5984
87.8266
88.0169
88.6626
89.5745
88.0612
89.052
89.588
84.9248
85.5042
85.82
