89.1982
84.1261
83.0551
84.6959
86.7917
88.7937
86.7724
87.9512
89.3254
90.692
81.6906
82.1242
86.3057
87.4524
87.1499
87.5509
89.7142
81.9529
79.3137
84.0227
85.4275
86.7765
87.8898
83.7376
87.3421
87.7462
89.1104
83.3321
85.4395
87.1483
87.6509
85.5287
86.9782
87.4655
88.8903
89.4968
84.152
84.4084
86.6995
87.4615
88.6298
88.271
89.332
90.7528
83.5224
83.9345
86.2679
87.3128
88.3332
88.0999
88.8134
84.9535
85.472
86.563
86.4137
86.7151
86.261
87.071
88.2048
89.1816
80.5012
84.6783
85.6092
86.9817
88.8011
87.132
86.7591
88.6506
86.591
85.8202
86.3914
87.6803
86.3966
84.9038
85.6237
86.3434
85.3695
86.4165
87.2068
85.818
86.1049
87.0593
88.9066
87.4523
85.6068
86.0329
85.8091
87.6093
85.6213
