81.5554
81.869
81.5711
82.661
83.6427
84.4584
85.4995
87.0279
88.4874
78.7961
80.9621
83.0903
83.772
84.6696
85.0769
82.4992
85.5366
83.0621
82.5079
84.0419
84.9699
86.9026
85.9002
83.5393
84.4504
83.144
83.7639
84.1325
85.9851
86.5435
87.053
83.281
81.2313
83.2583
85.4852
85.733
85.8621
86.226
86.9156
88.0709
80.6642
82.2176
83.5635
85.2378
86.7572
86.3744
86.9535
79.4149
80.9572
81.1873
83.008
84.5153
84.2502
84.3405
85.2747
86.2668
83.3589
82.906
84.2618
84.1215
86.1508
87.5505
83.0651
85.452
83.5947
84.3896
84.3931
86.0114
82.7901
83.2592
83.4531
82.9331
83.9118
83.8671
83.0346
84.4079
86.1391
87.031
88.1143
83.9732
84.4962
86.648
87.5934
