81.9563
82.6421
82.6309
84.2863
84.8627
80.0786
82.6137
77.9344
77.1456
80.4626
81.9688
84.583
83.5788
81.5556
83.1885
84.4442
85.5174
80.2043
81.9878
83.2797
85.2937
83.5276
80.1476
82.9768
85.221
86.6679
79.5605
81.9501
84.2143
81.5616
81.134
82.4051
83.9401
80.612
81.403
83.3174
85.2837
81.9941
79.1934
82.9913
83.4995
82.3659
82.792
83.6247
85.8117
86.0879
81.7363
81.8134
81.5097
83.3297
83.6823
84.1114
81.0118
81.1782
82.1356
83.4891
84.6436
81.6928
83.1427
84.3908
84.2823
80.9545
82.0273
84.2332
81.1877
80.6376
80.1494
83.5159
83.1054
81.5385
81.8301
81.2251
81.3287
81.5467
81.7345
81.7339
83.3069
85.0222
85.3309
82.2095
81.0628
81.693
83.075
84.0823
82.4123
82.8029
