93.2021
94.9742
97.0247
96.6654
91.7881
93.6262
92.632
94.3755
94.2162
95.1475
96.3088
93.8147
94.6148
95.9993
93.8377
93.0667
94.9324
93.6094
94.7823
96.1828
96.6098
97.2626
93.2756
94.203
96.301
93.0678
94.026
94.5884
94.0657
95.1343
92.3644
94.0463
92.3516
93.9207
94.5947
93.754
92.8097
93.4679
95.2056
96.67
92.7258
94.0912
94.5083
93.8496
91.5453
94.8602
94.425
92.8272
93.8435
95.052
96.9934
96.2938
94.6225
94.254
95.8203
97.2908
92.5468
94.316
95.9814
95.4283
95.2463
96.1023
95.2423
93.0907
92.7464
94.2664
95.6339
96.709
93.8776
93.3374
94.9651
95.0235
96.4973
97.1463
93.6019
94.4357
95.9
92.2083
92.7429
92.6934
95.3217
93.7326
94.6411
95.1443
94.2663
