95.3549
92.5452
92.2641
95.1234
94.219
95.8913
95.4963
94.639
95.2755
96.6023
97.6757
90.9875
92.4855
93.9435
95.6844
93.8958
93.3008
93.5232
96.166
97.8864
92.4343
93.3016
94.3426
93.7122
93.7487
94.5204
96.9141
93.8014
92.0584
94.179
95.4463
92.5459
90.6403
94.1319
94.827
95.8028
95.5814
91.9589
93.5317
94.4794
93.5609
94.5159
94.9457
96.2483
94.8383
95.2285
96.494
92.3485
91.1797
92.3589
93.4686
93.0543
91.5469
93.3435
95.9503
93.8823
93.2171
94.0183
96.2182
91.3699
91.9389
93.8528
96.8618
94.3191
93.9871
95.9668
97.5556
98.232
91.4241
92.156
94.0372
93.7541
94.3085
94.872
94.6399
95.6683
91.3611
91.7975
94.0055
95.9568
94.4566
94.7417
94.2749
95.3722
