88.4762
90.1767
91.9434
85.3439
89.3907
91.1436
92.7797
88.2241
89.0998
88.1548
87.4397
86.5397
88.0083
90.0728
90.0217
87.7818
89.411
89.7407
89.9018
89.9981
91.406
88.5377
88.4052
88.3561
89.3552
90.3237
88.8066
89.8373
91.6051
87.4985
86.6173
88.2303
89.7747
91.2725
88.9329
89.2037
90.643
89.5745
84.9098
86.6953
88.2283
90.1301
90.1774
89.7773
92.0608
86.9913
86.7816
88.3747
89.3102
86.8594
88.8428
89.2989
89.9834
90.6831
89.1099
87.3955
88.9955
90.1614
87.5484
87.9736
87.9444
90.7735
86.048
88.4728
90.2254
91.3747
89.6949
89.2767
90.1885
91.5456
87.4054
87.6276
88.5745
86.9137
90.1166
89.6441
90.7099
92.2808
92.7563
87.6302
88.424
89.8642
91.5589
87.0247
87.3286
89.3518
87.9462
