93.5477
93.6287
93.4296
95.454
96.0531
95.3339
95.8581
94.8535
95.9614
97.2004
97.7344
92.3323
90.5769
91.1176
94.1504
95.9853
96.4991
94.0755
95.3078
93.4484
93.8039
94.8102
96.0348
97.1361
95.1798
94.859
95.8801
96.958
93.4148
93.1036
94.1333
95.2944
95.752
95.8642
97.3342
92.2268
90.7948
93.4877
95.9141
96.9165
92.3872
95.6946
96.7825
98.0418
91.2
92.6705
94.13
95.6736
95.192
94.203
94.7333
96.2193
97.729
97.7844
93.3133
93.1335
93.6087
94.346
95.1034
96.323
98.3725
92.7465
92.3467
93.5355
95.1653
92.0989
92.8843
92.9345
95.3105
96.998
93.1392
94.2793
95.6675
97.5256
97.1226
92.0673
94.1029
95.8779
92.8718
93.8048
93.8337
95.7919
92.2747
90.4954
88.4296
93.129
92.4571
92.1347
92.7173
93.2195
93.975
94.426
