92.7566
92.2405
95.6619
95.8754
96.3159
97.3862
97.9744
91.0491
91.0161
92.2754
93.3558
95.2749
95.0359
96.0873
95.4719
91.0095
90.6647
92.1635
92.8963
93.8207
95.0174
94.7679
95.9022
91.8115
90.8254
92.9129
93.2356
94.3797
95.9435
95.0303
96.2533
97.2114
98.079
91.4447
93.6889
95.3968
95.5168
94.8836
89.3689
90.0827
92.0875
93.9082
94.7469
95.5245
96.4534
95.0522
91.0291
92.0291
94.3851
96.5916
94.503
94.3263
95.6969
93.4011
90.968
91.5261
93.2148
94.1857
94.6566
95.1877
96.5349
93.6408
92.2132
92.42
93.4942
91.6818
93.5949
94.7589
94.4145
93.0707
92.8069
91.7926
93.2063
93.9423
94.5655
95.2317
95.9529
93.8666
95.4447
97.1663
92.7957
