84.941
85.4134
80.7116
82.4523
81.5202
82.322
84.1379
82.4014
82.3428
81.0318
80.6354
82.0173
82.432
82.5231
83.4068
83.4423
83.4892
84.1182
85.0354
86.4916
79.7276
80.8723
81.7808
83.2099
84.4786
84.7549
85.0013
84.9936
78.5005
78.9533
81.9083
82.9388
83.8688
84.6995
84.7404
85.0729
86.8652
87.6033
79.4895
80.8758
82.2141
84.2871
82.4026
83.4543
85.249
81.0223
80.9193
82.3863
82.8737
84.2579
85.3071
81.0873
83.1857
81.577
82.3481
84.4274
85.7349
86.4555
83.3498
82.2576
80.4275
81.5964
83.1276
80.3683
81.8809
84.2158
82.9899
84.3151
85.4348
86.0866
79.4296
80.7655
81.9256
83.7046
85.9304
85.9892
84.0405
84.043
81.0609
81.3248
82.3768
83.3537
83.6366
84.9384
81.6698
81.1221
81.6905
82.8583
84.0555
