94.765
94.4322
92.8844
95.2794
95.7968
91.6853
94.8702
95.8799
97.8862
91.7332
92.4666
93.9331
95.0732
95.412
95.2482
96.8067
95.1707
93.7574
93.765
95.7377
96.4824
96.0485
94.8538
94.2469
95.1703
96.3515
96.7677
91.8432
94.8175
94.8363
95.3936
96.4142
96.716
97.1097
91.9668
93.6587
94.3956
93.2464
95.2883
95.4669
94.9427
96.2466
97.0087
94.2409
92.3682
92.8413
94.4323
96.2758
97.7197
94.8798
96.2033
94.9211
94.0997
95.5433
96.1818
95.4035
96.1962
94.4397
96.8145
93.8295
93.8948
93.565
93.8491
94.1908
95.0593
90.7714
92.6247
94.7312
94.9279
96.4267
93.6836
93.6316
95.2651
94.9905
94.4178
95.2954
97.1744
93.7444
93.324
93.8932
95.3874
97.1304
97.3538
94.3458
95.4544
96.6107
97.3408
97.629
