26.9394
29.013
26.8178
28.0483
24.3083
23.5991
25.9239
27.7901
29.1044
29.2683
25.5491
23.8864
24.1525
26.8161
29.1338
28.364
26.9405
23.7686
24.7551
27.2152
28.1091
27.8889
29.215
16.4408
22.5481
25.3366
28.3391
27.0611
26.3644
23.2205
18.6295
24.073
27.441
26.5127
26.8023
27.5481
24.1118
24.6593
27.8637
21.7492
25.5437
23.743
25.2269
27.1808
25.6874
23.6772
25.9865
28.44
22.4526
24.4609
27.0885
29.1531
24.7325
24.7452
23.6011
25.835
27.6772
28.8414
26.0119
24.0891
21.9249
24.173
26.5544
27.1507
