27.4009
28.7362
23.7445
25.7915
25.6028
27.244
28.2647
26.0803
24.5095
25.9356
27.8816
24.2643
25.11
27.286
28.6302
29.0205
24.3318
26.6144
29.3087
25.3469
26.2167
27.8773
24.7129
24.415
24.9446
27.032
26.7462
27.7238
25.8329
25.7506
25.7163
28.5403
25.0787
26.7072
25.3153
24.9976
26.5977
28.3527
25.0755
24.6394
24.141
25.2441
28.0808
29.5427
29.7086
23.9548
25.0313
27.4831
19.7223
24.3523
26.8326
23.6389
23.3661
27.2555
25.7722
26.3164
28.0351
20.8316
24.5086
27.3532
25.6161
26.493
27.0149
27.6567
23.285
25.2904
26.6038
27.6773
23.1996
25.2637
27.5082
22.6289
