26.9668
28.685
19.7224
25.1265
25.0815
26.3791
26.9932
28.2024
23.2429
24.2699
23.4927
22.9662
27.9001
29.1343
20.6863
21.5358
24.6695
28.4243
28.3496
28.737
30.2411
21.0422
21.7982
25.615
27.1953
27.0822
29.0853
29.9797
30.5967
21.4414
23.8511
26.3237
29.2583
28.6584
28.2747
26.6284
19.2901
24.0122
25.7624
27.5008
27.9281
27.2431
25.4297
24.3058
26.3065
27.0709
28.2111
25.4408
24.7227
24.1163
25.357
26.0861
27.1336
26.5637
25.8428
20.8934
25.813
28.1867
25.3014
26.3153
28.1748
21.7658
23.7566
25.1827
25.4821
27.3568
25.8083
27.1979
28.7554
23.6412
24.691
27.3682
28.7119
28.4876
