35.0369
35.3681
35.1466
35.4991
34.9104
34.9912
34.5681
34.9082
35.0504
35.2726
34.8616
35.0886
34.956
34.6597
35.0684
35.3428
36.0553
35.8763
36.1379
35.9052
35.6768
35.8872
36.3023
36.3783
35.6128
36.0997
36.1117
35.6664
35.9733
36.0869
36.0987
36.2718
36.4695
36.1834
36.392
36.3819
35.4595
35.9066
36.2339
36.4745
36.6252
36.8078
36.3254
36.5035
36.5114
36.9024
37.0706
37.1315
35.7791
35.5442
35.2895
35.5929
36.3633
36.0655
36.2245
35.7649
36.5239
36.6596
36.289
36.5231
36.6542
36.86
37.0869
35.5172
35.5013
36.2257
35.9228
36.1491
36.2824
36.7103
37.026
37.0753
37.2204
35.9169
36.3065
36.1129
36.0223
36.3111
36.5226
36.6433
35.7699
35.3266
35.8103
35.8546
36.1161
36.317
36.7603
36.9328
37.1196
36.5357
36.3309
36.2097
35.8088
35.9388
36.2697
36.4052
36.4066
35.2762
35.7519
36.0702
36.2813
36.3159
36.3838
35.5001
35.5958
35.9418
36.3436
36.5544
36.7524
35.6746
35.2383
35.1363
35.3298
35.5921
35.8381
34.633
35.8068
36.0392
36.1837
36.1731
35.2365
36.2471
35.7545
34.4702
34.7197
35.5613
36.4034
36.2267
36.4287
36.5733
36.6876
36.8285
37.0486
36.4021
36.283
35.0493
35.3109
35.4538
