40.7532
40.3878
40.6757
40.771
41.077
40.4881
40.2312
40.5168
40.892
41.06
41.3729
41.304
40.8813
41.3042
40.9947
41.3452
41.471
41.5462
40.3307
40.4116
40.3637
40.6319
40.8145
41.1204
40.1602
41.302
40.8811
41.1269
41.2078
41.3113
38.6628
40.1974
40.3533
40.117
40.4074
40.8896
41.0964
41.4646
41.1217
40.9552
41.2762
40.5863
40.7179
39.8442
40.1579
40.3317
40.6048
40.5069
40.8207
40.0887
40.2422
40.4434
40.5113
39.3874
39.8612
39.663
39.8931
40.0532
40.356
40.1732
40.5163
40.7015
40.859
41.1703
41.3791
40.1315
39.4132
39.6462
39.8821
40.4987
40.7234
40.647
40.7307
41.0968
40.4524
40.6628
40.4938
40.8239
40.7717
39.8838
40.5627
40.7795
40.6942
40.8225
40.802
40.9707
40.0248
39.808
40.3775
40.6704
40.7499
41.1867
40.9549
41.2237
41.3791
39.742
40.9485
40.7109
40.9631
41.1116
41.4893
41.5104
41.7786
40.9496
41.6081
41.3838
41.4748
41.7326
41.9141
42.0814
40.44
40.3128
40.4787
40.7485
40.8403
40.9136
40.4003
41.1435
40.7457
40.1577
40.6558
40.6521
40.6991
40.9701
40.9153
39.6826
39.7606
40.1077
40.3312
40.5381
40.7741
39.9813
40.0501
40.0801
