41.1081
40.8608
40.8524
41.1578
41.4498
41.5499
41.6749
41.5998
41.6723
39.9573
40.6342
39.976
40.1663
40.1616
40.2593
40.5494
40.8361
41.0873
41.3815
41.6061
40.781
41.1688
40.6306
40.7379
41.0125
41.4097
41.562
41.3437
41.6746
41.6248
41.7963
41.8709
42.0432
42.2752
42.3886
41.2926
41.0535
41.1214
41.1383
41.1286
41.0254
41.105
41.4417
41.6258
41.8497
42.0504
40.5901
40.7977
40.5536
40.5542
40.7799
41.0526
40.8386
40.8921
40.774
41.0615
41.3439
41.3088
39.4747
40.5864
40.854
41.1014
40.1196
40.0043
40.6719
41.1622
41.2805
41.6418
41.9529
41.448
41.181
42.0518
41.4518
41.6672
41.5464
41.5603
41.2785
41.478
41.856
41.931
42.1623
42.1921
40.5762
39.9101
40.2327
40.8212
40.4459
40.5004
40.6228
40.8454
41.0973
40.9897
40.9258
41.1619
41.4026
41.5371
41.6656
41.7451
40.3423
40.9585
40.6296
41.0013
41.23
41.3776
41.5003
40.9848
41.6555
41.5479
41.3772
41.4116
41.7682
41.9046
40.702
41.2279
41.8087
41.2148
41.6906
41.9354
41.5852
41.4572
41.8034
41.952
40.8185
41.0059
41.2136
41.6879
41.3376
41.8629
41.8744
41.626
41.7984
41.8699
42.049
42.2868
