40.149
40.3168
40.5702
40.7664
40.8785
40.9311
39.1609
39.7461
39.7929
39.0147
39.6817
40.053
40.1382
39.4018
40.4261
40.1083
40.8227
40.6466
40.8204
40.9957
41.1691
41.2972
41.3204
39.0426
38.8844
38.9175
39.7971
39.8677
40.3224
39.9891
40.6438
41.1547
40.0904
40.0209
40.2887
40.4073
40.4174
39.3118
38.8594
39.5086
39.0772
39.4692
39.7026
39.8712
39.8349
40.039
39.3257
39.5147
39.598
40.0171
39.4052
38.7276
39.3992
39.3988
39.3736
39.636
39.9592
39.9541
39.7955
40.2217
39.7624
38.8955
39.1096
39.7327
39.6959
39.8249
39.6906
40.0842
40.4576
40.5852
40.6536
40.9671
40.8204
41.3596
40.7712
39.959
39.2373
40.247
40.0198
40.1875
40.3084
40.5109
39.2892
39.4593
39.5601
39.6736
39.7866
39.9536
39.3002
38.5777
38.5638
38.8435
39.127
39.5119
39.218
38.8388
39.5465
39.9837
39.2196
40.1476
39.3971
39.6325
39.6409
40.21
39.9716
40.3015
40.6516
39.4993
40.3325
40.2556
40.5992
40.4094
40.6317
39.5989
40.0893
40.2603
39.343
39.7256
39.685
39.9356
40.0893
40.4275
40.5382
40.6835
40.1024
40.5847
40.6965
41.0108
41.1668
41.3003
39.5938
39.7181
39.9589
40.0316
