42.1381
41.7889
41.206
41.9249
41.3291
42.0157
41.6767
41.9158
41.9488
40.4475
41.2357
41.3922
41.612
41.8719
42.3303
41.9483
42.0836
42.3407
42.5719
42.7267
42.6394
41.2359
40.6861
41.1283
41.2922
41.5965
41.5961
41.8382
41.4848
41.8002
41.528
41.9218
40.6208
40.9216
41.429
40.8756
41.1512
41.4761
41.8068
41.7688
42.0567
42.3835
42.8003
42.6508
42.3784
42.571
41.9739
41.9772
42.2379
40.9873
40.5299
41.3191
41.4149
41.5922
41.8721
42.1704
41.7702
42.3554
42.4239
42.5933
42.8018
43.0927
40.4896
41.0743
41.1971
41.444
41.614
42.0505
42.2242
42.4893
42.8345
42.863
43.0989
43.2152
43.3192
43.3719
40.1926
40.6695
40.9709
41.2932
41.5382
41.9099
41.9488
41.9617
42.7253
42.5834
42.751
42.847
42.9894
41.8051
41.0204
41.2161
41.4811
41.4823
41.5944
41.8791
42.1185
42.25
42.2426
42.5464
42.7115
42.8597
40.8219
40.9378
41.1397
41.5875
42.1152
42.3645
42.1214
42.0467
42.0406
41.7412
41.8491
42.1171
42.3267
40.372
40.1596
41.0182
41.2796
41.2288
41.4999
41.7733
41.5953
41.942
41.5957
41.7695
41.8791
42.0095
40.7479
41.524
40.8447
