39.5964
39.6211
39.3755
39.2871
39.2101
38.0427
38.0213
38.254
38.7259
39.1678
39.1641
39.3379
39.3743
39.5184
37.4166
37.988
38.4177
38.5863
38.8053
38.7514
38.9633
39.1326
39.4569
39.6122
39.8163
38.9113
38.4033
38.323
38.6643
38.8852
38.661
38.7306
38.9863
39.2543
39.3413
39.4712
38.2939
38.4783
38.4056
38.4986
38.8957
39.1782
38.6046
39.8045
39.2865
39.4694
39.8056
40.0142
38.875
39.3407
39.6482
39.7434
40.0141
39.0581
39.3062
39.0966
39.3154
39.5018
39.6262
39.8435
39.9265
40.1246
40.0338
38.2545
38.3407
38.7097
38.3328
38.4058
38.584
38.6783
39.1321
39.2562
39.2051
38.68
38.0286
38.7823
39.0638
38.8344
39.0812
38.4802
39.0186
38.6107
38.7284
39.2669
39.4394
39.774
38.8133
39.4439
39.5767
39.9584
40.1403
40.2651
40.3183
40.4833
39.1915
38.3312
39.1252
39.1122
38.8454
39.0852
39.3717
39.9508
39.3582
40.2348
40.2561
40.1513
40.2461
38.2735
38.7469
38.7048
38.5074
38.5037
38.8905
39.1326
39.6386
39.8361
39.0469
39.4961
38.9754
38.7233
39.1485
39.2959
39.6765
38.9726
39.5148
39.4251
39.6509
39.7607
38.8795
38.7234
39.0526
39.1929
