37.2386
37.4812
37.5468
37.7391
37.3546
37.2359
37.0779
37.9787
38.0114
38.1794
38.2489
38.4867
37.2852
38.581
38.3349
38.5966
38.6794
36.3487
37.3906
37.8663
37.9078
38.2008
37.7548
37.9113
37.9398
37.7632
38.2161
38.4046
38.6285
38.7547
38.9913
37.1926
36.6073
37.5592
37.3967
37.7134
38.0512
38.2189
36.8306
37.6968
37.7703
38.3642
37.7632
37.9182
37.1478
37.6995
36.8571
37.1939
36.7487
36.7922
37.3831
37.4628
37.6478
37.8653
37.8602
37.3714
37.462
36.9419
36.3909
37.5462
36.923
37.2801
37.5226
38.1337
38.0837
38.3156
38.4336
38.6336
37.7412
37.4605
37.9011
38.2563
37.7424
37.5097
37.8335
38.059
38.1947
38.3941
37.6689
37.9348
37.9997
37.9892
38.3292
38.4393
38.2762
37.2034
36.8921
36.8311
37.2591
37.6113
37.9008
36.3246
37.2593
37.3938
37.7619
37.9976
38.2268
38.1789
37.8406
38.036
38.2348
37.773
37.5375
37.7584
37.3846
36.9092
36.9697
37.3155
37.8289
37.9897
38.2077
38.3948
38.5242
38.5244
37.0189
37.4703
37.054
37.3238
36.5134
37.3874
37.6019
37.7902
38.2887
38.563
38.2172
38.4455
38.2072
38.1107
38.4519
38.6659
38.7886
36.478
37.3545
36.8855
37.3341
37.3168
37.4036
37.6598
36.8399
36.9567
37.2679
37.3047
36.6558
36.2681
37.2692
36.2553
