34.4794
34.3827
34.0129
34.0317
34.1861
34.5677
34.8981
35.2119
35.1991
35.4986
35.7459
35.8935
36.0805
36.0399
36.3775
35.7392
35.8351
35.9872
34.9722
34.7896
34.9921
35.3529
35.7708
35.6314
35.7944
35.7117
35.9014
36.1759
35.2819
35.2713
35.4198
34.9224
35.1887
35.0516
35.1167
35.4373
34.7978
35.1173
35.2682
35.5161
35.741
34.1651
34.0847
34.9803
34.8164
35.1732
35.54
35.4453
35.3872
35.4348
35.5098
35.6901
35.4461
35.3481
34.1557
34.2515
34.6908
34.9587
35.0633
34.4731
34.6681
34.7221
34.9978
35.3542
35.5129
35.6902
34.3508
34.7446
34.7371
34.858
35.0135
35.2136
35.5481
35.7023
35.8849
34.2255
33.8752
34.6842
34.9521
35.1941
34.4441
35.3832
35.1755
35.0971
35.2093
35.0452
35.1527
35.5197
35.7385
35.8676
34.4189
34.8625
35.441
35.6568
36.0346
36.1942
36.3358
36.4023
35.0487
35.147
35.1116
35.1047
35.0306
34.0103
34.7061
34.9289
35.3242
35.4831
35.8885
35.91
35.9334
35.9945
34.7018
34.3745
35.0389
33.9573
34.3687
34.6189
34.8864
35.0914
35.0095
35.2652
35.4281
34.6341
35.2655
34.5449
34.0849
34.4211
34.5422
34.6296
33.2756
34.0943
34.5048
