59.9364
60.1693
60.6942
61.1569
58.0871
58.5915
58.6041
59.2271
59.3995
59.633
59.7622
59.3029
59.5842
60.4621
59.5653
60.7133
60.6376
61.086
61.5731
61.7089
57.2914
59.0373
59.781
60.2472
60.8096
59.4275
59.7985
60.3701
60.1915
60.4865
60.6071
61.0985
60.7608
61.1102
61.5249
61.7245
58.7846
58.1889
58.7508
58.2833
58.5089
59.0311
59.3816
59.7499
59.8194
60.4707
60.3796
59.2731
60.0165
60.5613
60.8168
61.0587
61.4412
61.678
62.1262
58.8313
58.4029
59.0944
59.7161
59.9735
60.128
60.7889
59.4877
58.5123
60.4079
60.725
60.9497
61.655
62.0795
62.4325
59.4653
59.349
59.7831
60.2594
60.4448
61.0397
61.4809
61.7889
59.4281
59.5141
60.7364
61.0956
60.6583
59.4349
59.7501
59.7462
60.0768
60.1487
60.84
61.3864
60.3622
59.7222
59.8369
59.0128
59.2281
58.6582
58.5652
59.4767
59.3673
59.2428
59.031
59.5916
60.124
60.5785
61.1327
61.5673
62.0045
62.0232
59.5523
60.0786
60.1563
60.427
60.7552
60.8373
58.9928
58.4122
58.3184
59.0541
58.9756
59.6028
60.3258
59.9973
59.9857
60.1889
60.8064
61.3033
61.8005
60.1104
60.7063
60.3748
59.9298
60.5785
61.1897
61.6071
61.8144
57.8579
60.1035
60.4863
60.3847
61.0729
61.0605
60.4751
59.6349
59.609
60.3431
60.6863
61.3186
61.4573
