49.2507
49.6089
49.765
49.3791
48.1968
48.3554
48.4856
48.9221
48.3315
49.6241
49.4934
49.8435
50.3151
50.8021
50.9702
48.0876
47.6972
46.9164
48.629
47.9305
48.6267
49.5716
48.8669
49.1645
49.383
49.8125
50.4001
49.5365
48.9185
47.7129
47.0754
47.3127
47.7957
48.1242
48.2006
48.4554
49.2551
49.0902
50.1036
49.8931
50.5751
49.9225
47.9704
48.3256
49.0814
49.3832
49.7778
48.8586
48.1453
48.4355
48.7828
48.061
49.2563
49.6834
50.174
49.7846
49.8708
49.2627
48.8997
49.6508
50.1321
50.5995
47.3717
49.1065
49.5769
49.9505
48.8479
49.2807
48.4931
49.1299
49.7953
50.4185
50.9619
48.7722
48.4904
49.5026
49.3377
49.2024
49.1283
48.0753
48.2709
48.7327
48.9533
49.3701
49.4256
49.6913
49.3188
48.1748
46.4898
46.4267
48.2572
48.2832
48.6537
48.7388
49.0734
49.4243
47.4916
47.631
49.1673
49.5598
49.9431
50.3119
50.5905
50.9876
48.9382
48.7105
49.2459
48.8805
46.7637
49.1849
48.473
48.558
48.5781
49.19
49.8203
50.0839
50.4104
50.7681
50.9343
47.4885
47.2684
48.1719
47.4892
48.6223
48.1929
48.2961
48.5308
49.1236
49.5335
49.8698
50.2019
49.7782
47.853
48.2767
48.5613
48.892
