55.8528
55.988
52.4192
52.5563
52.4032
52.8497
53.1771
53.7176
54.3844
54.6967
54.0858
54.3842
55.1168
54.985
54.4466
53.2489
53.9174
54.4616
54.8901
53.9237
54.3239
54.5163
54.1729
53.5893
53.5726
53.4055
53.6946
54.0089
54.076
54.7288
52.9023
52.8477
53.2053
53.7715
54.1258
54.8443
55.2638
51.9681
53.07
54.434
54.2633
55.064
55.6039
55.9236
54.4546
53.9116
53.9541
54.5518
54.9311
55.1498
52.6572
53.4395
53.6523
54.0542
54.3967
54.774
55.0593
55.533
53.8998
53.3872
53.7835
53.9935
54.4967
54.9714
53.4251
52.2413
54.1959
53.7674
54.2161
54.7164
55.3019
55.4846
55.6357
53.652
53.8804
54.5425
54.7533
55.3017
54.058
53.7127
53.0379
54.185
54.9326
55.2215
55.6872
56.0369
56.079
56.1336
56.4769
54.2023
54.742
54.8175
55.1665
52.2939
52.6109
52.7399
53.4559
53.966
54.2554
54.9246
55.0327
55.258
55.7863
53.8175
54.0214
53.7221
53.2746
53.2765
52.7267
53.6216
53.9699
54.5056
55.2556
55.7448
53.4863
54.137
54.0677
54.5156
54.9944
55.4776
55.977
56.4288
53.6969
53.1589
53.98
54.4607
54.9362
54.5942
55.199
55.7088
55.7377
56.2208
54.615
55.2354
54.5537
53.3204
53.5684
53.2731
