56.1201
56.2164
54.4529
53.4979
54.0108
53.4716
52.8951
53.2952
53.8012
54.091
54.2589
52.1952
53.1998
53.8919
54.3595
54.9433
55.6049
54.0755
53.5217
54.075
54.6129
55.0612
55.3277
55.709
55.0118
55.0072
54.2087
54.6619
55.1384
55.7188
55.8475
53.2055
53.5316
53.0079
53.4844
53.9682
54.5151
54.3445
53.5193
54.1154
54.7124
54.376
52.8994
53.4585
53.2955
53.5121
53.7984
54.5837
55.1191
55.1667
54.4572
55.1308
55.3789
55.8421
52.8853
52.6263
52.4727
52.802
53.7796
54.2648
54.52
54.0844
54.6813
53.447
54.385
52.1463
51.6291
53.2428
53.5782
53.98
54.3074
55.2661
55.106
55.2338
54.885
54.3377
54.3611
54.2398
54.4368
54.9854
55.1771
55.4955
53.2995
53.3015
53.949
54.6348
54.3986
54.2393
54.8839
55.4123
55.7174
53.9904
54.4343
53.2718
54.9471
54.6666
53.9005
53.922
53.9405
54.1935
55.061
55.2315
54.6851
54.1691
54.2852
53.0866
54.8372
54.4509
54.6983
55.056
55.3368
55.7297
53.0195
52.2952
54.0392
53.834
53.7991
54.45
53.9729
54.651
55.2852
55.5285
56.0181
56.4729
57.0661
53.0754
53.513
53.8751
53.4213
54.075
54.3585
54.8371
55.1334
55.593
55.9429
56.4562
56.7921
56.9997
57.009
57.302
57.3026
52.9165
51.9666
52.2585
52.2764
