65.7013
65.6305
65.88
66.4141
66.0892
64.1365
64.1454
64.8369
65.1742
65.5883
65.7777
64.5452
62.4391
63.9201
64.5812
64.8388
65.4378
65.456
65.3471
65.9213
66.3007
66.5322
66.9024
65.6146
65.3804
65.3442
63.7046
65.0744
64.6501
64.1896
64.414
64.1237
64.4753
65.0542
65.5602
66.1912
67.0482
65.8582
66.2286
65.8711
65.2486
64.8375
65.0774
65.1688
65.3862
65.8265
66.1971
66.5887
67.0223
67.4289
65.0625
65.8628
66.1339
66.491
66.7976
64.5604
64.6472
65.2017
65.8051
66.565
65.2752
65.8307
65.6488
65.4749
65.5093
65.4206
65.5587
65.8017
66.1301
66.596
63.7507
64.6879
64.8135
65.4853
65.2037
65.348
65.894
66.2006
66.7772
67.2334
65.9491
66.4135
66.251
66.8803
67.0884
67.3832
67.4362
64.5127
64.1914
65.0849
65.5183
66.0028
65.9121
64.8863
65.4706
65.762
66.5838
66.9025
67.52
67.3406
66.3224
66.6341
64.6869
64.7429
64.6111
64.7128
65.3819
65.2695
65.8674
66.0987
66.2279
66.7178
67.0354
67.4264
67.9286
63.6351
63.635
62.6019
63.7959
63.9338
64.9821
65.3525
65.9153
66.2612
66.7162
66.839
67.4724
67.2192
65.3303
64.7926
63.3559
63.6537
63.4205
64.7309
65.4838
66.3962
66.8667
67.1453
67.0148
67.3751
67.4343
67.8153
67.8516
67.7787
62.0206
61.8676
63.8551
63.7944
64.166
