58.487
58.8203
59.3361
59.7749
60.2253
58.6888
58.6853
58.823
59.4387
59.6982
60.2187
60.5708
60.9761
58.7258
58.2637
58.321
58.8672
58.81
59.1851
59.3804
59.7235
60.3234
60.9547
61.2369
59.1612
57.1278
57.4929
58.2927
58.726
59.1982
59.3735
58.1807
58.3306
58.8845
59.2097
60.0874
60.4126
56.9251
59.0955
58.4794
59.0872
59.7377
60.2423
60.504
58.9392
59.3175
59.6396
60.2898
60.518
60.8392
57.7097
57.0208
57.4986
57.6983
58.3422
58.2459
58.7006
59.0875
58.8894
58.777
59.1779
59.727
60.16
60.6795
60.8893
61.068
57.4008
57.014
58.1642
58.7435
59.0805
59.7922
60.3168
60.673
58.8386
57.4014
58.3527
59.1899
59.1145
58.7832
59.0475
59.6187
59.9688
60.5522
57.0261
59.1102
59.4948
59.3626
59.3305
58.9141
58.9541
59.2104
57.7792
57.7185
58.3006
58.5146
58.5947
57.7064
58.1179
58.2055
58.6529
58.8984
59.5318
60.3576
58.6337
59.1817
59.4287
59.8624
59.9438
58.8226
59.1286
58.3209
58.3727
57.7118
57.5774
58.0661
60.4947
59.9704
60.5148
61.0376
61.1399
58.7093
59.2657
59.507
59.9998
60.3754
60.6521
56.7708
58.8019
59.1959
59.6214
60.1027
60.3875
60.3529
58.0608
58.2033
58.6169
59.2418
