24.3325
22.9819
24.4672
25.9388
27.3458
25.9297
24.5591
24.1123
24.0928
26.0742
27.4367
27.6557
26.8331
25.529
24.5757
26.5032
28.4604
26.4912
26.9403
29.053
22.3186
22.4127
23.9764
25.143
25.6546
27.0186
25.2742
24.1025
26.315
27.9344
28.666
24.2241
26.8074
28.9122
24.2786
24.8284
27.4076
25.5504
20.8114
27.372
29.8699
23.8533
26.726
28.362
22.5828
24.1698
25.3139
27.5239
28.9138
25.2538
27.6926
29.3294
21.3855
23.1295
24.4083
26.5682
25.8969
26.5205
27.9342
25.5102
27.4211
24.3589
26.6311
26.0901
27.3963
27.7649
23.9357
22.6958
25.293
27.7112
25.3875
