29.9958
23.9832
24.7694
25.8513
26.2901
27.3151
26.2559
24.4918
26.2489
23.1865
23.3571
24.8593
26.375
24.7825
25.0533
27.2442
29.4381
25.8102
26.2138
26.9023
25.9157
26.8638
29.1024
23.3088
25.1256
26.2672
26.8173
28.199
24.7725
23.8896
26.2833
23.7267
23.7028
24.8977
26.1325
27.1801
28.3207
26.7412
25.4577
24.7529
25.1348
25.3024
27.4888
29.1531
26.0878
19.9862
23.9918
22.6628
26.2121
27.1196
27.3501
27.3826
28.7803
23.5419
20.1754
25.8104
28.0009
26.8847
28.8178
23.0099
24.0806
26.079
25.0447
24.9732
26.5627
21.6212
19.406
