25.9137
25.0558
25.5118
28.3168
24.4333
25.2663
25.5715
25.7899
27.5289
26.8284
26.9358
24.3157
24.4374
26.454
23.6948
24.2976
25.6923
25.7877
20.5048
24.4741
26.9275
24.1954
26.2385
27.8788
25.682
25.8204
27.7406
26.5651
23.5644
23.1067
26.3934
25.7748
25.1168
26.1176
26.5748
23.7664
25.8456
24.7012
26.3756
27.0582
26.7657
26.5167
26.4208
25.1096
26.8401
26.3921
26.787
25.5608
26.1668
27.9898
28.743
26.5464
24.1704
24.2619
25.0243
25.621
26.2463
28.2841
24.0964
25.9918
24.7292
25.3176
27.2262
24.9338
23.5561
23.8914
24.6889
25.4024
27.0968
26.9136
25.1823
