26.55
23.7118
24.5856
27.0445
28.2841
25.1218
26.1554
25.5728
26.954
27.9163
30.4484
24.6268
26.3422
25.2506
24.307
25.0534
26.647
28.3693
29.2682
23.5513
25.4897
28.224
25.588
26.0477
27.9414
24.8546
24.23
25.8905
26.263
26.7861
27.2713
25.7997
24.3218
27.2285
29.4031
25.7342
26.4375
25.1093
26.5023
27.6683
26.1486
23.5979
24.5489
24.2765
25.2089
25.9117
28.2788
29.302
24.2618
24.8521
27.4518
23.2737
23.9237
25.4742
28.1795
20.7663
24.5102
27.4519
25.3351
26.2109
25.5635
25.1412
27.821
25.8784
22.8985
24.0138
27.0825
