27.9204
24.308
25.2589
24.946
24.6887
25.0988
22.7633
25.5882
24.2778
25.7297
20.2406
25.2011
27.4209
29.0409
24.1367
24.9066
25.4514
24.7536
26.3169
23.8313
26.3151
26.238
26.0581
27.6487
28.7456
25.0561
25.5621
27.6491
29.4437
24.8457
25.8687
28.1307
28.1052
28.331
26.1796
23.8598
26.0809
27.5888
27.5482
29.144
24.306
20.5279
25.2324
26.8755
27.6348
28.756
20.086
24.1937
18.1749
23.9622
25.7536
26.6289
27.5418
28.7628
22.5722
24.6376
26.8823
24.4932
24.7568
27.1163
28.7555
23.5865
24.4785
24.8393
26.523
27.4974
28.2425
23.9501
25.1629
