27.2351
28.559
29.9686
21.3732
24.4849
26.649
28.3019
25.4842
27.8538
23.9101
23.4418
25.2109
27.0437
25.122
26.345
25.7433
23.4273
24.2551
25.8664
27.4256
27.7501
28.345
24.1021
24.0005
27.5262
29.6992
26.4578
27.0649
24.6977
23.5047
25.6694
26.8946
26.2751
26.6571
25.0777
23.572
23.3146
25.1501
26.5554
26.6878
27.9824
29.7681
22.9715
23.6772
24.4874
26.2555
27.7073
28.582
29.9909
24.3301
26.4722
28.801
26.0573
26.79
27.9416
26.4044
23.8114
24.74
26.2879
23.3217
25.0654
26.933
23.2791
22.1233
23.0674
24.4015
25.0934
26.1468
28.1037
24.1754
25.4248
25.0453
25.5315
27.3799
