28.1801
24.2672
25.2004
25.8339
26.8206
28.6208
28.5349
29.2913
30.4388
22.0198
22.8809
24.8999
27.0187
26.4615
27.9807
24.3874
24.0393
24.9834
27.7327
29.5156
27.6109
26.2958
23.7916
25.5045
25.5539
24.8211
26.272
26.4952
26.1929
28.0265
23.621
25.2735
25.1443
26.1292
27.2214
25.7353
25.4055
25.1454
27.0602
27.5878
28.556
28.0659
24.7343
24.7572
23.9121
24.0732
24.725
24.0235
25.7614
27.355
25.0374
25.3195
27.7975
19.5885
24.1772
26.1303
21.5857
25.7407
25.614
26.8738
25.3963
27.5604
29.4458
24.6702
25.9717
28.7371
21.2374
24.0315
25.7843
24.525
26.4283
