24.8917
24.7969
27.0115
28.9531
24.8827
25.881
25.6361
25.6745
28.362
23.7064
26.3435
28.8072
23.1415
24.0925
25.5518
25.7959
26.8477
27.6813
25.7584
23.3591
24.9567
23.0838
25.3217
26.9783
28.0279
23.0814
23.2044
23.5352
25.8453
26.1295
26.7767
28.5337
29.8799
23.7085
23.5423
24.9403
25.7483
25.9407
27.9727
29.3917
22.9291
23.5708
24.2711
26.9322
27.5548
27.9024
26.6407
23.6759
25.7074
27.3257
28.8478
26.8686
25.3647
23.3139
25.7323
27.5633
28.0859
27.7723
29.0518
21.4768
22.879
26.1299
28.8601
28.9254
29.5909
19.978
21.6897
22.8349
24.6929
