24.0348
26.7021
25.1538
24.5626
25.3937
25.1229
25.8171
27.3908
24.4629
24.9138
26.2845
27.8576
24.979
25.8964
25.0859
24.4371
25.8755
28.1316
23.6386
24.8216
25.6594
25.1538
24.4766
25.1348
27.4038
25.0948
24.6924
26.7619
24.8329
23.7128
26.5876
26.143
25.4872
26.785
29.5608
24.8203
26.023
28.6264
25.4376
26.3659
24.4236
24.7997
25.8284
26.489
24.9291
24.8359
25.4725
25.4478
25.1685
26.4692
28.002
26.9934
28.4508
24.3863
24.9608
26.2324
27.8188
29.1401
22.1654
25.8455
27.7708
21.2693
26.3036
27.1085
28.8277
26.0549
27.2265
21.5569
25.2885
26.6843
25.3614
23.6516
