28.955
24.0001
25.4719
29.1246
25.1248
25.463
26.2321
24.0711
25.3438
28.3318
23.6359
20.5438
22.4942
25.4317
27.3682
27.8873
28.2694
27.1067
28.8676
30.1314
23.9744
24.4671
25.8262
25.4966
25.0443
20.5665
23.7078
23.216
25.1276
26.8304
27.8134
29.2216
25.346
23.6722
24.5705
26.2917
27.5176
27.027
26.7121
23.8067
24.9538
27.6512
29.4446
22.7827
26.222
23.8662
27.145
21.935
26.3393
25.8948
25.4983
25.0766
27.2111
27.6431
26.6911
27.5021
25.6495
25.1108
27.8019
26.1698
26.553
27.1022
26.8236
27.9463
25.6435
24.9461
25.395
26.8215
26.8641
27.2319
28.9795
