24.7316
23.7968
25.6746
27.6179
28.6549
26.549
23.2405
23.5155
24.5018
26.3652
26.8719
27.8269
29.2106
22.7462
25.4165
26.3387
27.2837
26.8239
24.4289
24.1931
27.3402
26.3923
27.3316
26.7427
26.379
21.5598
25.104
27.6314
25.9635
26.6024
27.5491
29.7844
23.5836
24.5893
27.1343
27.6381
27.4938
25.7193
25.1106
24.5085
26.1629
26.5328
26.6564
27.7125
29.8731
23.4124
25.8892
28.4405
25.5268
26.9509
25.5292
23.4475
25.55
27.7359
24.7753
25.7698
26.0045
25.5922
25.5096
29.1218
24.8848
26.1076
25.3193
26.7549
26.8638
