29.8136
22.6165
24.7652
26.2377
27.6416
28.3161
27.2573
24.7425
20.0746
23.7141
25.8851
27.6512
26.6711
25.7966
23.9185
26.2694
28.4513
25.8368
26.3094
25.768
24.0954
25.7665
28.1168
26.5763
28.1796
22.4825
22.4584
25.9299
26.9476
27.2844
28.8914
24.7499
23.9565
25.6789
25.4476
25.6894
26.3518
28.4508
23.0794
24.6532
23.9173
26.0184
27.1101
28.3044
26.2807
24.5902
25.0771
26.3358
26.9768
22.3956
19.5471
23.6456
24.0474
24.6766
25.4088
27.1552
27.3867
23.4441
23.4615
26.7205
28.1549
28.9405
29.1559
22.5261
24.3211
25.2601
27.1274
26.5959
27.0397
