28.2114
26.9279
26.7172
30.0665
20.5632
22.5399
24.4584
25.6781
26.0425
28.3626
24.7066
23.7671
23.4631
25.9683
26.1853
27.6427
29.0573
18.7298
23.9338
26.9349
27.8701
28.5626
29.0524
26.4504
25.799
22.9876
23.8554
25.2862
22.6851
25.4208
26.5198
29.5291
25.27
25.5218
27.9233
29.8853
30.2213
24.2848
22.787
25.6029
27.5441
27.4168
27.6689
27.1912
24.7684
26.3106
24.7107
24.0773
23.8752
26.2683
27.6288
24.3665
24.5197
18.113
20.3877
18.5745
25.7998
28.044
28.5083
27.9061
26.8816
24.8872
25.6055
27.5522
28.4181
26.4311
28.5427
26.8204
