25.9179
24.8385
26.2887
27.5927
27.966
23.3852
22.786
21.2725
25.3647
25.8249
28.1748
25.4382
24.4851
24.8671
26.2159
27.2272
25.4016
21.2927
25.444
23.7792
25.1993
23.9854
23.0033
24.9902
27.0649
27.441
26.7995
29.0723
23.32
23.7459
25.8596
26.6202
25.399
27.9876
29.9018
22.1262
23.7895
25.2448
27.8688
28.9724
28.1
21.6647
23.5502
26.8732
27.808
25.1653
25.6616
24.4592
23.2276
25.3865
22.378
27.0585
28.7911
24.6949
22.2589
23.9009
25.2859
26.1635
27.4816
28.7622
21.0204
23.0846
25.3914
27.1955
24.7249
26.5275
