24.0493
24.8017
26.8556
28.6802
20.9183
26.0895
24.4071
26.0666
26.7224
25.6429
24.8233
24.8787
25.0756
26.5703
28.0803
24.5652
25.0268
24.7645
26.8993
28.7971
26.9337
25.7937
25.0108
25.6174
27.766
28.3554
26.9154
25.9318
25.4239
25.7045
28.175
23.4688
26.7383
28.5642
30.1533
21.3797
23.7933
26.663
27.5459
26.8159
28.4731
30.5878
20.7904
23.505
25.0763
26.6783
27.6754
26.9025
21.7154
21.1012
24.3771
26.7019
22.3005
25.362
25.7046
25.7234
23.23
26.1723
27.6857
27.2908
26.6376
26.7947
28.1383
23.4523
24.543
25.5978
25.8703
27.4907
27.7014
23.5314
23.948
23.5932
25.6449
25.7478
27.194
26.5842
