25.8512
27.7539
28.8666
27.6674
29.5229
23.207
24.1287
24.9748
25.9941
25.5753
25.017
24.3237
22.2565
24.3841
26.8457
27.8665
28.7598
27.1311
24.9081
23.1941
25.5252
27.157
27.5711
27.0699
23.9409
25.8016
27.609
29.2703
27.5363
26.6387
23.5449
26.8195
22.2539
26.2461
24.7171
23.2014
25.6202
28.6451
24.2794
26.86
27.2771
26.4187
25.1783
27.8066
26.1557
26.2439
26.401
27.8009
28.8533
24.3783
25.4357
25.8959
26.9793
26.6075
27.5127
29.2875
23.663
24.9648
27.0321
23.7893
25.4556
25.1857
25.3516
25.2964
27.3685
24.3246
24.3813
25.536
27.1238
28.0789
