48.1603
49.3121
49.6129
49.4341
49.3338
48.8138
48.7953
49.2999
49.7955
50.3269
50.9215
50.969
51.5747
50.4335
49.9663
50.3252
50.1357
49.8684
50.1332
50.6632
50.2546
50.2466
50.7268
51.3276
51.7265
51.9126
49.2127
49.5235
49.91
50.3016
50.4321
50.8784
51.5027
51.5417
48.7304
49.5976
50.2152
50.955
51.2698
51.6887
52.2942
52.6727
49.72
50.3584
50.5545
51.535
51.8113
48.9863
48.0507
49.5944
50.1288
50.5639
51.5378
52.2472
52.6553
52.6549
49.8714
49.1925
50.3353
47.8029
48.7826
47.9852
48.5652
48.8484
49.3897
49.6795
50.4434
50.7945
51.1382
51.629
51.696
51.9311
50.6213
50.0153
50.2151
49.5179
49.5592
50.113
50.8071
51.1689
50.4542
51.3
51.6351
51.8325
52.0623
52.5681
50.3207
49.3251
48.1733
48.668
49.2737
49.7875
50.4519
51.0063
51.599
51.9126
51.7553
51.8118
52.1169
52.2952
49.662
49.2532
49.5823
49.3103
49.8393
50.7173
50.9435
51.3292
51.7018
51.2476
50.7186
50.3688
49.6882
49.5352
48.7887
48.6178
48.9877
48.9588
50.7025
51.1453
52.1259
52.2397
51.3469
51.0392
49.46
50.3145
48.7931
49.572
49.7126
50.239
50.8196
51.0131
51.3248
50.2167
49.781
49.5741
49.2256
51.314
