46.4328
47.2813
47.8321
48.5917
49.1567
48.3971
48.1524
47.771
48.3164
48.6107
49.1109
49.316
45.9596
46.3927
46.5046
46.7641
46.9007
46.6931
46.7901
46.501
47.0193
47.07
47.9369
47.2023
47.0008
48.0491
48.5817
48.7122
49.2964
49.5092
46.6649
46.5346
46.8982
47.5134
47.8349
48.3762
44.772
46.5372
45.8806
47.7233
48.0867
48.906
49.3925
49.6195
46.6086
45.5608
47.2889
46.4197
46.817
47.1183
46.587
47.1203
47.6015
48.0982
48.6666
49.1825
49.6313
49.8307
50.1073
46.4975
46.3241
46.4742
46.6954
45.9854
46.8402
47.7115
48.1722
48.6492
49.2233
49.2292
47.2792
45.7348
45.617
45.7755
46.0012
45.9606
46.0287
45.6796
45.3221
46.1266
46.7766
47.2615
47.7299
48.3506
48.8896
47.444
46.7236
46.5401
46.7994
46.9175
47.7841
48.198
48.2519
48.7194
47.4219
47.7767
48.1574
48.5657
48.7867
49.2856
46.4763
45.2904
46.7003
47.1724
47.8775
48.6889
48.8601
47.0028
46.5824
47.1529
47.4997
47.8005
48.4313
48.4511
45.2229
45.6831
45.7231
46.3054
46.4827
46.779
47.1598
47.3167
47.4051
47.6413
47.7334
45.8409
45.8569
46.1933
46.2107
46.131
46.4852
47.1016
47.4518
48.0071
46.9045
49.0322
49.2238
49.6255
49.9356
50.0717
45.5643
46.1125
45.844
45.2258
