54.9547
55.5529
56.0456
55.201
54.6867
54.6807
54.4912
54.7448
54.7086
54.5511
54.359
54.6083
54.8991
55.5326
52.5685
53.9588
54.0723
54.425
54.8044
55.7932
56.091
56.3758
53.7958
54.0992
54.638
54.8529
55.24
55.3925
55.5316
55.8682
54.2002
54.165
54.7449
55.277
56.0373
55.1838
54.2503
54.5979
55.0765
55.6398
55.9832
54.9733
53.0614
52.8037
54.1395
54.7393
55.1192
55.3653
55.8895
54.0647
53.7736
53.9799
55.5125
54.8771
54.9299
54.6823
54.6578
54.3425
55.0869
55.6575
56.061
56.3813
53.9734
54.1496
54.5042
55.0862
54.1709
54.2456
54.8936
55.4623
55.8394
55.874
56.323
56.989
56.4175
55.6468
54.9904
55.0451
55.4219
55.7692
53.0779
53.559
53.6246
54.0701
54.2095
54.9994
54.8844
54.8424
55.1428
55.498
55.9792
54.2786
54.1297
54.2081
53.5294
53.914
54.4959
55.0992
54.3183
53.9882
55.2131
55.7432
56.0966
56.2653
56.7563
54.4045
54.0286
53.993
54.6516
55.0756
55.3055
56.0315
56.6378
56.6946
56.9294
55.2911
54.9688
55.1336
55.5364
56.0384
56.3088
56.6479
57.0122
53.2273
53.5841
53.9374
54.5415
55.3684
56.0015
56.3569
56.7347
57.0595
54.1533
53.9846
55.315
55.6042
55.3773
54.3101
53.8829
54.2404
54.6867
