46.829
46.9779
46.9677
46.6054
46.367
45.1132
45.3476
46.2606
46.9079
47.2994
48.0141
47.4195
46.9002
47.2771
46.0986
46.0533
46.1126
45.7164
46.4302
46.9836
47.505
47.818
47.8513
46.4434
46.6972
46.3151
46.2709
45.8358
46.5433
46.833
47.2096
47.7866
45.7317
45.9404
46.5891
46.336
46.784
46.9984
47.4167
47.8255
46.2868
45.3158
44.8583
46.2433
46.6775
46.8114
47.2718
47.8094
48.214
45.5097
46.0774
46.3365
45.864
47.1108
47.525
48.009
47.9909
48.2809
45.3766
45.3064
46.0207
46.5989
47.0104
47.7279
46.2599
45.5857
47.2555
47.7376
47.9521
48.2999
48.7378
48.7763
48.9782
49.0594
45.5783
45.6418
45.5279
46.2165
46.6671
47.2676
47.9805
46.7802
46.954
47.0129
47.6721
47.8958
48.2973
48.5613
48.8554
48.9452
44.73
45.0217
44.711
44.9045
45.0197
45.2295
45.6005
46.1011
46.3228
44.7109
44.3848
46.1662
46.5708
46.9375
47.6835
47.8692
44.8769
44.9864
45.5673
46.0144
46.4739
46.6561
46.3533
46.3341
45.3999
45.343
46.1022
46.4724
46.3772
46.3724
46.8592
47.1152
47.5232
44.2232
46.1954
46.7994
47.1645
47.3819
47.7521
48.0377
45.4562
44.7583
45.797
46.1365
46.6395
47.0802
44.8297
45.6798
46.5999
47.1287
47.8216
48.4132
46.5873
46.3534
45.4892
46.4613
46.6262
47.2625
46.3054
45.9607
46.3839
46.7335
46.9396
47.0529
