54.2351
54.8928
54.2506
54.2825
55.108
55.0054
54.6318
54.2049
53.7198
54.1524
54.5542
55.0198
53.9373
54.2221
54.4827
54.3274
53.8437
53.6018
53.4361
53.7707
54.0151
54.4433
53.2559
53.3938
53.1166
52.9888
53.8324
54.4078
54.8075
55.2488
53.0839
53.7143
54.4497
54.1928
54.7227
55.2174
55.5456
55.8908
53.7716
53.5996
53.8854
54.3189
54.7519
54.9694
52.7498
52.8959
53.774
53.9156
54.5244
55.0787
55.568
55.6107
52.8823
53.6691
53.7911
54.2745
54.6307
55.1136
53.4406
52.273
52.9804
54.2125
54.0226
54.683
55.2477
55.3501
55.8065
53.5257
53.3969
53.9458
54.4191
54.7275
55.3956
53.9997
53.5107
53.9202
54.0866
54.0339
54.6059
55.3989
55.4933
55.9356
56.042
56.1148
56.5058
53.6298
54.1618
54.4967
54.9116
55.1481
50.9998
52.4025
51.7713
52.407
53.4365
54.1661
54.6018
55.0636
55.2697
53.7435
53.0626
53.8237
54.3246
53.186
52.9476
53.4669
54.2368
54.829
55.2039
55.618
55.7443
53.0252
54.1804
54.0904
54.5678
54.9876
55.3721
56.0064
56.2119
56.6621
52.1897
53.9487
54.3603
54.9445
54.7083
55.0065
55.7354
55.7726
56.1322
54.2338
54.4629
53.7871
54.5193
52.3589
53.6309
52.3072
53.7133
53.5685
54.4117
54.8476
55.2155
55.7465
56.138
56.3645
54.253
53.7909
51.6542
52.8231
