66.2193
66.6078
67.0499
67.4124
67.8024
64.0137
64.5802
64.5615
65.069
65.4775
66.0555
66.2228
63.8783
64.0884
64.5777
66.0506
64.8169
65.8651
64.8006
64.8458
64.0601
65.0465
64.8325
66.3559
66.6138
65.6476
65.5718
65.2412
66.3895
66.0342
66.5579
66.9824
67.5606
64.9085
64.8886
65.2379
65.8477
66.1629
66.5064
66.8762
64.4506
64.0157
63.2949
65.2936
65.8746
66.3869
65.4427
65.2852
65.2897
65.7795
66.1595
66.4003
65.182
63.9194
64.1582
63.803
65.0264
65.5655
66.2729
66.8624
65.7406
66.1321
66.6754
67.0214
66.068
65.871
65.6454
66.1255
66.4394
66.7164
65.2211
65.9545
66.2484
66.5955
66.5467
66.7321
66.4119
66.4321
67.026
67.3296
67.6595
67.9768
66.6537
64.4871
64.5778
65.2178
65.2755
65.1909
65.8248
66.2131
66.579
67.0995
67.5052
66.2034
65.9836
64.9196
65.3126
65.9433
66.627
66.86
64.7667
65.1664
65.9416
66.3768
66.6011
66.9295
67.5587
65.6034
65.8985
64.4674
63.5674
65.4261
65.6884
65.5408
65.0357
65.5959
66.2136
66.4644
67.1583
67.4822
67.6763
67.7794
64.1437
63.7935
65.4259
65.055
65.4643
65.7758
66.4594
67.0284
67.3447
65.1957
66.2288
66.5398
65.6605
64.5123
64.1114
64.617
65.1056
65.6874
64.9999
65.8712
65.4772
65.8494
66.2609
67.0062
