60.2049
61.179
61.4448
61.6867
61.0766
61.3235
61.8324
62.6369
63.0326
63.3552
59.9707
60.2761
60.5715
60.1294
59.9714
61.7483
61.5873
61.2938
60.9717
61.3709
61.6072
61.858
62.7866
63.2039
60.8734
60.7346
60.7245
61.1585
61.6635
62.1877
62.3799
62.8259
60.095
59.3646
61.3341
61.7298
61.8567
61.035
60.2154
61.0493
61.5452
61.6967
61.9003
62.3444
62.4029
58.4365
59.8443
59.8904
60.4868
61.2691
61.7864
61.0122
60.9151
61.4942
61.1743
62.6441
61.4446
61.9398
62.4859
62.7989
60.1899
60.2981
60.2319
60.6543
61.2662
61.3857
61.6305
62.124
62.453
62.8031
63.0737
63.5836
61.9532
61.8765
59.717
59.8427
59.5744
60.2726
61.0034
61.6671
61.7954
62.233
62.7103
63.236
63.6498
61.9208
61.3619
62.0681
62.329
62.5558
62.7941
62.9252
59.9678
60.4853
60.3896
60.9775
61.4316
61.9535
62.5121
61.3133
61.8459
61.8078
62.1617
62.8209
62.5047
62.9881
61.2305
61.5226
62.0248
62.5602
60.937
60.3595
60.9057
61.1333
61.2681
61.9827
62.2599
61.0686
60.2988
60.0391
61.0246
61.4694
60.9446
61.5536
61.4625
61.5607
61.8881
62.278
61.179
61.2714
60.9495
60.2712
59.7832
61.0537
61.2818
61.7415
62.0956
62.7614
61.7921
62.274
60.8256
61.5357
62.1921
62.6739
63.0322
60.7824
60.9115
59.9967
60.7768
