57.2267
57.629
57.8966
56.0197
55.9392
56.8005
56.8825
56.1962
56.884
57.3734
57.7583
57.9936
58.4844
56.2611
56.0969
56.635
57.1055
57.2088
57.5643
57.91
58.2533
54.6983
55.6142
56.0515
56.5648
57.0073
56.5265
55.9257
56.4489
56.9967
56.758
56.9371
57.54
57.8822
58.0575
58.2232
58.637
54.1044
54.0921
56.2912
54.6597
55.9857
55.9031
56.2304
56.3699
56.6729
56.9943
57.5497
57.9632
58.3402
58.3159
58.6622
54.3661
54.7744
54.5429
54.3158
54.5444
54.8722
55.6051
55.8042
56.1963
55.3654
55.9144
56.8608
57.5002
57.6777
55.7238
54.6001
55.3364
55.5914
56.0935
56.4564
56.8941
53.9343
56.1129
55.9837
56.6261
57.2198
57.2507
57.7609
55.7154
54.5807
53.731
55.2823
55.7054
56.2736
56.887
57.639
55.5821
55.754
56.9639
57.2022
57.7644
58.3825
58.4712
55.0365
55.6294
55.3212
55.9126
56.4424
56.139
56.4741
56.1844
56.8848
56.9726
57.4416
57.8725
57.988
57.1553
56.3551
54.1044
55.0276
53.8628
54.8004
55.1561
55.5525
55.9246
55.4803
54.1113
54.9766
55.6423
56.3784
56.7318
55.9951
56.394
56.3028
56.7211
56.8373
57.3465
55.9085
55.6742
56.2554
55.4513
56.1183
55.6434
54.678
56.561
55.6046
56.1168
56.7174
56.926
57.2881
56.5141
56.829
56.6994
56.8581
56.2554
56.7505
57.4779
57.819
55.6414
55.8623
56.1742
56.1343
