63.3066
63.629
64.0144
64.2879
63.6433
62.8998
63.0718
63.3523
63.4431
64.0885
63.9167
64.451
64.8356
65.0077
65.5172
65.8564
62.7546
62.6473
63.603
63.1248
62.7179
63.7205
64.1839
64.2633
64.1642
64.3433
64.6425
65.2527
64.9901
65.0247
63.7166
64.4958
64.5494
64.8405
65.0866
60.7123
61.7199
61.9282
62.4329
63.0516
63.6895
64.3303
62.9019
63.3366
64.1826
64.7654
65.2026
65.7144
65.9796
63.1308
63.925
63.7246
64.2778
64.7249
65.3089
65.7631
63.5957
64.0728
64.5817
65.002
63.1761
60.9977
62.5598
61.4835
63.3792
63.2711
63.8437
64.2507
64.8591
65.5004
63.702
64.3398
64.4642
63.4535
63.7703
64.3326
64.646
64.9278
65.1213
63.5442
64.1356
64.1885
63.4873
62.7403
63.2824
63.7364
64.0743
64.3284
64.5692
64.7585
65.2218
62.6587
63.3148
62.7016
63.3564
63.0397
62.4204
62.9625
62.8873
63.1414
63.3368
63.7144
62.6956
64.1114
64.7104
65.154
63.1444
64.3552
63.8682
64.187
64.8046
65.0623
61.21
62.6565
63.2449
63.1521
63.8255
64.3706
64.9437
65.2489
65.7159
63.754
63.9694
64.2851
64.887
65.2591
65.6656
66.0816
63.232
63.1535
63.0435
64.2385
64.5215
63.4151
64.5423
63.2911
63.6722
63.8513
64.1301
64.6118
64.875
65.0099
61.7949
61.6506
62.264
63.0805
