55.2171
55.8818
54.8353
54.6395
54.9788
54.6822
55.0956
55.8629
56.5416
55.75
56.4866
54.8453
55.5503
54.1157
54.3516
54.9908
53.8591
54.538
54.9684
55.3173
55.778
56.2114
56.3242
56.6382
53.3352
55.5221
55.5247
55.2969
54.9133
54.8181
55.3557
55.8934
56.1681
55.5811
56.0555
55.0811
55.8248
56.3853
56.6764
54.8044
55.0776
55.0652
55.6277
55.9114
56.5624
56.7951
57.1573
53.1452
54.4463
54.7408
54.5619
54.8998
55.2312
55.5691
55.8839
53.8764
55.1041
55.5043
56.2922
56.2254
56.0151
56.214
54.9248
55.2073
55.6584
56.1993
56.645
57.0105
57.1695
54.8655
53.159
54.9087
55.2528
55.666
55.5421
55.6092
55.0779
55.0998
55.7537
56.3539
56.817
57.1566
55.3988
54.4295
54.6231
55.8899
55.6032
56.0996
56.5269
56.7888
56.7337
56.6102
56.9229
55.3728
53.7254
54.9731
54.3228
55.1095
55.5982
55.9029
53.5526
54.3458
53.688
55.6106
56.1926
56.808
54.6238
54.529
55.9133
56.2854
56.684
56.9372
57.4935
54.3517
55.5268
55.9557
55.7143
56.2388
56.9081
57.196
57.2089
54.5922
54.8611
55.1683
55.3995
55.8883
55.1069
55.318
55.7202
55.934
56.4328
56.9521
57.6311
56.4142
56.5573
56.7092
57.0806
57.2791
53.683
