94.6945
93.2308
93.3235
93.5071
95.8705
93.4751
93.6185
94.8887
96.1701
91.452
91.8797
93.5988
95.5697
94.0376
94.0236
95.4867
97.5578
98.1857
92.0575
94.2049
96.0688
98.0505
94.1884
94.4966
96.3302
97.4824
88.95
92.0793
94.2122
94.4153
94.5771
94.2566
94.9076
95.2644
92.4999
92.1416
90.4234
90.3714
94.6513
95.8274
95.0117
96.1235
97.9122
90.3603
92.2374
93.4825
94.7982
96.5838
97.2659
96.468
95.5561
96.8415
97.7217
98.0924
91.354
89.9764
93.3313
95.5279
95.7896
94.3211
96.1803
91.4724
92.325
93.8125
95.2862
96.6754
93.5888
93.831
94.1149
91.9776
91.5194
92.5398
93.5292
93.7769
93.5601
93.6304
91.9576
93.6014
93.7049
95.9181
96.0589
94.67
94.1999
95.038
96.1199
91.0659
90.6202
92.5145
94.8575
94.3031
