85.6295
85.6305
87.2941
81.3536
84.8601
86.0893
87.3982
84.2674
83.2247
82.9376
85.1838
86.9766
87.0301
87.171
86.1071
82.2225
83.198
83.8038
85.7285
87.3702
88.2284
88.6317
89.4298
81.6545
84.2464
84.6601
86.6772
86.7806
87.5724
88.2577
84.6549
80.5425
83.8224
85.2476
87.6551
88.2747
86.2828
87.7745
89.0584
90.5096
80.5772
83.1126
84.9666
86.3196
87.4366
87.371
87.0634
88.5402
89.8874
82.7862
83.357
84.6693
86.4248
87.4154
87.8429
83.1219
87.3453
85.6114
83.5575
85.7403
87.2801
87.4151
84.5025
87.3861
88.7511
83.6912
84.7095
86.3711
87.6335
88.4327
88.3687
89.0047
90.6758
81.1917
83.9947
85.323
86.4011
87.9701
87.9598
87.8334
88.4776
85.3581
84.0461
85.5962
86.7282
86.63
