95.2587
87.0612
91.0276
91.3106
92.9364
94.7944
95.9815
96.0721
93.8664
94.563
91.6303
92.1031
93.897
95.6209
94.522
94.9879
93.6466
93.3246
91.3514
92.2736
94.4705
95.031
94.2875
95.2117
94.421
94.4765
90.8919
92.5426
94.2183
95.0472
95.601
96.0573
96.9551
92.8193
90.7946
91.2236
92.736
93.7004
94.9039
95.1726
96.029
96.4721
90.8369
91.7307
93.9324
95.3365
95.5654
95.7101
97.1946
93.718
90.1117
91.2156
92.9953
93.5821
93.973
93.7279
91.9154
91.3814
92.1524
93.4246
94.9915
94.0266
93.8647
95.7485
92.7078
91.0954
92.2567
94.7067
94.4697
95.3747
95.5317
96.8224
98.3523
87.5187
90.4473
91.4533
92.4041
93.2875
94.1385
94.5544
95.8977
93.1762
92.9956
94.6357
96.082
92.2033
90.4904
