92.7852
93.5402
95.4817
96.8613
90.9373
93.5325
94.1977
92.27
92.8146
93.7256
95.93
94.0277
92.8809
91.1067
92.3846
92.7109
95.2057
95.463
95.933
97.0198
94.5978
90.6719
91.9574
93.1294
94.4741
94.6213
95.8827
94.8982
91.5977
92.0232
93.5765
95.0005
91.1878
94.499
95.5626
93.9361
92.4354
94.1034
94.439
95.8289
91.3022
93.1563
94.7176
95.8088
97.3223
97.7312
90.6798
92.9113
93.2437
94.0382
92.5555
92.6894
95.0933
96.2467
92.4642
93.623
94.8627
96.3013
93.3923
90.9025
93.354
94.8581
93.0715
93.5823
94.6895
93.9883
91.6759
87.5729
90.5798
93.137
95.1774
94.5307
92.7749
95.0993
96.055
97.4145
90.2607
91.5032
93.1624
95.1202
95.0609
94.1079
96.2338
97.5661
91.2135
92.8869
94.3026
96.546
