27.5994
27.6106
26.9929
25.1119
24.3168
25.9011
26.7789
27.6987
26.0569
24.5013
24.357
25.581
26.6405
27.7944
25.9201
23.9089
24.312
27.1974
21.5106
25.8585
26.9952
23.0769
23.5453
24.4379
26.4599
27.0607
26.3246
26.589
28.5422
20.2426
24.8437
27.8985
28.842
24.3786
27.0515
21.3316
20.6253
24.6442
26.2029
27.8123
24.9704
22.6113
25.8737
25.1629
27.1754
28.2975
27.2268
28.3329
23.5967
23.8691
27.7561
28.4396
24.2644
27.8971
24.2932
27.0425
27.7889
25.4656
24.5176
26.113
25.0625
25.1891
27.5676
28.9237
29.4662
25.2645
24.5951
23.7485
25.8226
25.7428
25.7061
26.873
