28.0443
29.6851
23.4448
25.3261
27.3877
20.947
20.4818
26.0716
28.3929
22.4725
23.5009
24.5532
26.2287
26.6725
27.5989
30.0018
24.3712
25.0868
27.493
26.4781
26.8454
27.332
27.3989
28.6948
23.0129
22.3181
22.1937
24.1893
24.5772
24.1578
26.8613
28.4922
20.9172
24.4396
27.185
29.313
25.289
26.7493
25.257
24.7959
26.5528
28.4508
25.5864
25.9678
26.2398
24.8874
27.4057
26.4112
27.1732
25.803
25.5269
26.9599
20.5316
23.6375
27.0493
28.7913
25.475
25.7438
27.37
29.8329
25.7676
22.2391
25.7972
24.2849
25.2716
26.6606
28.711
24.8022
26.0981
23.8414
24.2996
25.8896
