26.8306
24.5585
24.8718
26.8415
24.8568
24.5676
23.831
24.8939
25.4415
27.4787
22.5674
25.3387
27.4967
22.372
24.4603
26.0163
26.9132
28.0623
28.7595
21.9936
23.3133
25.364
26.5194
26.5916
27.2886
30.2784
22.912
18.9445
24.2897
24.4797
26.0541
24.1171
27.5628
24.4005
24.8108
26.7519
27.7418
28.9288
25.1079
24.6526
25.2387
26.9586
26.4696
27.8866
29.281
21.7545
24.5771
26.081
28.0501
22.3148
23.7309
26.3602
25.8839
28.1372
29.6609
24.8128
24.2568
23.1174
25.3912
27.6737
28.7619
24.3137
21.5107
24.3408
26.3131
28.279
23.1078
26.3072
25.6472
23.9911
