69.5288
71.7013
73.0134
74.3492
74.6293
71.3257
71.7057
72.0846
72.4428
72.5323
73.6671
73.9818
74.6809
69.8412
73.6641
74.4893
75.1313
70.9886
70.9871
69.9965
71.1282
72.4727
73.904
74.4002
70.2583
73.1319
74.3065
74.8787
75.4442
69.4036
70.4795
71.5791
72.3096
72.42
72.4127
70.4196
73.2192
73.9261
73.5876
74.5465
74.4628
71.0855
69.8477
70.2282
70.3757
68.09
70.5857
71.2768
72.428
73.523
74.4626
74.3336
72.8015
72.6413
73.3536
73.205
70.1336
70.7438
71.6962
72.9721
73.7128
74.6445
74.8293
73.4076
73.0253
72.4856
71.7652
73.0434
74.0717
74.6514
75.0883
72.2591
73.438
73.8621
74.4397
75.4593
71.2328
70.9844
72.0089
72.6819
73.4625
72.349
72.5598
73.1023
73.8327
74.9187
72.453
71.3923
70.5492
71.419
72.0933
71.3716
71.6877
72.7
73.5819
74.9418
71.2252
71.3648
71.6384
72.382
73.6185
74.5692
71.5285
72.6427
72.9063
73.7898
73.7187
73.779
74.0138
