91.6555
92.3794
93.4108
94.0329
89.181
88.3026
89.9373
90.7486
91.4973
92.0038
89.1667
91.2075
91.8117
92.3659
93.7412
91.867
91.9267
90.6756
91.0612
92.1181
93.2533
93.8898
94.3033
89.7477
90.6063
91.9066
91.6953
93.1578
93.8279
93.8991
92.6548
92.8638
92.3231
90.5785
90.5571
91.321
91.4175
91.6377
92.6932
93.2559
93.6459
91.983
91.9677
92.0926
91.0925
91.1215
91.2482
92.6493
93.7951
94.3679
94.8214
92.8786
92.748
90.7682
89.9252
88.2353
90.3946
89.637
90.7491
89.886
92.4079
93.2568
93.9889
94.4627
91.5393
91.5854
90.9146
91.3003
91.3176
92.192
93.5879
93.8495
92.2307
93.0403
93.8122
94.3777
95.3817
95.6288
93.9921
90.0534
91.2466
91.1817
92.3849
93.6213
94.0054
92.8743
92.3467
94.1236
86.9801
90.2237
90.9977
91.5324
92.1601
91.5154
92.5225
92.2716
92.0787
92.3625
92.2903
93.101
90.5044
90.7241
91.7365
92.6517
93.5168
90.5338
90.8617
92.155
92.177
93.285
93.3443
94.085
94.1086
90.6641
91.5112
91.7503
90.4488
90.9395
91.7623
92.8904
93.5315
