68.4006
66.2504
68.731
68.3298
67.6196
66.2918
65.2861
65.5243
66.6319
68.24
69.1091
69.8504
68.2255
68.049
67.373
66.9363
67.2156
68.3115
69.0202
66.7499
67.3261
66.9523
67.5669
66.9602
67.4484
68.2895
69.1345
69.7035
65.752
67.1484
67.9356
68.559
69.1036
66.0503
66.3381
67.4986
68.7743
66.9988
66.7159
64.9107
66.6867
67.9662
68.185
68.6792
69.5047
66.5996
66.8446
66.3
66.6309
66.4899
67.4613
67.8425
68.9123
69.5318
66.2798
65.9949
66.5383
67.1497
66.0988
66.8861
67.7419
68.8845
68.8167
69.6356
68.1009
67.5141
66.6588
66.6091
66.9605
66.8971
67.5208
68.213
68.9769
69.7968
67.3695
67.6312
66.9406
65.2856
65.8276
66.8249
67.7801
68.6593
67.1325
67.8682
68.8926
67.8596
65.6231
66.8591
67.3964
67.9979
68.4854
69.3182
67.6193
67.5137
66.8173
66.4627
67.0497
68.1595
69.0748
69.5681
68.386
68.1267
68.4742
68.2364
66.6622
66.5477
67.3492
67.5049
68.4858
69.3897
69.3564
