86.9514
85.6205
86.9706
87.7164
83.3531
84.1647
85.071
85.5104
85.5771
86.5786
86.9502
87.2325
87.487
87.9572
85.7236
84.2018
84.1563
85.2117
83.7875
84.3132
84.9918
85.5258
86.2756
85.8938
85.9557
86.7474
84.8513
83.0118
83.4784
83.4085
84.1898
85.3197
86.1277
86.9563
87.4137
88.2588
85.9819
85.1575
85.5452
86.4497
86.7396
82.7634
83.4672
84.28
85.9792
86.4939
87.314
88.016
85.8131
85.9008
83.7325
83.9839
83.2968
82.8051
84.7807
85.6572
86.8638
87.5278
88.0098
85.0725
83.4142
83.0771
81.8709
84.0669
84.8324
85.9911
86.8884
87.0539
84.5454
86.9506
84.7909
84.2437
86.1751
87.3619
85.1406
86.3217
85.0864
86.1151
86.8047
87.4636
83.3584
85.256
86.1228
86.2766
87.253
88.0816
84.5603
84.8969
84.7845
86.3487
87.237
87.7052
84.2128
85.5607
86.2559
86.4072
86.9018
87.6896
87.9544
82.9142
84.6554
85.4908
86.7273
84.9071
84.9959
84.8312
83.5588
85.4137
85.6633
84.83
85.8476
85.4389
85.6313
84.6907
84.3806
85.3118
