77.0867
77.3437
78.3987
79.2868
79.9231
74.6807
74.9755
76.0927
76.8346
77.9026
78.6193
78.9728
75.4668
76.1079
77.6683
78.5983
79.6722
79.9795
79.8576
72.32
74.693
76.6543
75.3863
74.8623
76.0835
76.8446
77.8765
78.9314
79.5481
74.7402
74.3352
75.8245
75.5576
75.3341
76.6359
77.2346
78.1767
78.9178
79.5231
79.8243
75.3113
75.9025
75.8994
77.2587
78.2604
78.9793
72.9922
75.7482
76.9544
78.1405
78.9166
79.8468
80.2103
75.4454
76.5754
76.46
75.1626
76.1481
76.8555
77.5281
78.3568
79.318
79.0333
78.9793
79.4612
80.3256
73.2306
74.0619
74.7482
75.9875
76.3447
76.8233
77.2393
78.1579
78.2389
79.2409
78.3258
75.9499
75.8733
76.9016
77.8278
76.5312
74.2424
77.5194
75.5205
78.6537
79.1485
80.1286
80.2766
75.2575
76.4784
75.7579
76.1394
77.5168
77.9977
78.0399
78.3864
76.7833
77.0607
75.0075
74.7666
74.4641
74.967
75.3272
75.7512
74.71
76.0075
78.1972
78.844
79.5685
76.4518
76.6292
76.1988
77.1478
77.7208
