74.1964
75.812
74.0026
72.9936
73.8069
74.2513
75.0297
76.0957
74.3302
72.6408
72.9374
73.8431
74.6906
73.2725
74.3818
74.8142
75.1175
76.1147
74.721
73.492
72.6642
72.9837
73.5587
74.2724
73.4164
74.6564
74.7256
74.6389
74.7003
73.3582
73.0551
73.0978
73.5627
74.4245
75.4825
73.1644
73.8087
73.8215
74.6483
74.4535
73.3231
73.3441
73.8917
74.0035
73.6402
73.0372
75.0633
76.022
76.8492
70.3742
72.9423
72.4291
73.3804
74.5625
74.993
75.1582
75.7279
76.117
77.3972
74.0679
71.0472
71.5119
71.3343
72.8952
73.8342
74.3266
74.8578
75.3509
75.5128
73.7663
75.2316
73.4781
71.2853
72.0782
73.5904
74.8758
74.8692
74.6183
75.2642
76.5255
77.5381
71.9543
70.9441
71.8148
72.789
73.3769
73.8408
74.5772
75.3299
76.1668
75.7764
75.6771
72.2566
71.8513
71.9322
72.5168
74.1943
74.6414
75.6149
74.9141
75.1595
76.1088
76.8482
77.2723
71.7623
72.558
73.0594
71.7561
73.7897
73.9674
74.0555
74.6765
74.7009
75.4187
74.7406
69.5925
72.7534
72.9687
73.0196
73.7682
