91.4955
90.4687
91.3031
90.7533
91.2899
91.9382
92.2716
87.2229
87.6279
88.4075
88.9493
89.681
90.2786
88.4605
89.0603
89.6321
90.459
90.2512
89.5648
89.865
90.5563
90.6721
89.4293
89.5644
88.1604
86.7642
88.268
88.8757
89.8261
90.7046
91.4329
87.7547
89.8515
90.6964
91.4433
91.8189
88.0454
87.2338
88.5657
89.3721
90.1653
89.4861
89.5136
89.9405
89.4675
90.0372
90.5967
91.0725
85.4643
87.1437
88.9324
88.8268
90.6159
91.539
91.9046
89.5411
90.5253
90.4857
87.5361
87.1757
88.4349
89.5364
90.707
91.3832
91.6801
90.8478
89.3689
89.9956
88.1544
87.4589
88.3603
89.0167
90.0208
90.2235
91.3807
91.3517
91.4984
92.3917
93.1848
87.1796
87.3588
88.4881
89.4448
89.1439
90.1956
90.973
91.3638
91.8097
89.4149
89.4136
88.637
88.7502
88.7007
89.8516
90.5652
91.3135
91.7391
92.2699
89.3578
86.9004
87.2998
87.966
87.2925
89.2397
90.8009
90.4787
88.4755
88.772
89.3451
89.9217
90.5416
90.1341
89.7978
90.552
90.9825
91.5501
