68.4151
69.202
69.74
69.5206
69.2901
68.139
68.6597
69.4851
69.9174
67.4418
68.417
69.3249
70.4026
70.8169
66.7836
65.2042
66.5981
66.925
67.1189
67.4613
65.5008
68.6437
69.1566
70.3181
71.3123
71.9484
66.7818
67.6103
68.4968
69.9016
68.2432
68.4226
68.7891
68.4023
69.1888
69.7785
68.1125
66.9127
66.4937
67.4786
68.3847
69.4853
69.8795
66.7683
68.1963
69.3569
69.5585
68.1942
67.5701
68.2581
69.1847
70.2195
69.6287
70.4898
70.6859
71.1541
71.2935
64.5668
66.7873
68.069
68.6292
69.0229
67.2776
66.9187
67.635
68.9766
69.8597
69.522
68.0616
67.1972
68.4096
68.6419
69.9466
70.8344
68.0833
67.4721
68.5136
69.7298
68.3529
66.991
67.4748
67.6817
68.5471
69.3948
69.6349
70.9097
71.0518
71.1211
68.3243
67.7608
68.3104
69.1739
67.5618
66.9824
66.7979
69.31
69.6102
70.9654
68.6168
67.7618
68.3871
69.4155
70.2724
65.8574
67.9571
68.4836
69.5496
68.8781
69.4036
69.8408
70.2925
67.995
68.313
69.0204
69.7897
70.5928
67.5653
67.6728
67.6122
67.8165
67.6673
67.0015
68.3446
68.8144
69.9812
