77.2531
73.629
75.0513
74.7347
74.9356
75.5719
74.5321
75.1034
76.5388
77.7568
78.4803
79.16
80.0546
77.0518
76.1828
76.5456
77.2217
78.2253
76.4592
75.0627
76.4853
76.5152
77.5606
76.9143
77.7718
78.338
79.0816
77.6897
75.8669
76.7555
77.6036
78.0099
78.793
79.4372
75.8952
76.5389
77.1222
78.1081
77.0659
76.5092
77.1872
77.9708
77.8797
76.6818
75.7657
76.6697
77.6993
77.5024
76.321
74.5888
75.3568
75.6578
76.575
77.5727
76.4937
77.4734
78.2552
78.6733
79.2605
77.4296
78.034
78.5392
79.0042
79.8699
74.0482
74.7615
73.3911
76.1672
77.5639
78.4357
79.4301
77.2721
77.599
76.6583
77.4904
75.9423
75.835
77.0231
77.9259
78.9401
78.3678
78.0911
77.2821
77.9685
77.5699
76.6878
76.106
76.747
76.9541
74.1867
76.558
76.5707
77.5033
78.1921
78.9133
79.599
77.0398
76.1636
76.9924
77.2846
78.1571
78.8829
75.1694
75.2482
76.1895
76.9062
77.5488
76.7323
77.8881
78.452
78.7712
78.5844
76.4062
75.9052
75.4187
