81.8917
80.8993
81.1797
80.1279
80.3843
80.2777
79.5221
80.984
82.3117
83.0696
83.5927
84.4489
85.1572
82.3705
80.5493
82.603
81.6505
82.5537
83.5951
83.94
81.622
82.3308
82.5951
83.6763
84.5038
85.1202
85.594
80.7416
81.2689
82.6131
81.7451
81.9067
82.5082
83.0127
83.7115
84.6697
85.2887
82.9162
81.7124
82.4959
83.1744
81.3491
81.9602
82.5208
82.8609
83.5947
84.832
85.128
80.4253
80.4672
81.8664
81.0525
82.2812
81.7941
83.163
83.7127
83.9385
82.3802
83.0149
82.7508
83.8555
85.0445
81.766
81.4462
81.2728
82.7279
82.8919
84.3369
84.7544
85.2816
80.4078
82.9064
83.7627
83.1061
82.0399
83.2083
84.0683
84.7591
85.3543
83.9405
81.8885
81.4938
82.7072
83.5228
84.1989
83.0088
83.6777
84.5314
83.0511
83.2842
82.4328
82.1312
82.0373
83.3452
84.1083
82.6592
83.1734
83.4633
84.0304
83.2382
82.5668
83.0894
83.9155
84.5442
83.1233
82.4561
81.9915
82.5579
80.9392
82.4782
81.9772
83.1512
83.5002
83.9611
84.5793
83.1798
82.1273
80.1852
80.5049
