94.5923
95.7952
96.6852
94.0489
93.4201
94.781
95.1468
94.1214
91.9338
92.9499
95.825
95.2773
96.6845
96.6251
97.4976
92.578
93.485
94.4864
95.0694
95.9111
94.2648
93.3108
95.4224
95.9278
96.8179
92.4828
92.4005
92.1892
93.2801
93.5493
95.1595
96.0488
96.6831
95.8299
94.4357
94.5082
91.804
93.943
94.3572
94.5598
94.0616
95.3489
96.0881
96.6108
95.1158
92.8535
94.1264
91.8225
92.8838
91.8265
93.2603
94.5177
95.439
93.8892
95.9742
95.0577
94.9837
94.6239
95.7811
96.8019
94.6426
94.6383
95.2116
96.3593
97.4356
92.2889
93.6363
94.6206
95.4758
96.3346
96.9975
97.6655
90.9872
94.3936
95.157
94.4987
93.6807
94.8088
95.1781
95.6368
95.6644
95.6855
93.9382
93.2195
94.5936
95.2529
96.1248
97.0648
97.3581
94.4145
94.8194
94.6238
94.9965
94.0348
93.237
94.0786
95.6371
93.821
96.2569
96.5809
94.9998
94.3016
94.6719
93.4966
92.5834
92.5498
94.0191
