75.7751
75.6698
76.5054
75.5831
74.9965
75.4753
76.0346
77.1553
77.4042
75.1026
75.5445
75.7913
76.6912
76.6087
76.0277
76.0531
76.9734
77.8919
78.5136
76.3464
75.6159
76.0862
77.3355
75.8169
75.5847
75.8161
76.872
77.3623
76.9555
73.7611
75.4559
75.9316
76.2443
77.8244
78.5771
75.9031
76.3692
77.2585
78.1299
78.7978
79.3364
75.3716
75.271
75.9115
76.3463
75.7619
76.6405
77.0337
77.6552
75.5698
75.1035
75.5599
76.664
78.08
75.2982
76.1415
76.0439
76.6093
77.6034
78.1989
73.9272
73.3288
75.405
76.4922
76.2114
77.2426
77.2924
77.7942
78.271
78.3556
72.4671
74.8511
74.7622
76.2102
76.1198
77.4629
77.7785
78.0358
77.8863
77.1889
73.1337
73.5594
74.5259
75.1073
76.2437
77.0447
77.8845
78.2962
78.6192
79.1482
75.5184
76.2159
73.5622
73.7511
74.69
75.9344
77.2186
74.8863
77.6113
78.0219
79.0612
79.5458
80.34
74.6699
74.2017
75.0907
75.7045
76.8728
