28.8597
24.6644
25.5707
28.5067
22.8207
23.3849
25.5323
23.8736
25.4221
27.4644
25.786
27.187
28.1302
25.0995
23.8133
25.5325
27.0297
27.6593
25.7812
25.1164
24.1416
25.4436
27.3875
26.6807
25.4872
25.8252
24.8169
25.6399
27.2895
25.1754
22.4397
26.2103
26.3269
27.5676
29.2108
25.5404
27.4006
29.3207
22.3843
24.8157
26.9395
28.8668
24.3541
26.0701
25.3893
25.4432
27.9674
29.8507
22.9061
26.3426
28.869
19.5246
24.9652
27.0282
27.4069
24.0689
25.6251
25.1545
23.4792
22.3596
24.1714
27.6007
23.8186
27.305
25.9706
25.0293
27.011
24.6451
25.8403
25.9549
26.6193
25.3193
