24.7659
26.3328
27.986
28.395
26.3129
24.0601
26.6045
29.2136
25.8971
26.2722
28.1378
24.1101
24.1635
24.4738
27.6725
29.0293
24.8487
26.9085
24.5179
26.1809
27.8873
24.2189
24.3812
26.0973
26.5291
27.9811
24.9276
24.4838
24.3688
25.2668
27.6187
25.3147
24.0365
24.7008
26.0241
23.2673
23.9575
25.6293
26.3802
26.0709
27.5051
28.9037
22.4112
25.7245
25.0397
26.138
27.7364
24.7015
24.1941
25.9317
27.4574
23.2744
27.464
25.0457
25.0007
26.8497
22.2384
24.5005
25.2443
26.0332
24.9836
27.2971
28.6189
25.3221
