19.5474
19.7171
20.5651
22.2687
23.0884
24.3006
23.3845
21.5378
22.3038
18.5034
18.6005
20.0543
22.9073
23.9358
24.7673
26.0202
16.6751
18.3031
19.6196
22.1466
22.2558
24.4815
25.7861
24.9442
21.8214
21.2535
22.9531
19.2102
19.4974
22.6369
24.6792
22.4553
23.6874
25.3222
25.0018
25.6047
23.3918
23.5708
24.1738
23.1779
23.3291
25.895
21.8641
26.1111
23.9878
22.8523
24.1441
26.6342
27.5516
23.6948
25.6915
22.644
24.7053
26.8501
27.6134
26.4809
24.4762
25.129
25.7493
25.1069
24.8989
24.9377
27.1165
23.852
24.6701
24.0129
25.6784
26.3755
27.7553
29.1806
25.1146
24.9783
27.7329
25.9146
25.4124
26.6085
27.1124
