24.3216
24.7089
24.8799
26.5958
27.7759
23.4059
25.0412
25.2302
23.1254
23.0722
23.7266
25.797
27.3541
28.1537
26.8249
29.1823
24.0613
24.6183
25.9947
25.685
27.2386
29.8671
22.1498
23.6516
21.6326
26.6697
28.6447
27.0912
26.5456
19.7446
24.6017
27.5402
28.2557
25.1094
26.3719
22.987
24.5665
26.4901
26.6238
27.8935
29.029
23.1523
19.3637
25.2935
27.0968
26.8914
28.189
22.7491
23.5581
25.471
26.6232
26.4594
26.9823
23.246
24.266
26.7343
22.9598
25.0078
25.5593
24.7508
23.605
25.1693
26.5436
24.4996
25.2597
27.5125
28.6814
