23.0782
23.6496
23.7264
22.8625
25.7525
26.3595
27.2541
29.0418
22.2907
23.8117
26.3503
26.9331
28.3782
28.4134
26.7551
25.2643
26.8334
23.9041
23.9743
25.9006
25.512
25.9997
26.5764
29.841
24.7804
26.4702
28.7996
29.7836
25.4749
22.5968
24.4614
26.5437
28.9862
27.7668
28.1851
26.4927
25.0675
26.7708
23.5325
24.0513
24.029
26.7097
27.9014
23.3645
24.2494
21.8977
20.1921
21.8763
26.616
28.5753
26.2715
27.3215
24.0041
25.0801
26.8812
28.5629
25.8428
27.219
29.2512
20.2071
23.6278
26.0954
26.2868
25.9101
27.8794
29.9259
24.1639
24.8271
25.0069
27.1609
20.4991
