95.1029
93.8962
94.3474
92.4406
93.4093
95.0124
96.6355
97.2095
93.4956
93.753
93.7931
94.4621
93.5402
94.8134
96.9497
93.2252
93.3523
93.163
93.6833
95.3095
95.5346
93.1879
93.7515
92.7878
92.5702
94.2115
95.6598
96.9083
94.5007
95.4925
97.5627
92.418
92.4662
92.7521
93.9376
94.177
94.1241
92.9146
94.6853
95.5879
91.2565
93.2896
94.483
94.1497
94.4414
95.3142
96.6569
90.9448
92.2416
93.5583
94.8768
95.2084
95.5572
96.6419
97.4528
92.8156
93.8955
95.2007
96.2189
93.4318
90.5669
94.1894
95.5797
96.6638
90.2446
92.2277
94.6899
95.2504
96.0603
96.1588
96.7675
94.8624
93.2397
92.2537
93.7676
93.8473
95.6394
96.5512
97.0267
95.6487
92.2298
91.3791
92.3854
92.9945
92.9971
