93.5427
95.0466
95.9175
93.1662
92.3239
92.9932
92.5523
90.6638
92.5824
93.0757
94.6638
96.4445
93.0283
94.0841
92.2393
91.2474
91.649
93.0135
94.5309
95.5392
93.8199
95.464
97.0033
91.2224
93.0441
93.8012
94.7553
94.5312
94.3854
96.0912
90.9628
91.8032
92.6653
94.7498
92.2347
95.5159
95.0267
96.0236
93.1736
92.7877
94.8457
96.3405
93.3071
94.5234
94.3094
94.5951
93.8369
88.8659
93.6401
94.1151
93.8743
94.3266
94.7461
96.1483
97.5383
90.8267
92.5186
93.7648
94.1032
94.7456
95.1037
96.37
97.5741
97.9813
89.3952
91.5964
91.8733
93.3138
94.1476
94.1588
91.854
93.2869
94.715
96.3311
97.716
93.055
94.085
95.9783
94.2393
95.0627
96.4997
94.7911
92.3213
91.9214
92.9445
93.8837
94.7759
94.9054
93.5921
90.0991
91.9904
91.975
93.4945
