84.0137
84.9127
86.5984
88.5493
88.8363
78.4355
83.6194
84.0902
85.1587
87.1794
87.3353
86.8543
81.5347
81.0531
82.9463
83.9918
85.2529
85.9438
87.1505
87.777
84.3743
79.8561
81.5438
84.4779
86.8445
87.2133
86.8324
84.2741
85.6053
83.2509
83.6379
85.2322
85.7422
86.733
86.7194
85.627
87.3713
88.8352
82.2705
84.5535
86.9234
88.2881
87.6622
85.7043
83.7392
80.2715
84.6451
86.4218
86.5668
86.9721
85.842
85.9323
86.7848
88.059
89.2608
80.7087
84.6965
85.0005
85.7792
85.0176
83.1019
87.113
88.7139
83.1941
81.3258
84.9567
86.3039
86.628
82.3275
84.9865
87.3013
89.0381
86.0478
85.6201
87.2647
88.8506
83.6663
85.3861
86.4332
81.9795
86.1572
86.0739
86.6546
79.1449
