73.1373
71.8116
72.486
73.5834
72.809
73.4096
72.3352
73.6019
73.7038
73.6605
74.3896
75.4188
75.0028
74.9462
73.0063
72.7099
72.6872
73.21
73.9553
73.8609
73.759
73.6791
73.0888
73.968
73.969
74.5755
74.865
74.9648
75.4832
73.7285
72.8691
73.3037
74.4965
74.8261
71.5856
73.311
73.7563
75.0522
75.6809
76.032
76.2532
76.0395
76.118
76.9164
71.9615
73.2137
73.6363
73.8191
74.8659
75.2103
75.4961
76.0641
76.5902
76.5031
78.0211
78.5949
76.2862
74.1033
74.4404
75.052
75.5226
76.4778
75.5236
76.3845
77.0136
77.5276
78.1719
77.0606
77.5776
73.5963
74.3382
75.5739
76.1877
76.4338
77.5182
77.6457
78.5686
78.9192
77.1253
76.1054
75.3444
74.9557
76.3913
75.4045
77.5976
78.7052
76.0461
74.9115
76.0557
77.3886
78.6004
76.8008
76.7296
78.511
79.873
75.6703
77.4603
78.1631
77.7094
76.8885
76.3615
77.7273
80.2098
81.1437
76.9782
77.7376
79.0197
76.889
