94.4632
91.7746
93.3353
95.3796
96.4254
93.6263
94.1844
96.0148
97.3616
92.6782
91.3046
91.6987
93.6634
94.5158
92.7488
91.001
95.8281
95.2932
95.9137
96.7631
98.0023
92.4734
93.1349
93.2504
93.3397
95.0861
95.7129
96.5095
92.7708
92.7717
95.1245
95.8596
97.317
97.3675
93.6948
93.7784
92.8413
93.0511
93.6657
94.37
95.4019
95.928
95.9318
94.2805
95.3825
96.3789
91.7214
92.4343
93.4047
95.0543
96.794
94.2018
91.5595
95.872
96.0878
92.0387
93.1113
93.9994
93.9502
94.1981
94.9696
95.9893
95.458
95.5793
95.884
93.63
93.0111
94.8084
96.23
96.8155
94.6364
95.3659
97.4199
93.2593
94.4629
96.0193
96.1269
96.3554
96.6943
95.8509
95.4389
92.5047
93.1895
94.5223
95.3197
95.95
97.4437
95.5116
92.4955
92.2039
92.7977
93.5712
93.6976
