94.625
91.084
92.7522
93.6971
93.9326
95.5013
95.5691
94.5175
92.2109
94.0437
93.5934
93.5031
94.2375
94.7456
95.3924
92.5344
92.3038
93.8228
94.4401
94.4921
94.9649
96.9845
97.8069
95.4181
91.7997
92.5146
94.4846
96.7692
94.8345
95.0009
97.8433
92.69
92.9614
95.2228
96.6142
93.708
94.4476
95.7314
97.1269
92.5183
91.4803
93.3051
95.1349
95.9948
96.4765
94.6722
95.57
92.9
92.6362
93.6415
94.6518
96.2535
95.6156
94.691
94.864
92.6868
92.2038
92.8305
94.4516
96.0653
96.2309
95.1682
97.0521
97.8948
90.5394
92.8054
93.8532
95.8763
94.9671
94.7773
96.2302
93.7855
93.2349
94.5588
96.2617
94.2659
94.3049
95.6142
96.839
93.7592
92.2371
90.6678
93.185
93.5048
93.8035
95.0473
90.6871
92.8241
94.7852
96.5175
93.7806
