82.2161
84.159
77.1373
76.5313
78.5306
80.2473
80.6199
80.8946
81.6962
83.758
84.9026
79.2817
80.4133
80.514
81.8989
83.088
82.4167
82.1127
80.123
79.9937
81.9484
82.815
81.4904
81.4084
82.074
81.2925
81.1828
79.4309
80.4973
82.4081
84.1128
84.2767
81.6285
81.1646
80.0609
80.1642
81.5944
82.5194
83.917
84.3741
79.8121
80.626
80.6018
80.3045
81.5539
82.641
82.2865
83.1431
81.0044
78.8845
80.3467
80.6112
82.8864
82.293
80.604
81.1691
81.0415
79.6423
80.5256
80.375
82.1137
83.1486
84.162
81.7586
81.7732
82.5512
80.0498
80.5994
81.4169
82.8777
82.108
79.1606
81.4503
80.9762
81.7
82.3341
83.2751
84.6908
84.9883
79.7693
80.2738
82.2913
83.5499
85.3237
80.4711
81.8302
81.1634
80.4165
81.0946
