97.4973
91.9691
93.0058
93.9573
94.9087
94.2227
95.2943
95.6103
95.9146
96.5893
95.8278
94.0192
92.6263
93.5375
94.7287
95.4747
96.3085
94.6876
94.9862
95.918
96.8577
93.4265
92.7635
93.7682
94.1585
94.7728
91.6149
92.9428
93.91
94.7684
95.7806
94.7664
94.3714
95.0233
95.7701
95.7976
94.9538
92.8953
94.2549
95.0123
95.9715
94.3785
93.9326
94.683
93.675
94.7755
93.0233
94.671
95.1133
95.7719
96.4814
97.1067
93.4288
94.3873
95.1104
95.7027
96.5865
94.9478
94.4604
94.9384
95.2254
96.2543
94.1056
94.2513
94.833
95.8168
97.0853
97.8253
97.9189
94.4559
94.4293
92.4655
94.6383
95.3891
95.7825
96.7092
93.3964
94.2119
95.1159
95.7962
96.3666
97.1852
97.554
93.5531
94.0094
94.3173
95.0259
93.821
93.5675
94.6237
95.7175
97.0294
93.6875
94.7651
95.1062
95.4787
95.5586
95.8563
95.5196
95.1741
95.9353
96.2719
94.4642
94.2125
95.5371
96.462
92.6939
94.4987
95.5221
95.9601
95.2867
94.8934
93.3074
94.4056
94.2376
95.5154
