69.8402
70.6109
71.4983
68.5549
67.5295
67.3549
68.4882
70.0606
70.793
68.2836
69.3516
69.9242
70.8512
71.528
67.1525
65.0714
64.8921
66.7321
68.3899
68.7652
68.3715
69.1864
68.8806
70.0906
71.3456
71.7525
72.175
67.3485
67.5696
68.6648
69.3883
70.2928
68.0114
66.9622
68.1787
67.8714
68.4872
66.3283
66.0956
68.0816
69.2151
70.2888
71.4492
71.9851
67.2533
69.0962
69.5207
70.4219
71.0163
71.4231
66.4878
67.4884
67.8948
68.6694
69.4914
68.8642
68.6821
69.4592
70.4219
70.8903
67.5011
67.4437
69.1146
70.0962
69.0532
69.4123
69.8004
69.5278
70.5142
70.4944
69.5004
69.7411
70.4736
71.3853
65.4436
67.742
68.4533
69.6013
69.4666
68.5393
69.136
69.7562
70.2686
67.7008
65.4084
66.9161
67.7233
67.6063
68.5707
69.1113
69.6502
70.7686
71.5177
72.128
68.3829
67.1563
67.1403
68.0131
69.2574
67.3585
68.4005
69.2658
69.8843
70.3331
71.5
68.4167
67.6997
68.2034
68.6368
