93.8193
94.5431
95.3254
96.112
90.3331
92.5489
92.592
92.0365
90.7745
92.7547
92.0798
92.6923
93.2427
94.2131
94.79
95.6485
96.2317
93.3434
93.276
92.8684
92.4319
92.7271
91.7223
92.7168
93.6287
94.7159
95.5979
93.8362
93.2719
92.3881
93.9559
92.3169
92.8916
92.2773
92.0054
93.8407
94.1251
92.8951
94.7929
93.4728
94.0959
93.1309
93.6396
92.0385
91.2921
93.0615
93.0534
92.8528
93.3678
93.9397
94.0293
94.6474
95.665
96.5264
97.1722
92.173
92.6229
93.1405
94.3585
95.2038
94.3782
93.3989
94.3768
94.7035
95.7187
96.3802
93.3016
91.8176
92.4939
93.0087
93.6379
94.2572
94.4476
93.5944
94.4782
94.9648
95.7467
92.9915
93.1446
92.563
93.109
93.8184
95.306
95.9196
96.6521
92.8913
94.6361
93.8659
92.6229
92.0706
92.5055
93.2003
94.9965
96.1658
95.1281
94.5995
95.6617
96.1661
96.7998
93.2539
90.664
92.3468
92.7031
93.7605
94.2561
94.8112
95.1062
94.552
