78.1229
78.8588
79.916
79.8799
80.0787
79.8134
81.3033
81.0334
82.0755
82.9967
81.2775
81.337
81.4928
82.0077
83.0872
77.3235
79.6704
80.3619
80.85
80.1851
79.8605
80.4903
81.2478
82.8461
81.5997
80.7324
78.8028
79.168
80.0094
80.7168
81.6188
82.0591
81.0308
81.2431
81.5222
82.3773
83.163
80.2959
80.592
80.9247
81.7197
82.3365
81.5243
79.9983
80.8641
81.4084
81.2876
80.7254
81.0032
81.3449
82.1532
82.4088
81.9058
80.1395
80.985
81.4413
81.056
82.1765
82.5587
82.9779
83.9734
81.4322
80.5167
79.102
79.5732
79.0562
79.2843
80.3419
80.5913
80.6651
81.8285
82.8525
82.5583
80.483
80.3149
80.0996
80.5569
79.6074
79.9665
80.0931
81.9566
82.2684
83.2805
83.5674
80.6639
81.2127
79.3032
79.8677
79.2814
80.0842
81.0598
81.9181
81.9064
82.4995
83.0521
83.6791
80.8458
78.9678
80.0235
80.2666
80.967
78.8464
79.975
80.1394
80.5292
81.0047
81.9202
81.6236
82.5729
83.3967
78.5109
81.2497
81.9496
82.3797
83.1125
