91.0313
90.9079
91.2702
89.0505
91.6283
91.9729
92.6209
93.7402
93.6468
94.3433
94.8572
89.4648
89.9566
90.2351
90.7338
91.4082
92.3888
93.1965
93.6823
91.6353
91.1992
91.7994
89.4267
89.7814
90.2963
91.1073
91.8035
92.8984
93.7675
92.9632
92.2428
91.518
91.3194
91.7607
92.708
93.0335
88.9588
90.8436
91.2992
91.6669
92.436
92.791
93.329
93.8516
91.9583
88.9863
90.0486
89.975
91.0232
92.0493
93.0575
91.2228
91.7561
92.4563
93.4201
90.5693
88.6824
89.4622
90.3013
91.6617
92.829
92.3929
92.0828
92.6286
93.2445
94.4437
94.7443
94.8547
88.4717
90.5573
91.5256
91.4326
92.7756
93.5376
93.8973
89.462
91.6368
91.1756
92.6792
90.4095
89.4701
90.6317
92.1102
93.7859
92.2231
91.6551
92.7232
91.3503
92.1527
91.1692
90.9461
91.5054
92.1861
93.2796
93.8012
91.1483
91.8376
92.6904
93.808
90.1123
89.5394
91.3757
92.1161
92.5628
93.736
90.3932
91.5411
92.4999
93.4579
94.0762
90.2534
89.3242
90.4331
91.3766
