94.8904
91.277
91.7562
92.843
94.0122
94.7409
95.0062
94.2411
95.5898
96.3181
97.4382
91.7203
91.7003
92.2523
92.8403
93.3398
94.222
94.3143
92.7587
93.1999
94.6706
94.9982
92.7957
93.8052
94.3625
93.9685
94.5446
95.0759
95.7468
96.3586
97.0302
97.2384
89.23
90.6079
90.599
92.076
92.7747
95.5771
96.7404
95.6197
95.0774
96.3731
94.5434
90.9637
92.752
93.8607
94.209
94.4885
94.7661
95.0403
95.3602
96.399
96.8743
97.4498
93.6903
90.7508
91.8168
91.6101
92.3479
93.0376
94.1844
94.4053
94.9411
95.2946
95.9845
96.7297
95.0451
92.6354
93.1409
93.6179
94.2196
95.1174
95.7037
96.4526
94.7068
94.8904
95.3944
95.9429
96.8782
93.3507
92.6768
93.617
94.0217
94.803
95.6128
96.4043
90.8039
94.1315
95.4164
96.2275
97.25
91.8162
94.0668
94.3052
94.8265
96.3295
97.4679
93.4599
93.6525
94.9126
94.2622
93.8038
93.6277
94.5542
95.5145
95.7959
96.2757
95.2613
94.007
94.3513
95.5151
96.2719
93.3571
94.3417
95.025
95.4317
96.2896
