95.9689
96.6307
97.194
91.7219
94.1351
91.3347
91.4466
93.6191
94.5061
95.1261
95.8064
95.8859
96.3969
95.2557
94.0538
91.4392
92.7058
93.1994
93.0896
93.8114
94.3604
95.6495
94.8853
94.9174
94.0879
93.644
93.2396
90.982
93.4086
94.0307
94.2781
95.3349
94.1726
93.3929
93.0384
92.7445
92.4196
93.8449
95.5791
96.0229
96.6163
94.9087
95.5614
95.5563
94.0398
93.8483
94.3782
95.4289
95.9825
96.7593
95.9126
93.8559
94.8259
95.535
92.9813
93.3909
92.4189
94.2952
94.4765
95.3695
96.1345
96.7571
97.0504
92.7284
93.9822
94.295
92.9264
92.9647
93.9093
94.6849
95.0043
95.2702
95.5857
96.2244
95.9846
95.0445
93.6486
94.0754
94.494
95.0959
95.7653
96.8289
96.5488
95.3601
93.3857
94.9905
95.8812
93.8294
93.1513
95.0196
95.2928
95.8265
96.6437
95.3375
94.4783
95.7194
96.7807
97.7805
97.9106
93.8771
94.7896
94.6584
94.4299
95.7913
96.5163
96.8013
92.8749
95.7089
95.5342
93.0608
90.7975
93.3949
94.9294
