77.2589
75.0201
75.2219
73.1392
73.1132
74.492
75.8961
76.8065
77.4405
73.935
75.8902
74.7308
76.654
76.0239
74.0843
73.9884
74.8989
75.4785
76.6846
77.4034
75.8886
76.2113
75.6841
75.1336
75.4095
76.2327
77.0314
77.2757
77.7595
73.2758
74.7049
76.0752
74.6968
74.251
75.5583
74.9679
75.6457
76.7912
77.7132
78.1424
74.751
75.2568
76.3424
76.518
73.6516
73.6717
74.0204
73.6389
73.56
76.4755
77.4935
78.0134
78.1539
75.3373
76.5261
76.3038
74.5763
75.0073
75.163
76.0254
76.7547
77.3811
77.5934
77.7835
78.0346
78.6912
72.6383
72.9064
73.4714
73.8762
74.6815
75.4028
76.0252
77.015
77.7228
75.1556
77.0825
73.5172
74.5997
75.6084
74.371
74.204
75.4903
75.4994
76.8642
77.0627
77.6352
78.2797
78.6356
71.3304
73.6898
74.0074
75.0888
75.8965
76.5806
77.4428
78.246
78.4767
75.5704
75.1309
76.2127
76.9934
72.0996
74.167
74.7225
75.5393
76.829
77.4751
74.8641
75.3231
75.5474
76.7906
77.2842
