89.7161
89.413
89.6926
90.3579
90.7211
91.0648
87.2622
87.0937
87.4991
88.7222
89.645
91.302
91.8199
87.5641
88.9918
89.689
90.2984
86.9142
87.9444
88.9917
89.8269
91.3322
91.4271
90.6142
91.0956
91.1558
88.6301
87.0919
88.6237
89.4396
90.4003
90.9624
90.9632
90.6595
91.3987
92.5015
93.2843
87.1391
87.6074
88.0171
89.1281
89.5491
89.5815
90.2738
91.0752
91.6932
91.9154
89.3581
88.5193
88.8765
89.2167
90.8257
91.2633
91.4948
91.7455
92.1838
89.4471
87.0749
85.247
87.8682
87.4325
89.4031
90.8119
90.7409
89.1123
88.4556
89.3364
89.7886
90.2948
90.4079
90.4035
89.7328
90.6532
91.432
89.089
87.1459
87.712
88.7955
89.8884
90.7309
89.693
89.613
90.3821
90.662
88.6125
89.4179
90.6007
90.8604
89.1444
89.1415
89.9828
90.7699
91.5281
92.1916
89.6188
87.6518
89.383
90.5077
91.6767
92.3278
92.7457
90.0268
90.3712
90.3944
87.8985
87.6571
88.3359
89.3204
90.8736
92.1984
92.6077
90.0069
89.9043
88.5815
87.6142
