71.9171
72.5286
70.873
70.423
71.151
71.9693
72.774
70.1171
69.8043
69.9048
70.5099
71.439
71.231
69.678
69.9568
70.8575
71.9055
72.7902
73.4754
68.6275
68.8672
70.0301
70.4659
68.7527
68.6915
70.6475
71.3375
72.5895
73.7175
70.0196
68.7242
69.219
67.9753
70.3953
71.3799
67.164
70.2239
70.9746
71.8469
73.175
73.9421
69.0042
67.298
70.2377
71.2223
71.9417
71.2396
68.4286
69.5604
70.675
72.3748
73.5848
70.2367
70.4627
70.8664
71.8541
72.457
72.8361
64.8051
68.4335
69.3655
71.0975
71.2369
71.0042
69.7606
70.9983
70.0294
69.8024
69.3393
70.5397
71.5507
72.0695
72.9228
73.1789
73.3464
71.4783
69.3111
69.2985
69.109
69.4356
70.7603
71.5896
72.5663
72.5407
73.1249
71.6252
69.0296
68.6684
68.4752
69.9831
70.7689
71.8196
69.0754
71.2876
70.6254
71.3397
71.9796
72.4711
72.8565
73.4516
73.7558
69.1565
68.5363
67.5117
68.248
70.3245
70.6503
71.7771
71.2673
71.2943
72.0193
73.0325
73.2363
67.0165
65.7619
69.1145
69.9227
70.5581
