97.0595
97.6934
92.4159
91.7501
92.0344
92.6912
93.6917
94.74
95.3656
96.3686
96.7656
97.3897
94.679
92.211
91.5548
92.0378
93.0089
93.8716
94.6888
94.9774
95.4404
96.3491
97.346
97.9723
98.1781
91.1246
89.7537
92.9269
94.0989
94.3964
94.5606
95.209
95.1985
95.2824
95.3644
95.261
93.2946
91.9193
92.9002
94.268
95.4809
93.8406
94.567
94.6967
95.863
94.7891
94.7571
92.5399
92.487
94.1447
95.1195
95.5111
96.2737
93.4623
95.2721
95.135
91.0839
91.9229
92.906
93.6826
94.5277
94.828
93.9163
94.417
95.6959
96.296
97.2528
91.0674
92.1072
90.0592
92.8453
93.3433
93.9982
94.5143
92.4921
93.2057
94.1551
95.0009
93.9076
92.565
93.8016
94.27
92.8893
94.7679
95.0956
95.5109
96.6735
97.57
87.854
89.6132
91.0714
92.0577
93.9478
94.6394
96.3035
96.261
95.24
95.6876
96.5625
90.5944
91.6002
93.065
93.8919
94.5936
94.7907
94.8998
95.4108
96.3818
97.4649
93.1423
90.8905
91.7218
91.6492
92.1624
92.5541
