94.766
91.3972
92.6772
92.6293
92.3871
94.1251
94.5362
94.9843
94.9874
95.0269
96.43
97.1066
97.8523
98.0561
92.3671
92.2784
93.1766
94.3172
94.8156
95.9694
96.8678
93.3375
94.9886
93.7197
95.7169
96.9766
97.3578
97.7813
97.8284
91.7952
92.8258
92.9412
93.2315
94.0069
94.9538
95.3029
95.7306
96.0951
96.5652
97.3179
97.5885
97.2722
91.6064
93.2029
93.135
94.2763
95.1247
96.3564
93.7063
95.1595
95.8627
96.8232
93.5995
92.8472
92.5204
93.9252
95.2166
96.1833
96.6184
95.6185
95.6477
93.4509
95.703
93.8657
93.2087
93.7774
94.0494
94.6301
95.914
96.2435
97.1543
94.4814
94.7431
94.4129
94.4472
95.928
93.5161
93.8874
94.8018
95.2446
95.8515
95.5653
96.1543
96.8766
93.5193
93.0034
93.1568
93.8473
94.4758
94.9693
92.5169
93.2256
92.6932
94.5649
95.8646
96.6842
92.3458
92.6501
94.7759
94.7991
94.8008
93.708
93.2773
91.7297
92.8917
93.7289
94.9345
94.6734
94.9816
96.5085
96.4747
91.9725
93.495
94.5721
94.9658
95.8464
92.0403
94.5661
95.6597
95.9148
96.6553
