78.9724
80.1171
80.96
80.37
79.534
80.0473
80.3873
81.5226
81.822
82.2282
78.1929
78.8815
78.9954
78.8388
79.015
79.6043
80.85
80.3252
80.0006
79.7704
80.8211
81.5977
76.9177
79.5877
79.8149
80.5374
81.5942
80.1402
79.4337
79.7677
79.617
80.127
80.4946
80.6558
79.6491
79.4446
79.0269
78.6057
78.9065
79.1433
79.9937
80.8583
79.8705
80.4001
81.3379
82.0106
82.5436
77.4582
77.5214
78.4232
78.7493
80.0468
80.9423
81.7243
82.1673
81.5018
81.8306
82.1552
82.7555
83.0402
76.5536
75.8138
77.993
79.0098
79.733
80.6748
81.1661
81.6155
82.8108
81.0299
78.1168
77.5308
77.5659
78.362
79.192
79.5321
79.9488
80.4205
80.3243
79.8645
75.8067
78.1076
78.8084
79.2293
80.3358
79.8393
79.524
80.0198
79.9957
79.9694
80.7236
80.5966
81.0436
81.4821
77.5611
78.6133
79.4371
80.9027
81.3243
77.5514
79.5193
80.6544
80.5363
80.6207
81.5582
81.4436
82.0415
79.1629
79.4953
78.1659
78.76
79.7226
80.7778
81.5734
80.1532
80.1266
80.225
80.8221
81.1481
77.5328
