76.6761
77.2583
78.2519
78.7626
79.4481
75.6875
75.8351
75.8582
75.8303
74.0422
74.8674
75.6896
76.4158
77.8164
78.6517
74.9547
75.7365
76.7686
74.6939
74.7868
76.3285
76.5989
77.3528
76.3778
77.4888
78.1634
76.0618
73.5494
74.0921
75.2568
75.6276
76.3861
76.8853
77.7128
78.5876
79.3141
79.6533
75.0413
73.3996
73.7248
74.922
76.2555
77.361
74.7294
76.1195
77.0748
78.2748
78.8222
79.2733
73.8961
75.017
75.6301
76.137
76.2427
77.1074
77.5411
76.3641
75.4738
77.3131
75.5889
76.6838
77.5892
78.0979
74.9516
73.6469
76.6382
77.0187
78.1146
74.6291
75.7287
75.4146
76.1638
76.1055
74.9058
75.5208
76.3343
77.6311
75.2406
74.6238
75.8597
76.2541
76.8861
76.0639
75.7335
75.6513
76.577
77.5107
78.0806
78.758
75.3685
75.4911
76.0642
76.9129
75.6039
75.1999
75.3643
76.1273
76.8763
78.3558
75.2686
75.4109
75.9648
77.1927
78.6221
74.4782
76.5776
77.5813
78.1054
78.3645
79.402
75.1986
75.0081
75.0389
76.0644
76.4797
