82.6773
83.2621
84.9615
81.5384
81.3795
82.4344
83.2941
83.4914
82.6389
82.9013
83.8292
84.8027
85.347
81.5681
81.2378
81.3198
82.598
82.7409
83.042
82.5543
82.8914
81.5781
80.8407
82.254
83.228
84.126
84.7962
82.0966
83.4698
83.0154
83.6501
84.3299
85.1421
85.262
80.91
81.0285
82.0279
82.2989
82.6623
82.7453
82.2834
82.886
84.0545
81.9579
82.3527
82.0645
82.3226
82.423
83.662
84.1731
84.7461
83.0861
83.3899
83.8839
84.5369
85.133
82.4105
81.3292
81.6683
82.4251
81.6305
81.5607
82.5373
83.0963
83.7391
84.4137
81.8889
80.8215
81.1667
79.9286
80.018
80.4675
80.1795
79.7165
80.5158
81.7533
82.7726
83.023
83.9547
84.8211
85.4546
82.5213
81.5804
81.2778
82.3893
83.3899
84.0002
81.2327
82.5949
81.9176
83.9992
84.5664
85.3296
85.7829
80.9579
81.6541
82.247
82.2252
81.3181
82.1038
82.9383
83.8262
84.0744
85.184
82.2378
81.6969
82.5898
83.0479
83.9223
81.8804
82.5687
82.5646
83.5794
84.51
85.1263
81.3026
80.4637
81.915
80.9526
