74.4941
77.1533
78.6164
79.7349
77.5855
77.2388
77.8517
78.6869
79.685
76.6343
76.4611
77.9636
79.1586
80.5609
76.3035
77.9813
78.3994
78.4686
77.9722
76.6666
77.3253
78.2275
78.8163
78.4365
78.0716
75.5946
77.8207
78.2695
78.8291
79.5656
80.251
80.7583
76.3977
76.1082
77.0743
78.4086
79.9354
80.6994
80.4946
78.1164
77.0685
78.9279
76.2339
76.3262
76.9637
76.8344
77.8265
79.0521
79.2011
79.1219
79.7298
80.6792
75.2258
75.891
76.1869
75.875
76.493
76.4874
77.3725
78.4844
79.4463
78.961
79.5567
77.9499
75.6453
75.262
76.6004
76.4987
77.3987
78.4337
79.051
78.7033
79.2909
79.3959
78.471
77.3263
76.9488
76.6005
76.1703
77.3038
77.5983
77.5449
78.1076
78.6083
77.8928
77.5821
78.7544
79.5673
80.3973
76.5918
76.798
77.8896
78.4973
77.2771
73.7205
76.5534
76.4099
77.0089
78.6232
78.7957
79.3959
79.9451
77.6685
77.3384
77.1351
75.1037
75.443
77.1116
78.4111
78.9938
79.6574
79.487
79.9934
80.3417
76.3293
75.1959
75.3035
75.3116
76.6211
