65.9599
66.8568
68.1186
69.0461
69.7505
67.1051
68.307
67.4944
67.2819
67.2227
68.0167
68.8931
66.9967
67.3758
66.8937
67.0986
67.2361
67.5127
68.3294
69.158
69.7655
65.5914
67.3034
67.5003
68.4046
69.155
66.1503
66.0638
66.8547
67.9957
69.2612
65.9838
66.9513
66.4135
66.712
67.6419
68.6969
68.9979
69.2183
66.0162
66.814
66.775
66.3835
66.4686
67.4275
68.0212
68.8998
68.5602
65.0123
67.0524
66.9116
66.6145
66.452
67.7372
68.6123
69.1846
69.8865
69.1136
67.5263
66.4902
66.9901
66.8777
68.046
69.0084
69.5463
67.995
67.2092
67.7366
67.0033
65.3953
65.8907
66.8202
67.9754
68.4006
68.9862
68.1968
68.0498
68.4492
68.1048
65.8024
66.0163
67.0911
67.506
67.8943
68.7316
67.8998
67.0972
67.3998
67.1654
66.5903
67.0211
67.7916
69.0438
68.0385
67.526
68.3075
68.2659
66.6878
66.8699
66.9476
68.1292
68.6337
69.5078
65.0218
67.3141
66.6224
67.1587
65.9999
67.0552
67.6252
68.8546
69.5342
66.5961
68.2514
67.4208
