24.7756
27.2
26.3629
24.8759
24.6672
24.3098
26.4022
27.8641
26.5339
25.936
24.6077
23.0449
25.8897
23.5235
25.6916
26.7149
28.8479
22.7216
23.9693
25.748
26.2471
27.513
26.2801
24.9202
24.1973
23.4831
27.4387
26.6116
28.5867
29.7255
21.4961
23.0443
25.4492
26.4098
27.232
28.3631
26.2084
23.1218
23.0196
26.7123
27.8219
28.3948
28.4978
29.762
21.2939
20.219
25.8061
29.0135
27.3564
28.0253
23.001
23.8684
26.5157
28.0495
24.984
25.244
24.7257
26.0297
27.8939
24.0123
25.3245
27.982
26.2302
25.1597
27.977
21.8603
25.163
23.8134
26.232
