24.618
25.4781
25.7875
27.9128
23.4215
25.1733
25.0668
21.5806
23.5672
26.2624
28.1468
26.9695
28.5022
21.9417
23.7895
27.0416
25.2015
24.8392
27.3156
24.1114
24.138
26.165
26.8176
26.5258
28.4307
25.1982
24.1135
26.7781
28.3461
26.3202
27.5334
28.5898
21.8156
24.5639
26.1677
27.7671
27.4431
28.9158
23.7497
23.5522
25.8618
27.8337
29.1436
29.5889
24.1906
21.0008
20.9305
26.2225
27.2694
28.3584
30.3458
30.9357
20.0899
25.031
27.7611
28.4989
24.0693
22.3616
23.2413
22.7039
25.3936
28.1339
25.8515
26.108
25.565
23.4989
26.5527
27.6358
24.2761
23.4248
