24.1443
24.3224
25.6948
26.9972
27.2064
26.3418
23.7747
25.4383
24.2348
24.0225
24.6198
25.6629
24.9626
26.5322
28.6514
24.5567
26.4055
25.3845
24.89
27.439
22.1071
24.1358
25.841
27.5871
23.9775
24.7778
27.2274
25.0792
25.6728
26.8375
28.3012
29.0526
23.7629
26.748
29.542
25.3982
25.8007
26.7292
27.7112
24.5048
25.4826
25.8887
27.3689
24.9496
26.6079
28.6133
25.1807
24.0533
24.9478
26.6642
26.7529
26.6512
28.2793
26.0117
24.8181
25.6498
26.7765
26.4115
27.5704
24.9105
23.1872
24.4374
27.568
25.5311
26.8487
