20.2747
24.7962
26.3032
25.8955
24.8847
23.6925
24.7961
24.8589
27.9349
27.4675
27.2171
24.9258
24.7781
27.1323
25.8588
26.8399
24.3495
21.5715
23.0662
25.5431
27.5525
27.0614
27.817
25.7868
23.8234
26.4422
28.8325
27.8554
26.7726
26.2668
22.9201
24.1949
26.4495
28.7218
28.5957
26.1403
24.897
24.9309
25.9268
27.3343
28.0561
28.5723
22.1276
23.1516
23.7536
26.7123
28.3934
28.7312
27.0047
24.6686
23.2781
24.9162
27.8036
25.1118
26.9366
27.7076
29.9158
22.3029
23.8137
25.6213
28.0019
27.6212
27.5831
23.0497
24.3644
26.9932
27.4344
27.1914
