28.6504
21.8475
23.3369
25.6186
28.289
26.0957
26.1459
28.094
22.9299
23.1419
20.5668
27.2668
27.929
27.2775
28.1566
29.9249
23.9551
25.6348
27.9331
25.358
25.5103
28.351
22.4812
23.1918
24.5472
27.185
27.4528
27.7075
26.38
24.0091
24.2657
26.1157
26.0908
27.419
25.9013
24.7376
22.3479
23.7981
24.7676
27.3066
29.2743
25.4433
24.7161
25.0636
26.2806
27.9357
26.9929
24.6178
25.8883
24.7844
25.6488
28.3555
27.8662
25.0964
25.0859
26.242
27.0576
28.1635
22.2846
24.7205
24.0388
25.023
26.9161
27.5823
25.1772
24.5411
25.441
26.3025
27.8083
22.9077
25.353
26.2827
28.1547
23.3991
