47.4183
48.1751
48.7947
47.5458
47.1664
47.9528
48.6348
48.7584
49.285
48.9072
48.6471
47.0542
47.7123
48.1755
48.6092
48.9599
49.3067
47.2823
46.4115
47.2942
47.0875
47.7532
48.2458
48.83
49.3415
49.4352
46.775
46.9002
47.4548
47.8506
47.4761
46.3742
46.9284
47.412
47.7105
46.6107
47.0652
47.4147
47.9372
47.7136
47.5137
47.1215
47.5285
47.5148
47.6594
47.5016
47.8165
48.7784
49.1048
49.5279
50.0104
50.4106
48.613
48.2966
48.0495
47.6892
48.2297
48.4609
48.754
45.5842
46.5015
47.6315
48.1744
48.8496
49.5691
49.8447
48.781
47.6528
48.1695
48.7018
49.0259
49.4942
47.0835
47.6343
48.3503
49.0697
49.5888
50.0966
47.5679
47.8186
48.2628
48.7787
49.174
49.7096
50.1265
48.1067
47.1855
48.0105
48.3445
48.7334
49.2375
48.1986
47.632
48.0522
48.7911
48.8961
47.7575
47.2062
47.5368
47.5961
47.4403
49.0703
49.2288
49.8309
50.1612
48.3508
48.6038
48.4319
47.2619
47.3432
45.8655
47.4948
47.7514
48.4266
49.1633
49.5986
49.8142
49.2983
48.6298
48.8919
49.0581
48.3158
47.1105
47.4154
47.8485
48.0429
47.2824
47.5459
47.9891
48.2724
48.6618
49.0681
46.3774
47.5198
48.347
48.7373
49.295
49.7118
49.9763
47.7806
47.8859
46.7491
48.0726
48.4841
