64.8246
64.9081
64.8348
64.0679
64.7698
65.0688
65.6834
66.2591
66.2076
66.0223
64.9241
64.9467
65.0833
64.5929
65.2627
65.7018
65.7782
66.0857
65.3379
64.0085
63.9198
64.3096
64.1857
64.0839
64.17
64.7222
65.2751
65.6433
65.9836
64.4421
65.0074
64.9874
64.9814
65.1221
64.311
64.75
64.6824
65.085
65.5266
65.7633
65.9646
66.3702
66.7178
64.9405
64.7683
64.8706
64.9596
65.6385
65.5889
65.826
65.3474
65.6926
66.0381
66.1978
66.6724
67.2619
63.175
63.9967
64.0314
64.4968
65.2243
64.9662
65.7591
66.1457
66.2902
66.5014
66.7949
64.6429
65.4369
64.8508
64.2323
64.2017
64.3559
64.6213
64.7799
65.1917
65.4329
65.7277
63.9724
65.0569
65.7068
65.215
63.4065
63.8918
63.8916
64.1668
64.615
64.9733
65.5137
66.163
66.3637
66.6265
66.4093
66.378
66.2918
65.7588
64.9583
64.062
64.5041
63.6661
62.5263
64.627
65.0544
65.9682
66.3336
66.7451
65.9142
65.6447
65.5405
65.1312
64.1145
64.1164
63.6991
63.5841
63.8494
63.7832
63.5658
64.6472
63.8852
65.5457
65.8418
65.6729
65.3563
64.984
64.3911
64.9589
65.2279
64.9726
65.4512
65.8762
65.9494
66.2752
66.3717
65.4344
64.048
63.779
63.9854
65.271
65.5764
66.0606
66.4841
66.7193
64.784
65.5382
64.9232
66.0224
66.3393
66.5696
66.7238
67.0504
63.2024
62.7569
63.9986
64.4773
64.801
