49.4068
48.7827
49.7518
49.8934
50.2508
50.8333
51.275
51.7656
52.4066
53.0968
51.7373
51.421
51.537
52.278
52.6882
52.691
53.0431
50.5062
50.9794
51.1834
51.9099
52.459
52.8152
51.4849
49.6564
50.7507
51.32
52.02
52.2196
52.8168
51.8458
52.2299
52.7976
53.2066
51.9276
51.6027
50.5376
50.9798
51.4538
51.6716
52.0188
52.556
51.9723
51.2761
50.9474
51.2573
51.8757
52.5158
51.0657
48.9033
49.8805
49.6674
50.8999
51.4499
51.9936
52.7214
52.9952
53.0913
53.318
51.9385
52.4926
51.9877
50.6991
50.9702
51.4461
52.2627
52.6979
52.8306
52.6281
51.9953
52.1205
52.1839
52.7391
53.0682
50.7062
49.3493
50.5874
49.9157
50.67
50.4067
52.0976
52.4554
51.5972
52.1526
52.2754
52.1901
52.4626
49.7976
50.1902
50.253
50.0066
50.3762
50.222
50.9472
51.5253
51.5359
51.2438
52.0296
52.5175
52.9278
53.3216
52.5841
51.9779
51.6255
50.5396
51.0307
51.5687
51.5349
51.8544
52.4142
52.6857
53.0237
53.4866
51.9008
52.4184
51.7416
50.4441
50.6897
50.8114
51.3781
51.0251
51.8173
52.0379
52.785
53.1046
52.2544
51.9096
52.0072
52.5064
52.9225
53.1268
53.4735
50.3928
49.9504
50.0478
50.5178
51.2452
51.4415
52.3878
52.7791
53.0076
51.4084
51.9397
52.6249
52.9274
