47.397
48.0344
48.6346
48.8185
46.0605
46.1508
46.766
46.4677
44.8899
44.0897
45.3083
45.7873
46.159
46.2289
47.4903
47.864
47.3655
46.695
46.9724
47.3141
46.9327
47.2371
46.9925
47.4165
47.4441
47.7828
47.8052
45.373
45.8134
45.2717
45.9464
46.8443
47.3529
47.6782
46.8091
47.5853
48.114
48.5193
48.8786
49.3627
49.118
46.3963
46.4321
45.7663
46.3752
46.7837
47.3266
47.9053
47.0679
46.6533
47.4327
48.4268
47.4955
47.6449
48.1956
48.431
45.9645
46.2507
46.414
46.7279
46.9898
47.8486
48.4352
48.7715
47.3543
46.9694
47.7565
46.5949
46.2058
45.8071
45.7074
46.2195
46.3786
46.845
47.3109
47.6267
47.7461
47.746
47.9941
48.6431
48.8382
49.3284
45.4499
45.7853
45.979
46.2948
46.7501
46.9505
47.6687
48.3585
48.0755
47.6878
48.2185
48.4736
48.0786
47.0878
46.0941
46.8149
47.4153
47.8002
48.5114
47.7029
47.8958
48.2979
48.5113
48.8821
49.3412
46.5635
46.592
46.5211
46.2928
46.5089
47.1398
48.0577
47.2127
46.545
47.7678
47.9507
47.9287
48.839
49.3004
47.485
46.6127
46.9949
46.7784
47.2968
47.791
48.4754
48.752
46.3148
46.0873
47.0475
47.3144
47.4889
48.1968
48.5977
46.0144
45.6882
44.9215
46.2914
46.5955
47.0126
47.3879
47.7017
47.9823
48.4557
45.9302
47.0677
47.3991
48.1667
