48.1764
48.7317
48.5244
47.7219
48.0722
48.7034
49.3961
49.0641
47.7435
46.9894
47.2405
47.7437
47.9189
48.2783
47.7709
47.4912
47.9151
48.2901
48.6385
49.6112
50.0858
48.7419
48.2519
47.8765
48.347
48.4947
47.7919
47.5419
47.274
47.6866
47.7404
48.0604
48.5983
47.8752
47.6331
47.4068
48.1268
48.8769
49.2532
48.8398
48.7299
47.7058
47.9633
49.0036
49.711
48.9348
49.3122
49.6149
49.8623
46.4236
47.9647
48.7486
49.1518
48.2435
48.0232
48.5187
48.7003
49.2307
49.5948
46.8435
47.6947
48.2836
48.752
49.2413
49.5872
49.9602
47.7023
47.8293
48.3946
48.8151
49.4377
50.1139
48.1171
47.6647
48.2576
48.8705
49.2977
49.8719
50.2431
48.4361
47.737
48.1254
48.577
48.9133
49.5624
47.6706
47.7458
48.042
48.4512
48.805
48.8333
49.2449
49.8065
50.1463
50.365
47.7965
47.2986
49.1077
48.8926
48.2527
47.9398
48.7645
48.9069
49.5207
49.8814
50.1872
50.6903
49.1776
47.9423
47.7115
46.7148
47.4674
46.9801
47.3192
47.8488
48.2886
48.8552
48.2106
49.932
50.3942
50.6378
48.8203
47.5579
47.0589
46.7218
46.5831
46.9901
47.3719
47.7268
48.0373
48.3625
48.1814
49.2853
48.3774
49.0685
48.1393
48.2307
48.601
