50.3416
50.7158
51.108
51.5081
49.6976
50.3166
49.8539
50.6804
51.4196
52.2677
51.8087
51.0429
51.5826
51.7277
52.0426
52.5481
52.6646
53.0508
51.7327
51.9927
52.5572
52.849
53.306
50.0454
51.4088
52.0043
52.309
52.8488
51.556
51.0737
51.5329
51.9827
52.6414
52.5369
52.6682
51.7681
51.6165
51.5496
52.3388
52.7362
52.4976
52.9623
53.0273
53.2517
53.275
51.5015
50.6029
50.549
51.0571
51.9432
52.5045
53.0627
51.463
51.577
50.4893
52.382
52.6812
52.9427
52.9063
53.184
50.0688
49.9538
51.0901
51.6447
52.2626
52.1279
51.9164
52.6228
52.3711
52.6193
52.9198
53.2083
52.8414
51.4262
51.7018
50.5507
50.4034
49.7096
51.5902
51.9941
51.2791
51.0306
51.8482
52.4014
53.0393
53.5444
53.7204
53.945
54.0864
49.972
48.7854
51.1965
50.8652
51.3048
51.9492
51.0162
50.0843
50.0214
52.2555
52.4333
52.9787
52.4301
51.2956
50.9981
51.0914
51.2897
52.0165
50.5
50.4702
51.3128
51.5607
52.5852
52.3873
52.5963
52.3593
51.9081
51.3139
51.9438
51.5016
51.2661
51.7765
52.2148
52.411
52.9232
52.3551
51.4351
51.1554
51.5761
52.351
52.9259
53.4095
49.7952
51.936
52.4495
52.8206
53.0446
53.4378
52.0388
49.8373
50.0121
51.2704
51.7325
52.0592
51.8011
