62.142
62.5807
62.9237
63.4675
63.8818
64.0336
61.2246
61.887
61.5663
60.8948
61.1408
62.1742
62.7012
63.29
63.8201
64.3928
62.0506
64.2263
64.282
64.6571
64.8295
65.0387
65.0999
61.3185
62.2381
62.3499
62.7325
63.3669
61.9919
62.884
63.0426
63.4314
63.5023
64.1651
64.6018
64.9858
61.9554
62.1918
61.9557
62.2488
60.9522
62.4405
61.7307
62.4028
62.9323
63.2025
63.5355
63.9615
64.1516
61.0543
60.9139
61.1718
61.7377
62.1195
62.7555
62.9747
63.134
63.5107
63.306
64.1099
64.5816
64.845
61.2329
63.0388
61.402
61.3864
61.5952
62.302
62.8087
62.923
63.0147
63.5763
64.0891
64.6962
63.5897
62.8048
61.3878
61.6033
62.2046
62.7528
63.431
63.6274
62.5391
63.6709
64.2524
64.513
65.1724
61.9194
60.9806
62.0996
61.6447
62.6944
63.3712
63.9372
64.1987
63.5507
64.186
64.492
64.8295
62.0317
61.8784
61.0046
61.9747
62.6812
62.7569
62.8112
63.0654
62.9031
63.0695
63.8927
63.2528
62.4261
61.5712
61.4696
62.2662
62.8078
63.159
63.6723
64.1034
63.3762
63.715
63.9473
64.1966
63.6039
63.8692
64.1569
64.5496
64.6845
60.7395
60.3179
61.5417
62.5211
62.0952
62.5995
63.5141
64.0744
62.7668
63.6478
64.1246
