52.0226
53.8758
54.5344
55.0916
55.824
55.1169
55.1312
56.1142
56.4688
56.8186
57.1673
55.7344
55.4854
55.4239
55.7539
56.1377
56.3605
54.1211
54.0601
54.3844
55.1665
55.9128
56.4551
55.5393
55.6372
54.493
55.2472
55.7567
56.091
56.6973
56.2787
54.7841
54.7471
54.9847
55.7228
56.1992
56.8316
57.093
57.2497
54.513
55.1206
56.1292
56.4791
57.1815
57.5126
57.7345
54.7027
55.2178
55.6737
56.1427
56.6583
57.0524
54.1948
54.6745
54.9988
55.5544
55.9252
55.867
54.9297
54.4268
54.7952
55.8672
56.3682
56.9098
55.4988
55.2717
55.5733
56.0601
56.7081
56.9232
55.7129
54.4052
55.0674
54.9666
54.7393
54.812
54.9015
54.9355
55.0469
55.2839
55.7181
55.8455
56.4229
57.1679
54.8477
54.7709
55.2646
54.6173
54.7616
55.0797
55.4951
56.1989
56.4476
56.7245
57.3337
56.771
56.7593
56.5116
56.9527
57.2322
57.4473
57.6593
57.9415
54.3936
54.5654
55.3857
55.8385
56.5856
55.8366
56.0815
55.7143
56.3729
56.5924
57.1069
57.3786
56.0069
55.8881
54.7598
55.0086
55.4989
55.9343
55.4073
55.3787
55.4889
55.8106
56.2796
56.4823
57.31
56.2732
55.73
55.8474
55.771
56.35
54.8977
56.2008
55.7524
56.0021
56.3263
56.609
56.7763
56.3298
56.8491
57.2761
57.6252
55.8275
54.2248
54.9022
54.2898
54.7983
