96.3592
96.9439
94.8614
91.2042
89.5215
91.336
92.2427
93.0279
93.798
94.5909
95.4345
95.9275
96.5359
94.1119
93.0431
93.0542
94.2308
95.1263
96.2755
96.6548
97.0122
97.132
93.0802
92.3912
95.4546
92.5514
90.7856
94.1397
94.77
95.1869
95.6783
96.3951
96.9023
97.5036
96.3332
92.0849
91.6735
92.5098
93.6206
93.3049
93.555
96.8369
96.3936
95.9808
96.6311
97.7431
98.1799
91.5858
92.2205
93.3101
94.8223
95.6573
95.9265
94.9616
95.1883
96.3061
97.2751
97.7443
89.1445
92.013
92.7866
94.4959
95.5129
95.2278
95.5577
95.8964
95.8044
92.2082
92.0034
92.5993
93.6368
94.6912
95.3381
95.2318
94.9387
95.5366
96.1936
97.0566
91.5263
92.1047
92.755
92.6825
93.4777
94.3424
94.7078
96.7134
94.8434
93.1303
92.5079
93.1932
93.2267
93.8022
94.546
94.8084
95.7272
96.2706
92.2434
91.5406
92.485
92.9769
94.1494
95.4153
96.2438
95.401
95.6693
95.2784
95.2591
94.3594
92.3335
93.3327
93.8881
