84.9138
85.3229
86.1366
87.0309
87.476
88.027
86.0811
85.6271
86.446
87.2233
87.8386
83.3915
83.154
83.645
86.0638
85.5061
85.4078
85.2285
85.8454
87.0689
87.8511
88.577
83.1068
84.3306
84.7459
85.0688
85.1609
85.8607
86.2874
87.1698
86.7385
85.9055
83.7369
84.5492
85.3569
81.4635
84.4853
84.0255
84.3827
85.1979
86.2415
85.0843
84.4036
84.4354
85.1235
84.273
84.5381
85.4359
86.0498
86.4934
87.6726
82.8577
82.5182
83.8267
81.645
84.0031
84.8348
85.2773
85.6127
86.4611
85.2823
86.2837
87.5174
88.0787
83.852
84.8996
85.4297
85.2287
85.3933
86.2977
86.9485
87.3973
87.8489
85.67
84.0897
84.4288
85.4615
84.0053
82.9099
85.0865
85.7944
86.1461
85.2329
86.1039
86.3938
85.6032
83.1631
83.3346
83.3791
84.0404
85.2827
85.8121
86.9102
87.4275
88.2346
83.5265
84.8085
85.48
86.2234
86.7476
82.7492
83.532
85.1181
86.2474
86.5692
87.2251
87.7065
88.0914
85.7542
85.789
83.643
82.7412
84.1837
83.4315
83.5213
