93.5223
92.3852
92.6142
94.0625
95.517
94.0931
94.5125
95.8876
96.8429
96.5236
93.5117
93.9091
95.0774
96.3179
94.4467
94.1649
94.6274
95.7464
93.196
94.3311
92.5875
94.023
94.7408
94.9161
95.9147
96.8475
94.5069
95.1824
95.7542
96.5371
93.2549
92.6091
93.6866
94.5276
95.8251
96.9882
97.6052
97.5551
95.4374
95.925
95.5851
96.6201
97.4814
98.1242
93.6371
94.7042
95.6243
96.644
95.4901
94.7808
94.7345
95.2561
96.6682
95.9938
95.7342
95.9007
96.259
96.7665
95.1031
93.8412
93.1425
94.254
95.7942
96.7393
97.2647
97.6876
97.47
94.5598
94.4581
93.5062
93.168
94.0726
95.098
95.6568
96.0473
95.4644
95.4753
96.0972
93.4179
93.3681
93.1917
91.0957
91.9272
92.8552
94.3982
95.4528
96.1319
96.408
93.4824
93.0796
95.2509
95.0182
95.3205
96.338
97.0057
97.0143
95.5072
95.5052
94.3645
94.2514
94.4814
95.9659
96.8296
93.8528
96.6104
97.5549
97.9988
98.2112
91.8486
92.1147
92.6411
93.9373
