92.2906
93.0507
92.745
93.4271
93.3896
94.3659
94.8742
95.216
94.4543
94.222
93.0624
92.1527
93.452
93.3201
94.4925
95.1426
95.9193
96.2147
95.7066
94.4174
93.1702
94.5999
95.6784
96.7452
93.8156
94.3499
95.0386
95.6335
92.6226
92.3975
93.552
94.781
95.8004
94.5504
94.3774
94.1554
94.9014
95.3983
93.4426
92.7625
93.0885
93.5675
94.1346
94.7387
94.8382
95.194
96.0233
96.2845
96.879
93.493
91.5697
92.2361
93.4726
94.6258
95.6307
94.8451
95.4253
95.9388
96.3659
96.9377
96.9654
89.4061
91.1106
92.0836
93.4549
94.3748
95.1813
95.6398
95.8937
96.2676
97.1664
95.9467
92.1204
91.4596
90.9887
91.7972
92.9694
93.6569
94.2774
94.7394
95.0478
94.4762
95.3051
94.2759
94.7633
95.5197
96.0054
96.6678
92.8523
91.9269
93.636
94.4481
95.3605
96.1378
96.5103
96.9168
93.6488
94.2772
95.3361
93.8664
92.9112
93.8586
94.8285
95.6639
96.5609
95.2635
93.3974
94.3121
95.2489
96.4001
