62.544
63.2593
61.7599
62.0033
61.8762
62.8722
63.5898
63.5029
62.9695
64.1977
63.4305
64.2601
64.8459
65.1881
64.8046
64.0729
64.2395
63.8872
64.0619
63.8936
64.4864
63.3166
64.2214
64.7853
64.2087
64.2416
64.7067
64.2242
63.6891
63.842
64.2925
64.4477
64.0508
64.3482
64.7487
64.4381
64.3336
62.4534
63.4164
63.8447
63.815
64.1901
65.0508
65.9229
65.7712
67.2405
66.7083
67.7767
66.8549
66.6638
64.3292
63.6024
62.625
63.6937
64.8641
66.4217
67.3122
67.4552
68.0667
68.5529
63.8362
62.837
63.8427
64.7618
65.5871
66.9176
68.2127
68.6907
68.8038
66.0285
68.291
68.408
67.2229
65.1867
63.1363
64.4546
65.3282
66.4957
67.0085
68.3145
67.4518
67.4655
67.3056
68.0146
67.1141
67.1614
62.3546
66.0882
66.465
66.8572
66.1956
66.8229
67.2238
67.7785
68.8838
69.1736
65.3638
66.4022
66.0749
65.3989
66.4731
67.3857
65.582
65.3421
66.6645
67.7415
67.7637
68.4119
68.4928
69.1816
66.0461
64.9253
66.5007
66.6331
65.9791
66.4495
67.5376
67.9309
68.4849
68.2547
67.2331
64.873
64.6204
64.764
65.3777
65.4015
