72.4472
73.1722
73.7963
75.1902
73.7944
72.642
72.3143
72.9727
74.1951
72.0927
73.5198
74.0591
74.2631
73.7012
74.1857
74.6305
75.1246
71.2412
70.7303
71.7326
72.85
72.982
73.6363
73.82
73.1002
74.0897
75.3544
76.0618
76.5577
69.5023
70.2501
71.1324
72.305
71.9248
72.397
73.3357
73.6451
74.2532
75.0064
75.672
73.3146
67.9287
70.5446
72.2035
72.9397
74.0983
74.665
75.2936
72.2399
73.9174
74.0515
74.995
75.3892
76.1023
71.5584
71.7651
71.7983
71.5274
72.8406
73.9273
73.1851
73.2056
74.1931
75.3074
76.1225
76.113
76.5446
70.3886
71.2059
71.761
70.1803
71.1181
69.5059
72.6448
73.6485
73.7848
74.4659
75.1828
76.0433
76.1878
76.5487
69.8211
71.6288
72.4457
73.5293
74.2156
74.6201
72.276
72.877
73.4669
74.3211
74.7826
75.2257
70.9703
73.0444
72.5759
72.0456
73.2702
74.0805
74.8106
73.4278
71.5403
73.2715
72.5098
72.2549
72.027
72.7283
