27.5296
26.0156
24.5747
26.616
26.6934
26.3282
26.2092
29.234
23.1035
26.365
28.2376
25.5995
24.6937
26.2803
27.1987
24.6342
25.0697
24.7258
26.0661
27.3352
23.8814
24.4172
22.7807
21.1526
22.3891
25.0801
26.9899
26.0876
25.9213
27.8742
23.9265
24.0547
25.8922
28.0043
21.6554
24.2696
26.9705
25.0496
25.4087
23.5309
21.4491
24.9154
26.552
27.0058
27.014
27.9509
23.2264
22.8762
25.8374
27.6932
28.2743
29.6144
25.8084
23.3742
24.9316
25.9946
28.538
25.5048
24.5072
25.3543
26.6893
27.4176
26.4598
26.1343
28.9543
20.9793
21.5857
27.7759
26.2673
