24.6161
25.9158
28.4173
25.7412
25.9454
23.8861
24.6384
25.2937
27.8797
25.6457
21.5138
23.1716
25.2304
27.2439
28.1567
20.5722
25.2865
27.0403
24.5715
25.6898
26.2254
26.4479
26.9864
28.9972
23.1059
23.7112
26.0961
27.1757
27.5062
28.6928
30.3035
23.4208
23.3586
24.088
26.0308
26.1393
26.6558
27.1128
25.3775
27.1837
24.5387
25.887
22.1418
26.8099
24.8273
25.7629
28.5857
20.4079
25.9974
26.7202
28.3698
27.3294
28.4316
24.7124
24.7274
24.9572
26.3256
28.0592
26.8878
28.9024
19.1936
24.8285
25.7145
28.814
26.7114
28.1085
29.6269
18.8373
24.1807
27.1292
25.2594
