29.6809
23.7829
23.7994
25.0058
27.1557
27.9369
28.0702
29.1607
22.1428
22.5971
23.8711
27.4783
24.2488
26.6223
26.148
23.1493
24.766
25.9655
27.0237
27.5502
20.2892
22.359
23.9988
25.787
20.8925
22.9145
25.5738
29.5067
24.0787
26.0087
27.1638
28.734
24.5112
24.7779
22.6659
23.7006
24.4238
26.8624
23.8097
26.431
28.0855
26.724
25.9587
24.8298
25.0495
26.4145
26.1258
27.2882
25.1392
26.8773
28.2515
22.2923
24.4518
23.9663
26.7965
26.2625
26.9708
28.3378
29.2074
21.0396
22.4776
25.1399
27.7536
29.119
26.495
26.776
24.4725
24.3977
26.3701
27.0429
26.4471
27.4166
24.2608
