25.6492
25.9321
27.8036
28.9458
24.2055
24.1144
25.3407
25.5371
26.5797
24.3431
26.9418
27.8145
17.0037
22.8709
25.6225
26.1311
25.0153
28.3191
29.2841
22.7253
25.3353
27.2471
28.381
29.0004
25.1326
26.2281
24.2847
26.9722
25.3639
26.6136
27.3755
29.566
25.9362
22.803
23.7261
23.8833
26.3774
26.063
28.9258
30.5828
25.0133
27.6841
25.3554
26.2676
25.5637
27.6179
25.2763
23.9407
23.3814
23.4123
24.5063
26.6743
27.3934
23.7463
25.1563
27.0652
28.2047
24.1407
24.9033
26.6405
27.1181
26.4912
27.3226
29.5783
25.7028
24.5323
27.9032
29.2187
25.0749
26.4147
26.1425
24.9
