91.2861
92.5387
91.1275
91.819
93.2636
94.4698
91.9495
94.0484
95.636
93.9383
92.9708
93.771
93.8502
95.3631
95.7325
93.4029
93.1742
91.2131
91.9425
92.0513
92.3625
93.3106
94.9633
96.6634
97.4418
90.3022
93.3873
94.6467
94.7139
96.0229
96.2571
93.7269
94.2933
95.0338
94.4838
93.0213
94.0957
94.2297
92.1683
93.5843
91.9103
94.5659
92.6453
93.7548
94.884
96.4932
91.5
90.3037
94.5439
94.8347
94.7026
95.8649
91.4157
89.9956
91.9027
92.6759
94.8644
96.9192
94.6718
94.5831
94.3893
92.8866
93.6661
94.4207
96.1031
93.3226
93.7159
91.516
93.6068
93.7047
93.4841
94.7139
96.0477
94.3056
93.7522
93.2644
93.382
93.4689
94.1425
93.5687
89.7335
92.698
93.7435
