93.6731
95.7894
94.2106
93.8785
94.0986
95.9299
97.0008
97.7153
91.4178
92.4412
93.5019
93.5245
94.3343
94.8003
94.7433
95.3678
92.7852
91.6507
93.0674
94.7204
93.2205
94.5029
94.4293
95.3104
89.8069
90.7686
93.2178
92.6034
94.0699
95.5877
96.5421
93.1635
95.5418
95.5873
90.1983
92.5276
94.4256
96.0096
96.3891
95.7444
94.8867
93.7843
91.2653
93.0293
94.8849
95.543
94.8546
95.3685
94.115
93.4174
91.2384
93.6085
94.7949
95.2253
95.7904
97.1237
97.9913
90.0839
91.6999
93.0695
94.1088
94.9264
95.1235
96.8043
94.8679
91.3936
93.1728
94.3201
96.0257
95.6801
96.4396
94.5297
89.5631
90.995
92.3931
93.7098
94.039
94.1494
95.0763
92.7512
92.0646
92.6588
94.409
92.3259
94.0323
