84.1094
85.8247
83.3298
83.2368
85.1699
86.6288
83.2303
82.7712
84.6303
86.5824
81.5625
83.0139
84.4676
84.567
84.5314
84.7841
85.0139
81.9539
81.9787
83.5995
83.9907
85.5699
83.2903
82.945
83.1972
81.9472
82.9647
83.6594
84.5094
85.0435
84.2259
85.1996
86.1561
86.8315
87.1636
78.0145
80.8222
82.7903
85.2316
83.6083
84.4995
85.2374
86.8884
77.2149
80.8421
82.8725
83.9201
84.4492
84.7025
85.968
84.9394
84.5735
80.4345
82.1734
83.5922
80.5788
85.1011
84.2688
84.2356
85.9879
86.7775
87.7554
80.7334
80.3494
82.4575
84.4485
85.8665
83.3152
82.9659
84.6045
86.0722
82.4151
81.9281
84.4604
86.3236
86.075
86.5674
83.9881
81.6622
81.7328
82.9625
84.6197
85.1589
83.3689
84.953
84.9263
83.1534
82.6949
83.9624
85.35
86.2472
