92.9906
92.1899
95.6081
95.5653
93.8586
94.4658
95.7832
96.4571
91.6056
93.2986
94.8505
95.0678
95.1353
95.0367
96.0777
94.4483
91.009
92.6882
94.2678
96.4315
95.0083
94.7605
95.8107
94.3966
92.3708
92.5692
94.7719
96.3369
94.9521
94.8425
95.5268
93.1929
91.5273
93.3752
95.3118
97.3654
95.3502
95.695
95.9116
93.6439
92.2745
92.4894
93.6087
93.9689
94.7114
94.7461
95.4613
93.3548
94.0275
94.9884
93.6197
93.4969
93.2222
94.3156
93.7193
91.4838
92.0188
94.7439
96.2946
91.4009
94.4377
93.2936
94.2794
93.988
94.4886
95.3944
91.8966
91.989
93.6881
95.8804
93.3642
93.413
95.0278
94.6557
93.3952
93.4511
93.5964
94.6115
93.4007
94.033
95.3276
95.7725
97.6272
92.0856
92.79
93.2381
93.621
92.7905
