95.2357
93.4907
94.4598
94.4789
94.1858
94.787
95.9757
92.5334
95.4695
96.7335
92.691
92.9363
94.1592
95.399
95.7991
94.4666
95.4423
97.4474
91.8326
92.5531
94.4496
96.1155
96.99
97.1323
95.9622
94.2237
93.3999
95.3407
96.953
97.3919
96.9781
97.7051
97.9918
98.0167
88.4259
90.4805
92.3816
93.9921
93.8968
93.9891
93.9307
95.6421
93.2998
90.005
91.4808
93.8475
91.3892
92.7775
95.5397
96.4047
97.0895
89.6958
91.2405
92.7108
91.1449
94.4251
92.2127
93.9314
93.36
95.8354
91.454
92.9672
94.1684
92.3075
92.7547
94.5128
96.1273
92.045
92.1483
93.1359
94.512
93.9013
94.1858
94.5793
93.3962
92.0511
92.0086
93.6745
94.3607
93.9911
95.4098
93.2157
92.2381
93.5021
95.3871
96.4423
