80.6148
77.3517
77.1508
79.3319
80.474
81.2836
82.6099
80.7006
81.6077
80.8993
80.1819
81.3703
82.6122
81.4146
81.3136
80.8438
77.5073
79.2221
80.6048
82.1652
80.1045
78.8843
79.1814
79.2874
79.8505
78.8933
78.7987
80.8587
81.6867
83.0579
83.5805
79.7798
79.7144
81.9552
80.424
80.2054
81.8805
81.3429
79.3375
79.613
80.4173
81.0016
76.9522
78.4965
79.7757
81.7467
80.3103
79.7792
80.4256
82.1461
83.026
79.9322
80.6302
82.4031
83.7418
79.6206
80.799
82.2209
80.4457
79.9344
80.9716
82.6557
81.5806
79.3223
80.7003
81.247
80.9814
81.4758
82.8765
81.6161
80.6298
82.0608
83.9711
76.0773
79.2257
81.387
81.5502
81.1278
81.2667
81.5305
82.754
79.4125
79.2104
81.0369
81.7108
