81.3552
82.3337
82.9513
80.7823
78.8691
80.5225
82.0691
82.9757
80.0772
80.6299
82.8418
84.2271
78.3499
79.7861
81.5212
80.8895
80.077
80.0292
79.3344
77.7878
80.4383
80.603
79.8374
80.9947
80.1538
79.8544
81.843
83.0466
78.0885
80.3669
80.204
81.3966
81.4153
78.2274
80.2192
80.0592
81.3058
78.9851
78.9236
79.8125
80.1198
79.6911
79.5278
81.1854
82.576
83.2211
76.9752
78.2071
79.6062
79.7209
80.1632
79.7707
81.2586
82.5609
83.9029
84.2195
79.0849
78.8378
78.4509
80.5358
82.0198
82.4544
81.5513
81.6805
82.863
84.2444
84.6435
77.9475
80.3694
80.3263
81.1736
81.7691
81.2512
83.0929
79.5171
77.8896
79.379
81.3533
80.0514
81.5061
81.564
82.6202
80.9105
78.1205
79.1012
80.0667
81.8749
