93.7289
95.2057
93.3824
91.3124
89.9881
93.8923
95.0897
95.8225
95.541
97.1662
97.9288
88.865
92.2402
93.3691
95.4908
95.2934
94.8117
94.6078
88.8904
91.1116
93.7517
94.5236
95.5283
96.2764
97.8293
91.3477
92.0488
94.3883
95.9633
95.1325
94.5054
95.5885
93.2012
90.4282
91.2897
92.0714
92.9879
93.9777
94.7884
95.2465
96.9433
92.0203
91.2205
92.2412
93.292
92.8899
92.629
94.5163
91.4248
91.6413
91.7815
92.0276
93.5538
94.5995
95.1627
93.3978
94.0505
95.4625
96.4371
97.4908
90.8974
92.9553
94.5289
95.4655
90.3381
89.7489
93.8575
95.6842
96.9691
97.6023
93.9005
94.3775
93.2678
93.2095
94.4525
95.6694
96.5169
96.2387
93.3081
93.7311
93.1169
94.0544
94.6476
89.9256
