79.9616
79.9981
79.4226
80.7085
82.299
82.902
83.7684
82.6583
81.1691
82.6764
83.703
78.4582
79.1451
80.6587
82.2106
82.5183
82.2456
82.2736
78.6486
79.594
79.911
81.3491
80.6683
80.8889
83.1901
78.6275
78.397
77.4073
79.7303
81.4773
82.8149
83.3152
82.4123
82.4245
83.6574
85.0406
77.6561
79.2181
80.4291
81.6324
81.0302
80.436
82.2697
84.2221
78.5789
76.6084
79.0356
80.2147
80.9302
81.1692
81.7599
83.0134
84.6848
78.8568
80.0491
80.4878
80.4574
82.2787
83.1612
82.7359
82.3376
81.3926
78.9455
81.4201
83.0289
81.3176
81.581
81.4727
82.1097
81.4474
79.6591
81.631
83.4978
84.355
82.1541
81.173
81.1204
79.5066
80.1944
81.7761
82.5147
83.8918
84.398
79.7888
80.4832
80.2871
81.4133
82.4417
82.5022
83.3026
80.0839
