68.8064
69.4875
67.3854
67.3489
67.8094
68.6901
69.1623
69.3574
69.9748
64.4696
68.0146
67.1074
67.0151
66.4982
66.9519
68.0354
67.5673
67.9259
69.6201
68.7504
67.6512
67.5164
68.6823
69.5651
70.0929
65.8497
66.614
66.8433
67.955
68.4418
66.9164
67.1925
67.9308
68.7298
69.817
70.6988
66.1962
67.6156
67.2469
67.6322
66.4507
66.1451
66.7334
68.0378
67.8521
68.6631
69.1859
67.686
67.273
67.6742
68.6997
70.0338
67.037
67.0432
67.7672
68.0818
67.4599
66.9998
67.1649
67.4504
67.317
65.5921
67.3477
67.2405
67.383
68.4995
68.6138
69.1782
67.8769
68.9063
69.4474
66.7759
67.5832
67.0825
66.3361
67.784
69.1619
69.9772
66.4563
64.2793
65.8967
67.7939
67.785
65.5799
68.1081
68.8242
69.2421
69.5549
68.5949
69.3663
66.6905
67.5234
67.6367
68.6489
69.489
67.6621
67.8742
68.6315
67.9982
67.6165
66.6098
67.2057
68.1006
69.5135
68.6188
69.0326
67.3118
67.2334
66.3637
68.2914
66.3882
66.1963
65.8026
65.477
66.6261
