76.5892
77.0435
78.156
78.0946
79.8172
77.4552
80.1682
80.7157
81.878
82.5681
74.9573
75.6877
74.7503
76.6757
77.4846
78.6171
79.0658
80.237
79.3702
79.4911
80.7808
80.0852
80.7631
80.7343
75.1162
76.6696
77.5983
76.5377
76.1169
76.0932
78.9858
79.8497
81.0689
79.6693
79.5601
77.5454
75.3374
77.9516
78.7668
79.6833
77.6571
79.082
79.5214
79.8695
81.3829
82.0778
78.0078
78.4434
76.8497
77.2568
77.264
77.3983
77.0529
79.0815
78.9147
79.8957
80.7952
81.6449
79.718
78.6374
78.9081
79.7037
79.7861
80.6899
78.3483
78.1619
78.7935
79.652
80.7524
80.1285
79.6248
77.9216
78.8439
80.4018
78.2906
78.4035
78.4802
78.969
79.9848
80.0606
77.6255
80.1267
78.8586
80.0017
80.3808
79.3154
78.8683
79.8662
80.4602
81.4308
80.2712
79.786
80.4812
79.6094
77.046
77.6409
78.1215
79.3059
80.24
81.0666
79.2077
79.6727
80.2752
81.0798
81.8629
77.5497
77.4107
78.7613
79.5652
80.4244
81.3406
81.8103
82.1298
82.1745
82.6965
79.1569
76.4296
76.8125
77.8142
79.0117
79.3505
