78.1856
76.9613
77.7059
76.5837
76.5289
76.5428
76.9125
78.0903
78.8814
79.7461
80.161
76.6937
75.6884
73.864
75.1683
74.5674
75.1078
75.9369
76.7541
77.3185
78.4742
79.8092
80.5207
80.8921
75.2056
75.6228
76.0129
75.6161
77.0604
78.0887
79.4812
79.6406
74.6205
78.0615
78.8944
79.5621
76.1026
76.8909
77.7082
78.3876
79.5353
76.9336
78.1989
77.9023
79.073
79.7836
80.3479
76.1152
74.7723
75.3668
75.2604
76.0932
76.3361
75.0705
76.5231
76.8481
78.2697
79.708
76.1275
77.5626
78.0452
79.2272
79.7447
76.806
76.6712
77.2786
78.1713
79.6565
80.5986
76.8722
78.1748
78.5655
76.308
76.8644
77.8736
78.1035
78.7623
78.3435
77.4592
76.7981
77.8936
78.307
78.7829
79.456
80.1607
80.3212
76.1539
77.3298
76.9856
78.2165
79.4723
80.3159
80.576
80.3571
77.6704
78.831
77.4657
77.7998
76.5282
76.536
77.3051
77.806
78.6892
79.4815
79.8627
80.6294
78.0378
77.5258
73.8995
75.4726
76.0908
76.5049
78.0541
78.8618
78.6719
79.1511
79.4638
77.8991
76.6024
75.8987
75.7534
76.7792
