90.9162
90.5021
89.3037
90.7338
91.2899
91.7693
92.2211
92.2781
86.8817
87.6433
88.1081
88.4923
89.2478
90.1118
88.2391
88.8439
89.36
90.5811
90.1074
89.388
90.4598
90.7132
88.9104
89.29
87.8511
86.9447
87.2587
89.7175
90.7026
91.2813
89.0475
89.7068
90.7619
90.847
92.0276
87.8676
87.3702
88.4242
89.3558
89.7881
90.2038
89.0382
89.5555
89.3821
89.7725
90.3547
90.8456
89.2746
85.6111
86.5188
88.4017
89.5573
91.1479
91.636
90.5985
89.9952
88.6852
90.1856
87.7293
87.9702
89.0027
90.2198
91.2041
91.4466
90.6183
91.0711
90.2821
88.3105
88.2419
88.2895
89.2492
90.1292
90.5064
91.1312
91.1862
91.3122
92.3988
93.146
87.1492
87.0663
88.5149
89.2355
89.7936
90.2931
90.9391
91.4488
92.1333
90.7655
88.7298
88.3663
88.7289
89.6476
90.6508
91.4558
91.7094
91.9938
92.6434
87.3643
86.96
87.8085
88.3352
89.3217
90.7429
90.7824
89.2766
88.4915
89.3385
89.6852
90.5335
90.2777
89.3438
90.1591
90.8413
89.1769
88.3259
85.1858
87.8701
88.9367
89.987
