94.4418
94.9723
92.9526
93.4458
93.0478
93.4402
93.5907
95.5954
95.6375
94.1467
94.7955
95.7909
96.9218
93.6081
93.3522
94.0407
93.8633
95.418
95.9675
95.2617
94.1349
94.4638
94.8322
95.9543
96.381
96.7399
92.1969
93.0882
94.1272
94.4244
95.3157
95.351
96.447
97.0956
97.5611
95.0578
93.1978
92.6431
93.6115
94.7759
95.9111
96.6333
94.9551
95.1165
95.2673
95.6882
94.919
91.6594
93.874
95.0694
95.6642
94.9096
95.5462
96.232
96.3592
96.7972
95.9891
94.1956
92.0615
92.6772
93.5579
95.0964
96.2953
96.8216
97.0942
96.8022
96.8486
94.9826
94.0066
93.5199
92.3691
93.3024
93.7781
95.0206
95.7649
95.6184
95.7517
95.991
93.7738
94.9777
95.7507
96.5877
97.4065
94.7806
94.1604
94.7566
96.082
96.7214
97.392
97.8485
93.3363
93.6457
94.0755
94.3315
94.2231
93.8573
94.9068
95.9434
97.3392
97.6562
91.4547
93.9885
94.5663
94.0855
92.8386
92.9299
93.3821
94.7081
