95.8538
94.4132
94.2585
94.4703
95.0424
95.5133
96.5527
96.22
94.7643
95.598
96.2249
94.2879
93.5418
94.1973
94.5822
95.2806
95.8684
95.384
94.1978
95.5075
95.2113
94.6747
95.9352
96.7
97.4508
94.8487
95.11
95.5423
96.092
96.9665
90.2145
92.7378
93.3764
94.8415
94.4946
95.2607
96.6202
96.7329
94.6894
95.4382
95.5814
93.1708
94.7153
95.8773
96.153
93.6922
94.3966
95.2147
95.5955
94.2583
96.2191
95.3918
94.3075
94.8976
95.5038
96.0369
96.3171
96.9662
97.6116
90.1738
93.6268
94.4743
95.0639
95.6546
93.4528
91.4836
94.9667
95.8502
96.7309
97.5792
91.0543
94.1328
95.0724
95.5291
95.0222
95.5073
95.9848
96.5572
95.5405
94.8769
93.6892
94.4886
95.3033
94.5805
92.466
94.2685
94.0787
95.7658
96.9169
97.8194
91.6427
94.3006
94.8757
95.599
94.4629
94.9039
95.8533
96.665
97.2864
95.6523
94.8179
93.4792
94.7459
96.0483
96.7869
92.9566
94.255
95.0615
95.7848
94.1692
93.9398
94.2883
95.5291
96.3647
95.3703
94.8052
92.3105
94.0914
