92.8216
89.0375
89.5079
90.4681
90.213
89.8834
90.6394
91.4091
92.2259
93.1756
91.3605
89.0672
88.7169
90.4996
91.493
92.3863
89.7197
88.3726
90.0323
90.0977
90.0316
89.0765
88.9759
89.7567
90.3618
91.8533
92.6051
93.028
89.8835
90.7765
91.0729
90.2433
89.2915
89.01
90.4801
91.6467
92.0188
91.8083
91.0533
91.5279
92.1338
92.5843
90.0585
88.6783
88.1622
89.4363
88.7831
90.6246
91.5791
92.045
92.4585
92.6053
91.7948
90.5868
89.462
89.5329
90.4173
91.1905
91.7887
92.0165
91.2762
91.2106
90.8818
90.6739
90.9264
91.4519
92.0924
90.5393
90.9415
91.465
91.2779
92.4943
93.2083
93.432
88.9634
89.7655
90.0361
89.0817
89.0817
89.156
89.9437
91.274
92.2779
92.963
89.0111
89.9167
90.8654
91.3691
92.0133
89.5059
89.9952
89.9497
88.9031
90.6028
91.9058
91.9444
90.9034
91.1074
91.578
92.8183
93.6201
89.7471
88.1591
89.0043
89.9741
90.0924
89.5615
89.5826
90.2537
91.4656
92.2282
91.7645
89.7601
89.2651
90.0548
91.2723
91.6924
92.74
