57.9917
59.4667
59.6673
59.0356
59.7183
60.3502
59.9987
60.4059
60.4597
60.9841
60.8571
59.8364
60.1088
60.7445
60.8698
61.1796
61.4929
59.1631
59.4131
59.2288
58.2286
58.9111
60.2703
59.7866
60.5366
59.5659
60.1633
60.8104
60.2465
60.5487
59.2764
59.8182
60.0005
59.0655
59.7936
59.8666
60.5404
61.0141
61.2454
61.6673
61.7312
60.0144
58.5499
57.8163
57.9911
58.2265
58.3424
58.2235
58.6863
58.9412
59.5655
59.9824
60.7933
61.2954
61.7427
62.0382
62.1294
59.2718
58.2841
58.2623
58.5082
58.5878
58.8796
59.3974
59.6694
58.4444
58.8737
59.6049
59.9477
58.977
59.4961
59.5141
58.2035
60.0019
58.8272
60.7602
60.9282
60.9466
61.0097
61.4214
61.6786
62.0218
57.5705
59.0062
59.1981
59.9501
60.8179
59.7746
60.3165
60.5938
61.2208
61.7185
62.1082
62.5263
62.691
62.6195
58.3052
58.8681
59.5743
59.9172
60.2033
60.6853
61.2249
61.347
59.0294
60.0291
58.8612
60.1842
60.5304
61.0422
61.2393
58.2516
58.4152
58.8113
59.0042
59.7415
59.893
59.0569
59.6382
59.5168
59.3961
60.1905
60.3384
60.9002
61.3484
61.5314
61.9116
57.8852
59.1917
59.5798
60.2478
60.7741
61.3445
59.1109
60.1259
60.0778
60.1845
60.5417
60.5587
61.0157
61.2441
60.7419
61.1362
61.6177
61.8536
57.3569
57.9112
58.7877
