63.2712
63.9698
64.425
65.1687
65.643
66.1781
65.0306
64.2469
63.8598
66.1274
66.6414
67.2267
67.2903
67.5829
63.8292
63.1262
63.0259
65.5315
65.8421
66.0164
65.9423
65.3154
65.7255
66.0919
66.6491
67.1122
65.1213
64.1504
63.0716
63.9789
65.5885
65.7906
66.1037
66.2768
66.5802
67.1229
67.5829
65.6513
64.6816
64.2091
64.6942
65.1294
65.1975
65.7291
64.1338
64.3984
64.982
65.3177
65.6729
66.1953
66.5365
63.5563
62.9411
64.1287
64.8672
65.2983
65.7281
65.3342
65.5438
66.1398
66.673
66.786
66.4834
66.8672
67.1727
67.5197
67.6967
62.13
63.6266
64.1561
64.0314
63.9099
64.6249
64.6969
65.0437
65.033
65.5762
65.9024
66.5646
66.373
64.4057
64.2218
64.8819
65.2265
65.5418
65.906
64.7561
64.1128
63.7997
64.3217
64.8514
65.1407
65.0672
65.6929
65.9052
66.3145
66.5019
67.0246
65.8806
65.3406
63.6818
65.0916
63.924
64.4942
64.5411
63.8978
64.5108
65.1489
65.7258
66.1802
66.8104
67.3103
66.0884
66.2998
65.9817
64.755
65.3196
64.2593
65.1506
65.3525
65.5723
65.5462
66.3405
66.566
67.0293
67.4246
64.2235
65.9208
66.3001
66.4991
63.5449
64.4657
65.1708
65.6358
66.3076
66.2526
65.7257
65.7181
65.6741
65.3446
65.409
65.418
