49.8192
49.8502
49.8015
49.1588
48.8372
49.1604
49.7742
50.0782
50.7552
50.4479
50.9537
50.7154
49.7851
50.8843
50.1651
50.6886
51.0876
49.2479
48.8091
49.5315
48.8927
49.9537
49.732
50.2666
50.4592
49.9915
49.9819
50.2994
50.531
50.9955
49.8084
50.3597
49.2633
49.5139
49.9669
50.4164
50.8457
51.4262
48.5016
50.2676
49.2762
49.6793
50.373
51.3026
49.4895
49.6312
49.2143
49.5837
50.4208
50.6969
50.9371
50.6381
50.1428
50.0397
49.6611
50.0623
50.2811
50.6083
51.1851
51.315
51.6885
51.8954
49.5101
49.456
49.8526
50.0029
50.4355
51.2836
50.4828
48.8799
50.4297
51.2331
51.4045
51.4492
50.7829
49.6391
49.331
49.6172
50.1004
50.5381
50.9359
51.3337
48.6049
49.2735
50.0443
50.1685
49.9254
50.1895
50.5362
50.9605
51.0366
51.4249
49.7858
49.9345
49.8656
50.0515
48.8508
48.8562
49.0024
49.6256
50.2878
50.8728
50.0083
50.5565
50.6023
49.2625
50.2538
50.1031
49.706
48.9213
49.1858
49.7339
50.3241
51.0268
51.4811
50.1309
50.2662
50.1196
50.2009
50.3524
50.6604
50.8432
48.1232
47.7777
48.1357
48.6827
47.9077
48.8821
49.2723
49.7713
50.0678
50.321
49.2194
50.0348
49.813
50.4528
51.0398
48.7473
49.2733
49.7981
50.0076
