62.9084
62.6826
62.9417
63.3502
63.6795
64.1292
63.2738
62.7983
63.8946
64.0027
64.5835
65.1064
65.4176
65.7825
64.238
62.302
62.4442
63.9831
63.1024
63.7694
64.3611
64.9953
65.3367
65.7182
66.1526
65.3968
65.5377
65.7644
66.0178
66.1841
61.9694
61.9581
61.752
62.237
63.506
63.9307
64.6524
65.2024
65.4548
64.8434
65.3571
65.709
65.1022
64.2203
62.4791
62.5178
62.4619
63.0775
63.7994
64.2491
64.9431
63.0503
64.6157
64.9984
65.6088
66.0937
66.1748
61.3566
60.8133
61.4397
61.8956
62.6674
63.1504
63.0861
63.5514
63.7518
64.1243
64.9967
65.6758
65.0729
63.2297
63.0385
63.5961
64.0108
64.2587
64.5517
65.1431
64.055
63.531
63.5419
64.0607
64.5087
64.7513
65.1297
65.5159
65.7729
62.8107
63.73
64.6838
64.6521
65.1863
65.9332
66.2991
66.4072
62.9885
63.8533
64.256
64.7211
65.2024
65.4232
65.5835
62.7288
62.8905
63.6047
63.7021
62.4041
63.0973
63.1999
63.274
63.4919
63.8287
64.5383
65.2395
65.7643
64.7003
63.8186
64.0797
64.486
64.7816
64.9
65.244
62.4631
62.7367
62.6517
63.1594
64.2701
65.203
65.6692
65.9068
64.4186
63.7136
64.6304
65.0598
65.6532
66.1356
61.0766
62.1545
63.4419
64.2569
64.6258
65.4169
66.1878
66.2029
63.6802
63.6044
64.4246
64.7918
65.0639
