60.693
61.1339
61.5509
58.5329
60.8173
61.4969
62.1549
62.5879
62.9492
59.1671
60.6846
60.9329
61.3392
61.6658
62.0238
60.4409
60.7133
60.8071
60.1729
61.3935
61.338
61.1295
60.3653
60.3983
60.98
61.7054
62.1807
62.487
60.5175
61.7704
61.7118
59.4227
61.3509
61.9189
62.2455
62.6028
62.9878
59.4471
60.1173
60.4383
59.9414
60.5986
60.3107
60.3134
60.7054
61.2971
60.4442
62.4319
62.6345
62.6597
61.4171
60.8094
60.6938
61.1708
61.5396
62.0729
62.6114
62.8048
60.6453
60.3375
61.6227
61.4903
62.0587
62.4763
61.477
61.0454
61.2465
61.5968
61.825
62.135
62.3137
61.0631
59.5456
58.4432
59.6253
60.317
60.9706
61.4071
61.961
62.0582
60.2266
60.3537
61.2341
61.2455
61.7431
62.2782
62.5674
62.5795
59.7539
59.6079
61.2174
61.771
62.4515
62.9843
63.3125
63.3823
62.7392
60.669
61.4001
61.8763
62.0326
60.5045
59.5982
59.5752
59.8243
60.5024
61.3185
61.8
61.0373
61.3422
61.4684
61.838
62.4921
62.8755
63.3194
59.8783
60.4426
60.5715
60.1664
61.0078
61.2482
60.851
60.9757
61.2448
61.2927
61.5482
62.132
62.7825
63.3502
60.775
60.795
61.1884
61.4068
61.8848
62.3813
62.6781
60.0141
60.0464
60.3981
61.2679
60.3099
61.2615
61.1619
60.5205
60.9597
61.0647
61.5303
61.8652
62.174
62.4216
60.1518
59.7771
60.4513
60.2926
60.7251
