52.4253
50.9147
49.467
50.1427
50.9895
51.2084
52.1926
52.8172
52.9719
53.2212
51.3773
52.0813
51.8399
52.2078
50.7035
50.7397
51.3423
51.8513
52.476
53.1176
52.8495
52.4209
52.0522
52.2602
52.7741
52.9513
53.2462
49.8997
49.4372
50.7901
51.0647
51.5271
51.8324
52.2388
51.7506
52.0798
52.2888
52.2313
52.2682
51.4775
51.1257
49.7878
49.6769
50.3589
50.6223
51.4276
51.045
51.4014
52.1276
52.8078
53.3015
52.8187
51.4144
51.5536
50.9478
50.8314
51.3942
51.5319
51.8608
52.3326
52.7094
53.0614
51.8754
52.6735
51.7249
50.6637
50.7866
50.8279
51.3796
51.2012
51.6904
51.8207
52.3736
52.9043
53.1413
51.4248
51.8856
52.597
52.9647
53.2143
53.5416
50.6256
50.606
50.3704
51.0034
51.5599
51.9958
52.5708
52.9347
53.2648
51.5496
51.981
52.6372
52.9961
53.2309
53.2891
53.609
49.6004
49.8995
50.5443
50.6814
51.0797
51.5942
48.9016
50.1723
49.8938
50.6875
51.4579
52.0946
51.5103
51.4316
51.5762
51.6844
52.1458
52.5381
52.6646
52.9931
51.0946
52.0947
52.4267
52.6113
52.8946
50.4804
50.7614
51.2217
51.8519
52.2417
52.5864
53.1449
51.2627
51.2849
51.8819
52.4953
52.8434
52.4408
51.9335
51.6155
51.7008
52.2486
52.7207
52.5347
52.9703
52.9377
53.4509
