89.1221
90.3225
91.3708
85.8534
87.9316
89.5854
90.9347
92.1592
88.9267
89.4053
90.8579
92.7742
85.2797
88.1599
90.8815
91.1506
90.5999
91.4299
91.0265
89.7475
88.6456
86.1604
91.1722
92.9905
93.5591
90.5884
90.5712
90.2188
89.447
90.6195
91.7743
91.6567
89.3357
91.8393
93.605
89.8479
91.0194
92.3991
86.2667
86.2468
87.2704
88.8586
90.1343
91.0337
92.0373
92.6403
91.7423
88.5137
89.5266
91.2512
92.8356
93.249
90.2028
90.0986
89.7226
87.9766
90.1908
88.3902
91.095
92.0637
88.9864
88.0719
89.9424
89.5959
90.4574
90.4935
91.5703
92.1921
89.3191
89.7847
89.2574
89.1625
90.6782
91.0002
91.477
92.3861
92.4184
90.6827
89.9441
89.8883
91.4375
92.4462
89.5235
