85.9809
86.1037
86.9728
84.9552
86.216
86.7812
87.7467
89.0489
88.26
85.3028
86.1816
86.1592
86.9934
85.1124
85.4292
87.5336
89.2112
86.5166
88.0431
88.654
83.9517
86.1693
86.4409
86.7118
87.1922
86.6532
87.4593
86.7666
85.3671
84.7511
84.6051
83.1366
86.6647
85.7821
88.1288
86.7106
88.0906
88.6412
89.9843
84.9116
84.3514
85.7069
87.9428
87.1502
87.7169
88.4118
83.7074
82.3651
84.2786
85.8457
87.7397
89.1853
89.4671
90.5965
91.2325
84.1923
85.736
85.8033
86.5322
87.3241
88.2052
88.5638
86.5831
85.3566
83.5253
85.3402
86.3994
88.2486
85.1914
85.6566
87.1637
85.5868
86.425
86.7535
88.4508
89.6985
86.8712
86.4956
87.4037
85.6471
81.5128
86.1794
86.875
87.4947
