95.1273
95.2362
96.0226
97.3139
90.0558
92.0233
94.3163
95.3273
95.0017
95.7477
97.4844
94.5566
91.4407
92.7047
94.5858
95.5368
95.2116
96.5833
94.1722
92.3608
94.1328
90.289
94.2916
94.7748
95.7506
96.0348
96.0711
91.1031
91.1416
91.2756
91.3785
92.685
92.924
93.2293
94.4724
94.6037
92.8969
93.7716
95.2609
96.064
93.1685
93.7416
94.9364
95.6775
96.8116
97.3161
91.6291
91.4449
92.4145
93.2308
93.0888
93.2982
94.4033
96.0082
97.3918
91.6172
93.0538
94.6892
95.8602
92.9923
93.0748
92.1239
93.8426
94.4806
95.9753
96.5986
97.179
92.2312
92.244
93.4963
93.3808
95.5345
95.8055
94.7952
94.8284
92.6091
93.6401
95.1753
96.5922
95.7962
95.3354
95.3973
96.3001
97.304
91.9356
93.6344
93.6412
93.6704
94.4809
94.6786
94.7693
93.3687
