95.1065
96.0756
92.339
92.8421
91.649
92.6559
93.4438
93.4718
94.2695
96.526
92.0234
92.8557
93.418
95.121
92.2079
91.6341
93.6693
93.5442
93.741
92.0476
93.9661
94.2639
95.6877
95.9575
92.6147
92.2654
92.2971
93.5175
92.5966
94.8045
94.356
96.0883
96.4368
97.4624
90.7834
91.4576
93.7731
95.7928
95.8003
95.6217
96.2367
94.241
90.4874
90.8606
93.1718
94.617
95.1349
95.0879
97.1924
92.9249
90.8454
92.5903
94.2576
94.8802
95.4814
96.1436
95.5452
92.7349
92.0539
92.6097
93.7953
94.612
95.2315
95.7438
96.4556
97.471
90.2991
91.8829
92.7689
95.3402
95.4056
90.6901
95.1688
95.1456
93.0824
94.085
95.5403
89.322
93.8346
93.6989
93.8567
94.6568
95.5825
96.7933
93.503
92.8982
94.7686
93.5568
