93.0489
95.3163
96.0487
93.966
94.6717
95.1789
95.8956
91.5936
92.0671
92.9433
95.0162
96.009
94.1043
94.0109
92.9294
94.6081
90.3153
91.2496
92.5297
93.8383
94.7122
95.2847
95.3844
94.6176
94.5411
95.0135
95.7426
90.8387
92.1392
93.7803
95.2454
95.4701
94.9712
94.6646
95.0298
90.4651
92.6758
94.5892
93.4714
95.0956
94.0927
95.2346
95.5081
91.3544
91.0566
93.4412
93.5421
95.8433
96.4793
96.1656
95.113
88.4386
92.1203
94.1294
95.6322
95.8348
95.5702
96.9672
98.144
88.971
89.9021
91.8674
93.447
95.0007
95.4242
96.2475
95.2982
90.8877
93.3251
95.2933
95.1178
94.0546
94.8975
95.2101
91.2766
92.4107
94.5782
92.4617
91.1091
93.0908
94.134
94.7371
92.6462
94.0141
95.2229
96.1853
96.4645
92.2211
94.5562
95.8413
91.9361
