89.5723
93.1463
95.3857
89.04
92.8525
94.1237
95.5927
89.6692
91.4331
92.6077
95.3731
97.0387
93.859
93.7626
95.6173
96.9486
97.9983
92.3128
92.6841
94.2209
93.4125
95.0867
95.612
94.8019
94.436
91.4555
93.2766
94.5585
95.5342
96.2581
96.8452
93.9883
91.448
91.0855
93.1056
94.8027
95.759
94.284
94.7779
95.9671
91.0175
93.7124
95.4829
95.3461
95.6185
95.2856
97.0155
97.3403
90.7677
92.1463
93.7122
95.3313
94.4667
94.605
95.7955
98.3227
91.5174
92.8381
94.177
94.61
94.9558
94.9533
93.7303
91.0158
92.0374
93.9181
95.1863
95.9024
96.6523
96.7255
94.4825
93.9014
92.4783
91.9837
94.3338
95.3317
96.3025
96.5554
91.9186
92.4092
94.0804
95.2782
91.9888
92.4467
93.902
93.119
91.5329
