92.1993
91.3616
91.4793
93.1963
94.6498
94.618
95.1574
92.4117
91.3259
91.7106
94.2744
95.8197
89.8586
93.7828
94.0037
91.9995
92.9608
90.263
89.3685
92.4964
93.8525
94.7641
95.1905
94.0367
93.715
91.8657
91.1578
93.3027
94.5274
93.6321
93.528
92.0428
91.0479
91.1432
93.0231
94.2959
93.3297
91.8198
91.6305
92.7334
91.7132
91.8035
92.5179
93.5778
95.12
95.173
94.154
94.0772
92.356
92.1553
92.1104
93.5906
94.3831
94.8683
93.5551
92.7349
91.3196
90.2863
90.4392
93.1284
94.3871
91.2299
93.5242
94.5729
96.1042
97.3134
88.5054
92.2758
94.3079
96.3491
92.4344
94.1177
95.5299
96.5493
90.0079
91.4499
92.4862
94.2607
96.3653
96.1349
92.6459
94.9629
90.8833
91.6965
93.0941
94.0117
