86.6488
86.2669
87.3469
88.7226
82.0495
83.8987
85.1937
86.5372
86.1715
85.6727
87.4401
88.5683
80.7767
82.4333
82.6244
84.1943
85.8748
84.4227
84.995
86.6242
88.0153
88.8396
86.6433
82.7849
84.6115
85.1499
86.805
86.8993
88.4056
86.9621
81.5704
79.0461
82.8991
85.1889
86.108
86.8641
87.3148
87.6376
85.8975
82.12
82.298
84.7839
86.6582
87.2929
84.9207
86.0612
85.0257
83.1412
85.1794
85.9863
86.831
86.2507
85.8828
87.4517
88.7335
81.9646
83.9585
85.3482
87.4158
88.0624
87.4699
83.0497
84.3961
82.3549
83.7614
84.0907
86.5852
87.0525
86.3121
86.1595
86.8749
87.9136
89.4905
84.2579
83.3898
85.3528
86.5137
84.8353
82.2964
87.5462
89.3144
83.8429
