96.3343
93.7144
95.4123
96.9062
92.8148
93.2466
93.6003
95.5237
96.0454
96.473
93.9186
95.3001
95.9381
96.8397
94.1983
93.8785
93.0703
95.0903
93.9558
94.4085
95.6808
96.6682
93.6818
93.101
93.9008
95.616
92.1157
92.3608
94.302
96.771
93.7438
93.6357
94.5217
94.9176
95.2429
96.2657
96.8849
91.7965
94.1961
93.0983
93.4458
95.7482
97.0607
97.5191
95.8531
95.381
96.9502
91.6607
93.4206
95.0103
95.9792
97.3022
96.8425
94.1652
94.8537
96.1951
97.0424
91.0119
90.4564
94.4435
96.1988
98.3149
97.3225
94.687
93.1379
90.7466
91.3293
93.7805
95.1228
95.7305
96.1565
95.5793
94.8748
96.2142
90.4063
90.0641
91.1777
91.3381
94.6843
92.8334
93.7537
91.633
92.2337
92.2784
92.2457
93.5414
94.569
95.8247
