88.648
89.3651
88.1667
88.4987
89.0141
87.7141
89.1509
89.9042
90.9376
84.0478
86.4808
87.6422
88.7814
89.033
89.1928
89.3756
87.9053
88.0177
84.038
87.3324
89.2807
89.7569
90.3531
87.3745
86.3006
87.8516
86.3893
87.5343
89.384
89.5386
89.4037
90.0016
84.6812
82.3604
87.1474
89.2629
91.392
90.552
90.1909
88.5926
84.6632
86.604
88.672
89.169
87.3312
89.2167
89.8177
88.3435
84.983
87.4252
88.4512
90.4563
90.6607
90.0453
89.0728
87.0197
87.9307
89.067
90.6697
90.2391
88.8895
88.5516
88.8759
86.0355
87.3257
88.6778
89.76
90.6698
88.8423
88.4187
89.2241
90.5886
91.4253
91.6838
86.0933
87.381
89.3675
88.5736
86.2865
87.9739
88.1383
89.5554
90.1556
88.7825
84.8027
88.7873
87.8996
