62.6
62.6
62.6
62.6
62.6
62.6
62.6
62.6
62.6
62.6
62.6
62.6
62.6
62.6
62.6
62.6
62.6
62.6
62.6
62.6
62.6
62.6
62.6
62.6
62.6
62.6
62.5
62.5
62.5
62.5
62.5
62.5
62.5
62.5
62.5
62.5
62.5
62.5
62.5
62.5
62.5
62.5
62.5
62.5
62.5
62.5
62.5
62.5
62.5
62.5
62.5
62.5
62.5
62.5
62.5
62.5
62.5
62.5
62.5
62.5
62.5
62.5
62.5
62.5
62.5
62.5
62.5
62.5
62.5
62.5
62.5
62.5
62.5
62.5
62.5
62.5
62.5
62.5
62.5
62.5
62.5
62.5
62.5
62.5
62.5
62.5
62.5
62.5
62.5
62.5
62.5
62.5
62.4
62.4
62.4
62.4
62.4
62.4
62.4
62.4
62.4
62.4
62.4
62.4
62.4
62.4
62.4
62.4
62.4
62.4
62.4
62.4
62.4
62.4
62.4
62.4
62.4
62.4
62.4
62.4
62.4
62.4
62.4
62.4
62.4
62.4
62.4
62.4
62.4
62.4
62.4
62.4
62.4
62.4
62.4
62.4
62.4
62.4
62.4
62.4
62.4
62.4
62.4
