40.2943
40.5134
40.7552
40.8689
41.0299
40.1697
40.587
40.7304
41.0677
41.0144
40.9252
40.3506
41.1586
40.498
40.824
40.9786
41.1229
40.1786
40.5804
39.9111
40.1082
39.5329
39.8522
39.9222
40.2083
39.9782
40.3027
40.1014
40.2733
39.0648
39.0446
39.2815
39.684
39.8729
40.0561
41.1683
41.1823
41.4822
41.6495
41.8044
41.97
42.0385
42.2106
40.6155
40.3536
40.6919
40.8151
41.186
39.9685
40.8388
40.5385
41.5354
41.7746
41.4712
41.7299
41.9042
42.0781
42.2164
40.1998
40.2503
40.3788
40.8185
41.1369
41.1841
40.979
41.4507
41.622
41.8194
41.978
42.1712
40.4293
40.8992
40.5499
39.5817
39.6067
39.9815
40.2556
40.4628
40.546
40.7614
40.9877
40.6654
39.8582
39.787
40.5312
39.1216
39.5109
39.6367
39.8759
40.5074
40.6133
40.4102
40.4809
40.7387
39.921
39.9297
40.1408
40.6114
40.3423
40.8097
40.8766
41.3734
41.5878
41.1363
41.4983
41.0591
40.7532
41.1428
41.3211
41.6448
41.8203
41.9444
40.6085
41.0786
41.2753
40.8997
41.233
41.587
41.9473
42.0553
40.8701
40.9641
40.5074
40.9833
41.2772
41.493
41.789
40.616
40.5355
40.9399
40.9466
