41.1813
41.4157
41.5124
40.9466
41.2662
40.7858
40.8036
39.8213
40.1299
40.3019
40.5852
40.4237
39.9913
39.9881
40.1845
40.3887
40.5038
39.4036
39.8042
39.6757
39.9255
40.1557
39.6582
40.5067
40.5429
40.8581
41.1786
41.3969
41.5951
39.8915
39.5446
39.9342
40.4807
40.5712
40.5917
40.8428
41.053
41.0846
40.2912
40.7296
40.0717
39.8895
40.2567
40.7799
40.5382
40.8274
40.9064
40.939
39.8567
39.8911
40.2642
40.6902
41.1745
40.9192
41.278
41.4983
41.6089
40.3399
40.7249
40.6456
40.9489
41.0839
41.4269
41.6339
40.8111
40.9983
41.5613
41.1485
41.353
41.4697
41.7589
41.9002
42.0035
40.475
40.2186
40.5038
40.7005
40.6964
40.5696
40.4546
40.6281
40.4197
40.8498
40.8874
40.4308
40.7749
40.9547
40.8078
39.7163
39.8445
39.9999
40.1595
40.2872
40.5435
40.7783
40.1871
39.6943
40.142
39.9889
40.2511
40.383
38.7768
39.7885
39.9048
40.034
40.2825
40.5364
41.0184
40.4296
40.3753
40.597
40.864
39.6508
40.0386
40.1595
40.01
40.4166
40.583
41.1003
41.4208
41.5946
41.7077
41.7143
41.5225
41.239
41.5245
40.7604
41.8541
40.8058
40.2766
40.562
41.0818
41.3994
40.8807
41.1571
41.7229
41.7627
41.8264
40.9189
40.9511
40.7998
41.2256
39.8819
40.6452
40.6628
40.7052
40.7191
40.5337
