34.6574
35.1014
35.4895
36.048
35.9897
35.887
35.8638
36.2907
36.4073
35.5959
35.8527
36.2115
35.7072
35.9267
36.0185
35.8897
36.4231
36.4886
36.1582
36.3786
36.422
35.7177
35.8876
36.1586
36.4811
36.6407
36.9408
36.0938
36.5202
36.4589
36.5639
36.9002
37.1037
36.3219
35.8333
35.8275
35.1227
35.8008
36.2153
36.0578
36.2154
36.1647
36.6508
36.3136
36.6631
36.8637
37.0071
37.1993
35.6806
36.1614
35.8112
36.1543
36.2777
36.6963
37.0171
36.9916
37.1842
35.8836
36.3834
36.069
36.0772
36.1957
36.4788
36.7052
35.7756
35.6437
35.4761
36.0509
36.2233
36.7667
36.9476
37.0284
36.626
35.8499
35.447
35.6768
35.9965
36.2665
36.3718
36.4872
34.9598
35.7492
36.0181
36.2884
35.5109
35.3763
35.6165
35.9642
36.4405
36.5932
35.6108
36.0672
36.4517
35.296
35.5763
35.8227
35.2554
35.906
36.0825
36.1624
36.4187
36.3433
35.7897
34.7743
34.9968
35.0832
36.3793
36.1417
36.3857
36.6324
36.6616
37.0677
36.4008
35.5222
35.0817
35.2383
35.4538
35.4435
35.4686
35.7161
35.3189
35.5029
35.49
35.9115
36.0792
35.1993
34.9453
35.5468
35.1206
35.4267
35.4966
35.9998
36.23
36.4649
36.6369
