39.1124
39.4218
39.2799
39.5257
39.7888
39.9425
38.4676
37.9487
38.7487
38.8398
39.3731
38.6155
38.7419
39.0082
39.2363
38.7552
38.5013
38.9459
39.0392
38.0449
38.9406
38.2426
38.5884
38.793
39.0053
38.6427
38.6187
38.6451
38.6673
38.6757
38.9934
39.198
39.3193
39.3987
38.0875
38.363
38.5205
38.6691
38.9355
39.2071
39.4199
39.526
38.8088
39.4408
39.0409
39.6176
39.6457
39.8361
39.9215
38.3028
38.273
38.9385
39.1544
39.2967
39.7622
39.9841
39.5482
39.7227
39.5627
39.7766
39.981
40.1331
40.2291
38.064
38.4893
38.8535
38.552
38.9845
39.3676
39.705
40.0894
40.2093
40.3215
39.8708
39.5463
38.3179
38.92
37.8185
37.7959
37.4633
37.7882
38.1405
38.3483
38.5043
38.6911
38.41
38.6327
38.6606
38.765
38.9252
36.931
37.6157
37.7092
38.1599
38.3222
38.9268
39.2708
39.5451
39.726
39.0775
39.2719
39.4398
39.6324
39.7304
39.9725
40.0293
38.9604
39.0645
39.2534
39.4238
39.5379
37.8799
38.7536
38.45
38.6176
38.9533
39.1599
38.7089
37.7322
38.367
38.5999
38.7063
38.9579
39.3217
39.5632
38.9343
37.774
38.4937
38.3804
