35.1366
35.9146
36.1811
36.2538
36.7254
36.5404
36.5664
36.3731
36.7076
36.8323
36.9205
37.2664
36.5798
36.5002
36.6249
36.965
37.0926
37.2513
36.7021
37.0027
37.1472
37.4804
37.5373
37.0718
37.346
36.8961
37.1298
37.277
37.4058
37.6135
35.4307
36.8191
36.5853
36.7419
36.9278
37.265
37.5167
36.8472
37.4789
36.8633
37.1618
37.2332
37.4131
37.7869
36.1692
36.5961
36.9158
37.0312
37.2642
37.4244
37.6056
37.7947
36.7459
35.7892
36.788
37.0211
37.3149
37.4686
36.8638
37.3611
37.1174
36.7973
37.0301
37.2569
37.4811
37.6983
37.8213
36.9512
36.2536
36.6704
36.8022
37.0173
37.5825
37.1425
37.3249
37.5165
37.549
36.6688
36.3755
35.3822
35.6346
35.3035
36.2553
36.3229
36.6336
36.7405
36.881
37.0913
36.1017
35.6363
36.0028
36.105
36.3171
35.97
36.1819
36.3318
36.7821
36.8962
37.0853
35.8139
35.5805
35.4716
35.6183
35.2562
35.1197
35.438
35.5504
35.6527
34.3275
35.0792
35.2109
35.1653
35.9432
36.0592
36.1007
36.3563
35.677
35.4529
35.7525
36.4648
35.9754
36.3261
36.7473
37.1498
37.3703
36.1766
37.2064
37.3563
37.6188
37.7624
37.9483
36.8772
36.8969
37.0618
