34.6583
34.3792
35.0056
35.4856
35.819
35.6087
35.7453
36.0372
36.0006
35.639
35.516
35.7039
35.8034
34.6639
34.7596
34.7037
35.2938
35.6868
35.7216
35.9981
36.2534
36.1587
35.6723
35.2912
35.219
35.0938
35.386
35.6314
35.8179
35.0203
35.6681
35.7119
35.9239
36.1086
36.3098
36.1855
35.4576
35.3017
35.2488
35.4837
35.7485
35.9951
36.222
35.3312
34.8779
34.654
35.9604
36.0591
36.4315
36.369
34.9544
35.704
36.01
36.2388
36.6552
35.8307
34.4145
35.8797
35.9138
35.8289
36.0704
36.406
35.7854
36.2631
35.8487
36.1419
36.5224
36.7261
35.673
36.3794
35.9426
35.8029
36.1781
34.9332
35.4886
35.8255
35.9909
36.373
36.7509
35.7455
36.0156
36.187
36.318
35.7507
36.311
36.4736
36.1269
36.3473
36.4507
36.5757
36.8149
35.1963
35.3777
34.8956
35.4533
35.467
35.7173
35.6072
35.3762
36.0143
34.9058
35.0819
35.364
34.5522
35.642
34.4518
34.7252
35.0142
34.7209
34.8593
34.7619
34.978
35.1553
34.3539
34.3655
34.1405
34.2001
34.4179
34.7061
34.8028
34.1338
34.4944
34.3137
34.5226
34.433
34.1943
33.8271
35.0551
35.0751
35.2359
35.4672
34.9085
35.4422
35.6053
