36.7221
37.0249
36.4564
37.3911
37.4359
37.5629
37.8105
37.8873
37.4161
37.1658
37.1655
37.4943
37.7922
38.042
38.3906
38.5022
37.3338
37.4013
37.5527
37.6362
38.1722
38.2843
38.444
38.5955
36.4361
37.7462
37.5637
37.676
37.8958
38.1878
37.4466
36.9445
37.737
37.1167
37.4077
37.5646
37.7533
38.1071
37.2046
37.9225
37.1309
37.4618
37.6851
37.9285
38.2138
37.6395
37.0038
37.1791
37.678
38.0623
38.2088
38.4036
37.6591
38.209
37.2087
37.4277
37.9142
38.1342
38.3476
38.4408
36.3485
37.7099
37.5439
37.9468
38.1691
38.2349
38.391
36.3351
37.2429
37.4463
37.7269
38.1355
35.9428
37.1707
37.5373
37.5508
37.7551
37.8907
36.3809
36.0801
36.167
37.0079
36.8545
37.0941
37.4873
36.8497
36.1714
36.6536
36.6565
37.376
37.2171
36.6297
37.5974
37.0146
37.5198
37.7286
36.181
36.9853
37.236
37.5142
37.0789
37.4336
37.2655
37.5179
37.675
37.7868
38.0905
36.1969
36.4932
36.8886
37.0754
37.4085
37.6324
38.1307
38.152
37.7391
37.9712
38.2127
38.3957
38.681
38.8744
38.9482
39.0733
36.8846
36.7328
37.2978
37.5761
37.7858
37.9713
38.1913
38.3726
38.5672
38.3947
38.6879
37.7259
37.5625
37.4278
37.7736
38.0351
38.1497
38.2339
37.4268
36.9182
37.0482
36.3741
