36.7147
36.9699
37.3875
36.9768
37.2919
37.472
37.5654
37.6005
38.1522
38.2844
38.4359
38.6406
37.7774
37.5069
38.3652
38.3437
37.6585
37.5653
37.8457
38.0844
38.159
38.3429
37.0791
37.9221
37.9959
38.0905
38.2075
38.5248
37.208
37.4443
37.1229
37.2684
37.676
36.8741
36.9027
37.3401
37.7294
37.9897
38.1068
38.1534
37.8309
38.0443
38.1969
36.9423
37.5817
37.7423
37.6104
37.1355
36.8305
37.5191
37.9216
37.9801
38.3027
38.3283
38.4077
38.4953
38.5416
37.0538
36.3838
37.3806
37.1523
36.8583
37.3972
37.7133
37.9589
38.2919
38.5341
38.2231
38.2447
38.2116
38.0205
38.1351
38.4184
38.6654
38.7208
36.4012
36.9757
36.8781
37.4001
37.4655
37.665
36.8377
36.8861
37.2871
37.2571
36.716
36.6709
37.2515
36.1794
36.657
36.7722
36.9786
36.4436
36.0075
37.0429
37.0025
36.8635
37.2284
37.4333
38.0506
37.2155
37.7137
37.7328
37.6132
38.0485
38.6205
38.0375
37.613
38.046
38.2301
38.3022
37.8262
38.3267
38.4144
38.6579
38.7956
38.9083
39.0793
39.0883
37.2789
37.1015
37.4432
37.7863
37.0184
37.8624
38.0535
38.2124
38.3448
38.5139
38.0276
37.3797
36.6974
36.9841
37.4079
37.122
38.0135
37.644
38.0291
38.1739
38.2627
37.1289
37.3346
36.9674
37.2275
37.2866
