26.8136
25.8187
24.3517
26.058
28.3126
28.9711
25.4206
24.9753
23.6213
24.4688
27.3644
24.2201
25.0869
26.2305
22.2945
25.9759
26.4883
27.8091
28.1517
21.7232
26.6895
29.0607
26.8619
27.0872
25.6859
25.3042
23.1874
24.8028
28.2671
26.348
26.7405
25.2641
24.9476
26.0086
27.9453
26.2225
26.3585
28.3046
26.1691
24.9869
25.794
27.2389
27.775
22.0099
25.5116
25.2215
27.1816
25.8935
26.011
27.8329
22.249
24.8344
27.0691
27.1335
27.0925
25.8665
24.825
23.1098
25.4236
27.215
27.2963
22.4539
23.3843
23.8623
25.2113
27.2523
28.3018
21.3969
