21.6338
25.3062
26.8675
25.0252
28.346
29.2845
23.2
25.0851
26.9593
29.5046
28.9594
25.9872
24.3681
25.7516
25.0434
25.5806
26.3767
28.1072
30.0326
22.3289
22.6241
24.1206
26.1729
25.5305
27.9512
30.1263
22.4657
25.346
28.33
25.9972
25.5968
27.2226
25.5236
20.6862
23.5583
24.121
26.5307
28.4313
26.0822
26.3545
28.5854
24.2863
25.0835
27.2648
26.1487
27.2005
28.9603
25.7057
24.7988
26.6216
29.346
24.7787
26.4217
26.1491
23.8908
24.1236
25.4923
27.9845
29.443
26.8238
24.8466
24.6684
26.5072
27.406
26.9123
24.0269
24.3051
25.977
24.4457
23.6864
