23.6694
25.9658
25.4224
24.9284
24.5322
24.7287
26.1752
28.1873
25.3202
26.1642
25.5026
27.1963
28.7358
25.0966
27.0643
28.7715
23.1713
25.1379
25.4616
26.3133
27.3824
22.4486
25.3406
21.1491
25.3339
22.3938
25.2126
27.2854
28.7975
23.4059
20.1212
20.7787
25.8631
26.5479
27.5738
29.4056
22.2016
23.6994
23.1424
25.3534
26.0363
26.7652
29.264
30.399
23.1218
23.7397
26.0476
26.7275
27.4958
28.2332
25.9621
24.0364
25.9775
28.3325
28.7278
26.5204
24.2443
24.9922
26.731
28.0678
23.7523
28.1779
29.3301
22.166
23.0655
26.3348
28.5894
29.1275
26.5402
20.0315
21.4604
22.8204
24.7596
