25.298
24.8938
27.6164
27.6345
25.9023
26.2096
27.836
29.6551
23.5825
23.2077
24.3732
22.9377
20.8719
25.1416
27.7435
29.0603
24.522
27.4379
22.9479
24.1894
25.3796
22.8934
24.9246
25.4838
26.7335
23.8936
26.232
25.8138
26.4433
27.1371
29.2644
24.8093
19.5179
22.3574
25.4994
25.8672
27.5992
27.2215
25.5405
27.0143
24.4318
25.642
27.6516
27.7658
26.1017
25.2959
23.2808
24.7823
26.7943
27.4213
28.8203
22.0325
22.4637
24.0713
27.2858
27.8888
26.3918
27.8713
22.4965
22.1294
24.8668
26.5139
25.537
25.5181
22.0008
22.4763
23.8952
27.407
28.4609
