22.6822
24.8487
18.3909
23.1338
26.2414
27.028
27.8206
29.8327
22.7259
24.3532
26.1097
27.2037
27.3896
27.6189
25.238
21.5368
23.3422
25.5559
27.3788
26.375
25.9163
23.6777
24.298
26.6406
28.635
25.4819
25.9954
26.3521
24.1519
26.1748
26.1312
26.8182
27.9857
20.1918
21.77
24.6917
27.0488
27.4261
28.1842
29.2029
24.2588
25.1196
27.9084
26.4095
24.6776
27.7906
22.8038
23.93
24.634
24.498
25.1591
27.2444
27.1525
29.4227
23.9686
25.5544
25.7175
26.5933
27.1583
22.4049
19.5471
23.3089
23.5615
24.3807
25.369
26.3745
27.2357
19.3284
