21.4029
24.8907
25.9025
24.9062
26.2271
28.1104
21.3859
25.3015
25.9412
26.2115
27.6771
27.713
25.4322
27.8375
23.8319
25.2514
25.7393
27.1185
28.4634
24.6194
20.423
23.309
25.845
25.4363
27.077
25.2916
24.3792
24.2492
27.1177
25.8335
24.851
24.7589
26.657
26.1843
20.7696
26.2371
28.4622
25.7201
26.6532
25.6773
24.7807
25.8432
27.9168
26.9884
25.0577
24.5938
25.9714
24.8658
26.0648
27.7263
26.925
25.4838
25.1977
25.883
28.8453
27.2756
27.6439
26.1903
26.8621
27.8173
24.5641
24.9633
27.0997
26.1312
25.7186
29.2447
25.4403
26.0189
27.6869
22.2116
