30.3073
20.9878
25.3107
26.9551
20.9605
24.7712
26.9963
28.6048
25.3153
25.184
23.6145
23.8777
25.9594
27.4199
24.2633
24.5122
27.4752
29.0206
24.9289
25.9073
27.0199
24.8687
27.052
26.6003
25.4992
26.7923
29.2373
30.1099
23.8161
24.1178
23.0542
24.09
25.1666
27.6346
29.0079
21.1276
26.3617
27.7278
23.6643
24.8833
27.2471
26.5608
25.5492
25.5941
25.1088
24.2409
25.9533
28.7286
26.4492
27.1734
29.3388
25.2392
22.1489
23.3149
25.8302
26.8029
28.1795
26.6879
25.4943
27.2284
25.5127
25.5686
27.323
27.703
26.1114
21.8454
24.3939
26.5721
27.1852
