29.0112
22.6258
23.6857
26.662
27.6922
27.975
23.3052
21.488
25.3049
27.0514
26.9236
28.3447
29.5849
20.3984
21.1125
25.6008
25.8857
25.981
27.0719
28.9211
24.1328
25.9424
26.6008
27.1888
27.5343
28.5914
22.6984
22.9426
24.8981
27.1187
27.5828
24.5764
24.9544
26.8975
24.2139
24.6125
25.527
25.0508
25.3411
23.7373
26.6812
27.0025
28.4155
27.7541
24.7725
24.4837
26.3323
28.0254
25.6174
25.8253
25.1735
26.1643
27.7217
24.4846
22.4245
22.5096
26.3193
28.8596
28.6653
29.9206
22.9502
23.145
26.5873
24.6601
28.0615
28.7019
24.5373
24.7971
25.2528
