49.5994
48.1577
48.0759
48.0745
48.6053
48.9451
49.3356
50.3516
50.7831
51.3475
51.5835
49.7542
50.0686
49.1664
48.3945
48.4277
48.6555
48.7777
49.6201
49.7784
50.2437
50.4347
50.7042
49.5908
50.0849
49.1167
50.0629
50.3028
50.7799
51.0233
47.7991
47.7368
48.3136
48.6021
48.6889
49.2395
49.1067
47.6141
47.6817
48.647
49.4433
49.7022
50.3055
50.6457
49.4331
47.4802
48.7404
49.0696
49.509
49.7947
50.2522
50.1877
47.9771
48.1016
48.8924
49.3298
49.6066
49.968
50.3998
48.3066
49.2258
49.3029
50.2155
50.593
51.1813
51.5683
51.5646
48.1566
48.4033
49.0272
49.4607
50.0961
50.8504
49.4044
49.6603
49.5883
50.331
50.6507
50.3101
50.5772
49.7687
47.8594
48.4005
49.1858
49.4585
49.9891
49.4463
50.2991
49.6993
49.7646
50.4196
50.6431
50.9554
51.195
51.5006
51.6329
47.6707
47.3301
48.7326
49.319
49.8579
50.3244
50.7536
51.0716
47.9665
49.942
50.8029
51.1299
49.3226
49.1025
48.8471
49.4719
50.2382
50.7521
51.2138
51.4412
49.198
50.0444
50.4506
50.7302
51.1372
48.1153
48.5388
48.1714
49.1818
49.4173
50.1578
50.7432
51.2129
48.0969
49.9621
49.9813
50.6179
51.1103
51.186
51.5764
52.0605
48.14
48.3588
48.7604
48.8428
49.4053
48.8524
48.4095
48.2867
48.9775
