41.2128
41.0229
41.3086
41.9389
41.685
40.823
41.3399
41.0607
41.3624
41.1967
41.1288
41.6436
41.7554
41.3336
41.7726
41.0484
41.7471
41.9278
41.3108
41.8261
42.2149
42.4692
42.2299
42.0495
42.5877
42.5825
42.2505
42.4174
42.9628
42.6915
42.4909
43.0674
43.0659
43.6095
43.7108
43.4293
43.2334
43.346
43.9091
43.5117
43.6706
43.4051
43.9202
43.5973
44.0273
42.6767
42.782
42.5723
42.6965
43.2052
42.1687
43.0063
43.2347
42.8463
43.1524
42.7261
43.0816
43.5307
43.3658
43.1885
43.8018
43.3423
43.2966
43.1727
43.2389
43.9773
44.3796
44.2272
44.4457
42.8048
43.5227
43.655
44.2275
43.9891
44.0752
43.0473
42.7809
42.677
43.1052
43.2254
43.6359
43.8406
44.1247
44.4692
44.2693
44.1407
43.5269
44.1735
42.2975
42.5753
43.0906
43.3098
43.7329
44.4046
44.7132
44.2524
44.792
44.6187
44.9168
45.3223
43.6894
42.7752
43.023
43.1069
43.4267
43.8287
43.8823
44.4183
44.644
45.1129
44.8865
42.4346
43.001
43.3856
43.0399
43.6433
44.1155
44.6998
44.7165
45.1878
45.2446
45.6895
45.9325
46.3271
46.6381
47.0156
44.4168
43.9713
42.9603
43.4288
