61.4644
61.7701
59.0129
58.4082
58.0069
57.4518
58.0262
58.6678
59.5084
59.794
59.7607
59.1312
60.4043
60.7492
61.078
60.1243
58.4883
58.1763
57.7449
58.1956
58.6258
58.9932
59.3649
57.8933
59.1813
59.7775
59.9407
60.7752
61.2435
61.4748
58.7467
57.7691
57.8673
58.6056
59.0996
59.266
59.3615
59.8694
60.0629
60.3942
60.4371
59.8867
59.8157
60.212
60.8124
61.1024
61.3834
61.5022
58.0306
58.0701
57.9452
58.5038
59.8476
58.7267
60.0022
60.2203
60.079
59.9635
60.5067
60.9789
61.1462
59.5629
59.379
57.8728
57.7942
58.078
59.0752
59.2023
59.1299
59.8094
59.9301
60.2718
61.1878
60.0749
61.0947
60.3265
57.1876
57.6013
57.8128
58.3441
57.9625
59.0606
59.4566
59.6498
60.443
60.883
61.0437
60.9431
60.8405
58.9135
58.8886
58.3046
58.1188
58.6776
59.0985
59.3634
60.0246
59.2657
59.3658
60.3072
60.3913
60.6222
61.2013
61.6659
61.9219
57.8832
56.5046
58.3442
58.7895
59.168
59.6045
60.1064
58.0038
58.3404
59.0682
59.8784
60.1533
60.6869
61.2543
61.3528
61.665
58.9129
59.3544
59.0699
58.4709
59.8374
60.4849
60.9975
61.2295
61.4185
61.4365
58.6318
59.2585
59.7582
60.5969
60.8611
61.1821
58.7753
59.0602
59.4326
60.105
60.5329
61.0326
60.0423
59.6852
59.0187
58.9453
58.9862
57.8749
59.0007
58.8247
59.4864
59.6103
60.1553
60.6198
