62.8156
63.3037
63.881
64.2786
62.9542
62.8611
62.3982
63.0474
63.3784
61.3013
61.5996
61.4729
61.7098
61.878
62.076
60.9786
62.2098
62.1565
61.8752
61.403
62.8669
62.8731
63.0675
63.0315
62.6555
63.2154
63.6637
64.1614
64.5907
62.1803
62.8096
62.5895
62.7502
62.0475
61.2015
61.8502
62.1937
60.7407
62.5081
63.2007
63.8816
64.3083
63.0188
63.3073
62.4015
63.0202
62.834
63.3837
63.7007
61.8122
61.3964
61.7621
62.0128
62.2651
62.453
62.5366
62.8551
63.2322
62.4315
61.8626
61.3232
61.9262
62.4088
62.4039
62.7622
61.4777
62.3849
62.3482
62.6594
62.5017
62.9225
63.4924
63.8955
64.1998
64.5746
62.5689
62.831
62.2461
62.586
62.428
63.0109
63.4149
62.895
63.0959
63.3782
63.8165
64.4225
62.6076
60.7436
62.2188
61.7178
62.4146
62.6155
62.1554
61.6348
61.8195
61.9302
62.2187
62.9958
63.3155
63.6037
63.8825
64.2616
61.9113
62.0884
61.7687
62.369
61.1691
62.1896
63.1198
63.5012
64.1149
64.4678
63.6505
64.1541
64.5397
64.7484
65.0136
61.3993
61.9844
62.5602
63.011
63.0881
62.9468
62.9371
63.0445
63.4419
63.4951
64.5049
64.7383
65.2339
61.0559
62.0029
62.0892
60.8997
62.3774
60.6944
62.36
62.7508
63.1875
63.1507
