46.4856
46.8661
47.322
47.589
47.7938
48.2497
45.278
45.6702
46.2054
46.5346
46.8836
46.5266
46.6597
45.5614
45.889
45.6766
45.9654
46.3694
47.3645
47.7371
48.3866
48.6643
48.8236
46.1823
45.8064
46.848
46.4349
45.6177
45.5665
45.7326
45.5906
45.9831
46.1829
46.3439
47.5645
47.9366
46.8162
46.2702
47.0917
46.8217
46.96
47.217
47.5296
47.619
47.7931
47.8916
45.2956
45.6872
45.3487
46.1768
46.9597
47.5303
47.9352
47.1351
47.6696
48.2669
48.4912
48.8721
49.1541
49.4625
46.8037
45.8874
46.0993
46.4437
47.0155
47.6823
47.061
46.9405
47.3461
47.2862
48.0268
47.5583
48.1568
48.4885
46.4797
44.5693
46.4922
45.5107
46.8158
47.5066
48.4127
48.7177
48.6367
49.1821
47.3885
47.8625
47.9957
46.8454
46.1364
45.8058
45.7576
46.3291
46.9682
47.4191
47.9879
47.8133
48.0919
48.4542
48.9251
49.1312
45.3401
45.6482
44.9229
46.328
47.0841
47.6857
48.2631
48.1424
48.3143
48.4766
48.0761
47.1351
45.8562
46.4395
47.0649
47.5415
48.0398
47.16
45.9775
47.7125
48.0564
48.3819
48.7737
49.1324
49.4065
49.4426
46.781
46.4037
46.9055
46.5505
47.0585
47.6502
46.8017
47.2234
47.5113
47.9042
48.3107
48.8459
48.8307
47.6157
46.6201
46.7612
47.0459
47.532
48.0648
48.3259
48.6018
46.0453
47.0726
47.3908
