67.1369
67.4552
68.0557
67.215
66.6856
65.4433
65.4311
65.574
65.8942
66.4347
65.3526
65.9454
65.0268
66.1009
66.6783
67.8734
67.04
67.4896
67.7766
68.072
65.4822
64.4483
64.2841
64.4683
64.5875
65.0799
65.0108
64.0181
64.3213
65.0446
65.6723
66.0972
66.6599
67.3864
67.698
67.2158
66.6032
67.554
66.2819
66.95
66.2412
67.0652
67.6113
67.833
65.3909
65.6881
66.3803
67.0408
67.5952
68.021
68.2997
66.8381
66.2567
66.6003
66.6579
65.9673
66.2561
66.4944
65.8276
66.2146
66.6888
67.168
67.7376
68.0688
66.0075
65.2396
65.3962
65.4196
66.2598
66.6942
67.3367
65.1882
65.734
66.9431
67.1622
67.9277
68.4417
68.671
68.9018
69.0321
64.0702
66.0437
66.1072
66.5619
66.0087
66.504
66.4314
66.7221
67.1175
67.6832
68.1775
67.9714
66.4915
65.6212
67.1381
66.1555
66.2261
66.2415
67.0148
67.3128
67.435
66.9518
66.4403
65.8038
67.6076
67.5706
67.8156
68.1122
68.2313
68.2861
68.2928
64.8345
64.5856
64.9942
64.8329
65.33
65.1295
65.7818
66.2811
66.812
67.0426
67.7161
68.2845
68.6639
65.8469
66.3739
66.8125
67.1102
67.3214
67.7053
64.1171
64.2277
64.4206
66.3124
66.7447
67.47
68.067
68.4521
68.4793
68.5129
65.8597
66.7507
67.1593
66.8678
66.8021
67.0468
67.6282
68.0009
68.0849
66.0521
65.6725
65.1454
66.7775
