60.5308
60.4719
60.2573
61.2822
60.852
60.9811
61.1343
61.9157
62.3032
62.7247
63.1036
63.7629
62.0098
61.8011
61.5722
62.007
62.406
62.675
62.9722
63.2775
63.576
63.6634
64.1518
61.3422
62.0492
61.3113
61.6008
61.2092
61.8562
62.5287
63.0551
63.2669
63.8164
64.0199
64.4064
63.7692
63.1532
63.551
63.8376
64.3048
64.5797
61.1087
61.3539
61.1332
61.5998
62.0131
62.6802
62.4445
61.1237
61.6176
62.5837
63.2143
63.6147
63.8766
60.5321
59.7074
61.1876
61.5239
62.0176
62.5437
62.4701
61.699
62.2947
62.663
62.3673
62.9572
63.497
63.9324
64.0879
62.137
62.3255
62.4927
60.5871
61.508
61.2355
61.8613
62.1691
61.698
62.3924
62.0876
62.725
61.7575
61.6672
62.1423
62.5652
62.9784
63.2414
61.9913
61.4736
61.8729
62.3139
62.4861
63.0895
63.6333
60.9885
62.9733
62.069
62.5984
62.948
63.2997
63.567
64.1962
61.3741
62.1827
62.051
62.7526
62.9938
62.5506
63.2031
63.2088
63.643
63.8653
64.4882
63.1532
61.8502
61.1049
61.7322
62.0449
62.3183
62.2978
62.3897
63.0353
63.4856
63.9838
64.4495
63.4618
62.4537
61.8387
62.5407
62.8348
63.4184
60.8519
61.032
61.3638
61.8916
62.7318
