49.5179
50.2872
50.7948
51.1075
51.4076
51.6804
49.7897
49.6881
49.1431
49.1217
48.7394
48.7302
49.0986
49.3043
49.8591
50.6683
51.281
51.1973
50.1656
50.1936
49.7102
50.1543
50.0372
49.7939
50.1409
50.5715
49.9471
50.253
50.7115
51.2814
51.4885
51.9357
47.9772
49.8485
49.5937
49.8183
50.3284
50.742
51.0871
51.4928
51.5521
48.7574
48.9937
50.1127
50.7754
51.3723
51.8612
52.3489
52.6727
49.3684
50.6374
50.8476
51.3761
51.6207
52.262
48.892
49.717
50.0598
49.7308
51.314
51.8964
52.3234
52.4659
52.6699
52.8894
50.0408
50.7209
48.494
48.3304
48.4305
48.2543
48.818
49.3964
49.5259
49.5123
50.6501
51.1087
51.5425
51.8705
52.2463
50.4569
49.0148
48.4366
49.5645
49.6096
50.1809
50.3462
51.0154
51.376
50.8473
51.4977
51.5733
51.8144
52.0168
52.2976
52.6286
49.856
50.2358
49.5406
48.9618
49.3246
49.5647
50.035
50.9611
51.3195
51.5867
51.8088
50.6605
51.5434
51.8134
52.3109
49.5078
49.81
49.6042
49.2508
49.4598
50.2115
50.7971
51.1281
51.4965
51.6937
51.1239
50.6239
50.7118
49.9584
48.3911
49.7083
49.4464
49.2789
49.9176
50.3861
50.8796
51.3038
51.9871
52.3978
51.2997
50.929
49.9413
49.8695
48.7804
