48.6286
49.2314
49.1139
49.553
49.0024
49.7377
48.7167
49.5451
50.4479
50.6527
51.2671
51.6691
52.1512
52.3735
47.2517
48.6227
48.7833
49.073
49.3913
50.0402
47.0245
47.7297
48.0796
48.2434
49.2165
50.0773
50.0723
49.6274
48.26
49.3276
50.0035
50.3078
48.9769
49.4151
50.0759
49.954
49.5811
50.1465
50.7467
50.9031
51.1736
51.7056
50.6365
49.2431
49.463
49.3035
49.834
50.1417
50.5822
51.0971
51.3779
51.5309
49.6797
49.7759
50.265
48.0848
49.1444
49.6679
49.1689
49.6876
49.8856
50.0885
50.5472
50.8448
50.7243
50.7984
49.8046
50.8525
50.1651
50.9213
51.2127
49.4457
48.8941
49.3125
50.1718
49.4166
49.9827
50.3318
50.047
49.9819
50.5
51.0423
49.808
50.4644
49.4596
49.7994
50.2717
50.7106
51.0766
49.8972
49.9256
49.3953
49.6849
50.2104
50.9121
51.4385
49.7309
47.8967
49.2181
49.886
49.3406
49.7682
50.4679
50.4087
50.0306
50.0717
50.302
50.1868
50.5823
50.8486
51.191
51.6943
49.0134
47.7005
49.3003
49.8728
49.9183
50.4669
51.0697
49.086
50.0795
50.3153
50.442
51.4796
51.0061
49.8936
49.7285
49.6124
49.7384
49.8349
50.2522
50.7533
50.9546
51.2186
49.1327
48.2388
49.9682
49.693
49.9456
50.3871
50.9399
51.1666
51.5275
50.1061
49.1976
49.8232
50.3565
49.6764
48.6175
