53.1761
53.6632
53.8645
53.2123
53.2537
53.5464
54.1036
54.2453
54.5775
54.7513
50.8482
50.9073
51.0678
51.02
51.5484
51.8913
51.6284
51.9535
52.318
52.4271
51.8046
53.0076
53.3959
53.7125
54.0351
54.3249
51.0553
51.6386
52.1066
52.6019
52.8109
53.1766
53.4412
51.1736
50.7458
50.9388
52.062
52.8919
53.2507
53.8409
54.3253
49.9858
51.1965
52.3943
52.7469
53.0352
52.313
51.5537
51.8731
52.1289
53.1216
52.2696
52.5892
52.3679
51.726
52.274
52.7133
52.597
52.3712
52.9372
53.2084
53.7628
54.0904
54.4493
54.7384
50.5448
52.1282
51.6076
52.315
52.42
51.5566
52.4895
53.1168
51.8471
53.3519
54.0045
53.6438
53.1948
51.9121
52.3024
52.6442
53.1112
53.1724
49.8546
51.21
51.8594
51.7585
52.3183
52.6386
53.1416
53.4658
54.0403
54.2496
54.6622
52.4151
52.3341
52.3568
51.435
51.3013
51.5714
51.7999
51.9962
52.5235
52.9896
53.105
53.1518
53.0307
51.0053
52.705
52.9096
53.5753
53.8912
54.4626
51.4877
52.1951
52.5814
53.1986
53.4908
54.0181
51.5213
52.158
51.9601
52.6406
53.1406
53.6419
53.886
52.4757
51.9889
51.6274
53.0102
53.0709
53.2656
53.6904
53.9553
54.1556
54.508
54.731
51.7348
52.3202
52.1166
52.5838
52.1478
51.4867
51.2443
