83.681
81.5149
82.0771
83.6414
82.5436
80.8907
83.0946
84.0815
85.2992
85.6724
83.4975
82.616
82.6764
80.7779
81.9314
83.2819
84.1153
84.3807
85.0329
84.3231
81.7913
81.9202
82.1626
82.72
82.2189
83.4904
83.9037
84.4917
84.0507
83.6429
82.9958
81.7571
82.2995
82.8882
83.8239
84.2705
83.5466
84.7062
84.4817
84.0423
84.5582
85.4783
85.6189
82.5162
83.0567
83.7627
83.3246
83.5037
84.5015
84.8773
85.092
86.279
83.7996
81.6243
81.5161
82.6084
82.3167
82.8719
83.6692
84.0061
84.6882
85.4362
86.0301
86.6004
81.9002
82.112
81.5106
81.3485
82.4642
83.3602
84.4396
85.2003
84.4706
85.1426
85.9241
86.6935
80.714
81.4912
82.0016
82.6079
83.077
83.5606
84.1691
84.6561
84.6032
84.7371
85.1797
85.533
84.0778
81.6903
81.8383
82.1229
82.8254
83.6864
84.3532
85.0202
82.07
82.8769
81.6237
79.3223
79.7412
81.6769
82.3906
83.481
84.4431
85.1097
83.9878
83.3932
83.1072
82.6857
82.7418
