76.2297
76.741
77.4752
77.9713
71.7085
73.1911
73.651
74.368
75.8413
76.4823
75.4861
75.6962
75.8437
76.5392
75.3272
73.8389
74.1918
71.3868
73.1608
74.4091
74.7685
74.6766
75.5956
76.1103
76.9883
77.4781
72.9283
72.0082
73.0883
72.9863
72.0344
73.4726
74.6927
75.6472
76.4704
74.716
74.4997
73.2091
74.5387
75.1447
76.0714
75.0549
75.223
74.9516
75.0358
76.3055
77.0424
77.5526
73.4399
73.3923
74.3046
74.7075
74.1482
74.2578
75.4273
75.3693
76.0695
77.5178
74.7595
73.855
73.4836
74.6822
75.2954
76.2481
74.6519
74.4122
75.2338
77.1496
77.8971
73.7458
73.8476
72.9321
74.547
75.5553
76.3123
76.6667
73.481
74.1036
73.9489
74.9499
74.4854
72.0749
73.929
74.1979
74.1418
74.9707
75.7627
76.0349
76.9933
76.2759
76.0879
75.7014
73.7097
72.8496
73.1291
74.3816
75.42
76.4815
76.117
75.9995
75.3938
75.7715
75.4972
73.85
74.2821
74.7088
