80.9546
81.9206
82.8037
79.5018
78.0197
78.6176
79.5396
80.2286
80.7791
78.519
79.6203
79.3697
79.805
79.7966
80.6805
81.5317
82.3799
78.5497
79.5664
79.8059
78.9931
79.0242
79.8703
80.7201
81.6479
82.5233
81.1098
79.4882
79.0462
79.6382
79.6876
80.3373
81.2644
81.9286
78.6782
79.8698
79.846
81.1457
82.1992
79.0204
79.3502
79.6668
80.4297
81.142
82.1424
79.3611
79.6461
79.448
80.2563
81.0863
82.0748
78.5708
78.3033
79.7593
80.2967
80.0258
79.2559
78.932
79.8767
80.8337
81.8957
81.043
79.9435
80.3225
81.3324
82.1377
82.8137
83.4677
78.1057
79.5848
80.4542
80.2294
80.3054
80.8405
81.3029
81.897
82.6159
83.0934
83.4528
78.4522
78.3776
78.7363
79.1672
80.248
80.6282
81.3055
81.2114
82.3922
83.7587
84.1525
78.0071
79.1621
80.1924
81.322
81.2533
80.5914
81.3983
81.8313
82.6383
83.3357
83.5542
78.3484
79.0805
80.1333
80.9295
80.1298
80.3607
79.9056
80.5432
81.2316
80.4846
77.572
78.3309
79.061
79.9265
80.4197
