80.0357
80.2053
81.1653
82.2383
83.3941
84.1537
81.3503
82.2198
82.5237
81.6045
81.2256
81.8291
82.5097
83.62
83.0719
81.5238
81.3368
82.3938
81.1826
82.5424
83.2398
83.1653
83.7295
81.7326
80.1282
82.5816
82.2575
83.1634
84.1498
80.2273
81.9891
81.4034
82.9736
83.7104
84.4159
84.9605
85.1538
79.6805
79.4951
80.3169
78.0019
81.4903
82.5746
83.2277
83.9502
84.2462
80.3404
80.003
80.8765
81.8144
82.1871
82.0467
82.2135
79.8803
83.1016
83.9165
84.8069
85.4833
85.4179
79.0203
79.6382
81.1905
80.7157
79.4908
82.6282
83.7075
84.1721
84.3063
84.336
82.7173
81.773
79.4543
80.5591
81.9878
82.855
83.895
83.315
83.3553
84.1238
84.9473
85.6005
85.8986
77.1029
79.3863
81.0356
81.5555
82.7434
83.9157
83.3336
82.6933
83.0598
84.0055
81.8301
79.7762
79.5466
80.8686
81.2198
82.4912
83.1409
84.0985
85.0528
82.7587
82.1251
80.029
79.8345
80.2275
80.4832
80.7148
81.6091
82.5247
83.6957
84.7223
85.0517
85.543
79.418
79.6154
78.0714
79.3947
