66.9218
66.3405
66.1148
67.1785
67.5432
67.2688
67.7907
68.093
68.9605
68.5917
67.5595
68.4165
69.4436
67.249
67.0905
67.1282
66.4494
67.3109
68.1182
69.3555
69.9934
67.3346
67.8168
67.3476
66.18
66.835
68.3635
69.027
69.5283
69.9617
69.1459
67.8307
67.3238
67.3146
68.1012
68.9683
69.9038
67.8644
68.4372
68.0645
67.9786
66.6056
67.5325
68.8056
69.6587
66.8419
67.7651
68.5511
68.3282
68.2846
66.9648
66.2099
66.0791
66.2862
65.1611
66.3867
65.9878
67.0763
67.767
67.2342
67.2772
67.8863
67.9892
68.9426
69.3095
69.8585
67.29
67.7357
68.8383
69.9922
70.8385
68.2851
68.0654
68.3044
69.215
68.711
66.898
67.6067
68.3468
69.6115
70.9166
67.9911
67.7016
68.2051
68.192
67.8042
68.5711
69.3452
70.2511
69.1306
67.3349
66.8851
66.5111
67.7963
67.7592
67.7657
67.3597
67.1974
67.6786
66.6172
66.7977
66.7705
67.8743
69.098
69.8703
70.2021
70.8171
67.4489
68.1683
67.4503
66.5185
66.9953
