95.7076
93.7171
95.3426
94.2651
95.5283
95.8946
95.5454
96.5645
97.3945
97.7908
98.0115
93.9982
94.3461
94.0115
95.0689
95.3811
95.9219
96.5303
97.228
95.7841
94.5067
93.1912
92.8078
92.644
93.291
94.1881
94.5587
95.2949
95.2797
96.4501
96.5991
97.4759
97.902
98.2604
98.2552
91.6775
92.8495
94.1848
95.0562
96.5741
94.4391
94.8049
94.9988
95.8841
96.3058
97.286
97.5802
91.7675
91.8143
92.1585
92.3301
92.8964
93.7732
95.0786
95.387
95.7724
96.2347
96.625
97.3896
97.7028
94.8121
91.9302
92.066
92.669
93.9187
95.0133
95.9324
94.8308
95.4685
96.1151
96.7296
95.6299
93.0714
90.1406
92.8764
93.1163
94.2478
95.9711
96.5189
95.5909
96.154
94.6103
94.908
93.3928
93.5299
93.7791
94.1225
94.8276
95.9501
97.0166
94.8958
93.9976
94.5344
93.9159
95.0884
93.1589
93.963
94.5361
94.935
95.4651
95.7074
96.161
96.8709
93.1498
93.0863
93.5194
93.9604
94.3379
94.9324
91.3911
92.5427
91.9698
94.7887
95.7456
96.7694
93.9673
94.1788
93.6305
94.7727
