68.2514
67.3353
68.375
69.2723
70.1634
71.0097
69.7913
70.0199
70.1177
70.0046
70.6287
69.1737
68.1039
69.6052
70.4575
70.8684
71.0122
70.1211
69.8899
70.1061
69.4919
70.121
71.1391
71.8455
72.3183
68.1101
68.8595
69.9015
70.9838
67.2944
68.379
69.0953
69.7145
70.5275
71.5084
72.0863
72.3713
68.8542
69.4014
70.281
70.2859
71.2628
72.3395
72.7338
72.5346
68.9268
68.1643
67.1859
66.9814
68.0456
68.9269
69.7489
70.4184
71.2075
71.4487
72.4299
67.3237
69.3028
67.807
69.1461
69.4378
69.4332
69.7912
70.3052
70.9923
71.5591
68.4369
68.73
69.7256
70.3263
71.3813
69.3971
69.2897
69.7929
69.2476
69.2803
69.7366
70.4164
71.4633
72.177
67.2351
69.7722
69.2123
70.2856
71.2838
72.0871
68.9629
69.7379
70.6709
71.7473
68.5893
68.2861
68.9704
69.494
70.5526
69.9872
69.6817
69.2621
69.8739
70.333
71.0999
71.8544
66.1458
68.156
69.2069
70.4935
71.1445
72.156
66.5966
69.539
70.6864
69.9807
68.9781
68.7498
69.0035
70.1843
