70.4277
71.3658
67.7761
70.1784
68.9422
67.1016
69.8406
70.5426
71.9345
72.563
70.0948
70.631
71.7444
72.7109
69.9777
70.4857
69.3101
69.8282
70.8054
71.4071
69.4369
70.0894
70.9034
71.7466
72.5737
73.3395
69.6112
68.4371
68.8984
69.8579
70.5384
71.5342
69.4107
70.6714
71.4001
72.7289
73.4224
70.1304
68.9579
68.9958
69.5512
70.416
71.5022
69.6271
70.3028
70.9657
72.3578
73.1028
73.9666
69.1569
69.1667
70.2945
71.1916
71.9336
68.2866
69.0913
69.92
71.4213
72.6411
73.5377
67.8671
70.5998
71.0824
71.8165
72.4851
72.9013
67.7543
67.9024
69.2279
70.4252
71.1483
70.9924
68.7623
71.3183
70.9166
70.1658
68.5669
69.5023
70.4695
71.4509
71.9855
72.9533
73.2307
73.3023
71.6056
69.1971
69.2759
69.2201
69.6856
71.0875
71.5732
71.8691
72.7981
72.8035
71.9599
69.541
68.5929
68.2687
69.0396
70.1062
71.132
70.8584
70.6895
69.8235
71.5166
71.4566
72.2021
72.8365
73.4919
67.9707
69.1133
69.0948
68.4094
